2	-1	0
2	1	329
2	2	451
2	3	675
2	5	339
2	5	341
2	6	141
2	6	454
2	6	463
2	7	511
2	7	617
2	8	229
2	8	651
2	9	477
2	11	284
2	11	342
2	13	741
2	14	13
2	15	152
2	15	510
2	16	663
2	18	518
2	19	123
2	20	149
2	20	274
2	21	676
2	22	105
2	22	365
2	22	945
2	24	363
2	24	557
2	25	773
2	27	496
2	27	868
2	27	888
2	28	592
2	29	460
2	29	693
2	30	364
2	30	446
2	30	474
2	30	690
2	30	748
2	32	35
2	32	81
2	32	915
2	35	126
2	35	309
2	35	377
2	35	437
2	36	257
2	36	922
2	39	158
2	39	442
2	39	736
2	39	959
2	41	563
2	41	781
2	43	398
2	45	264
2	46	38
2	46	767
2	47	182
2	47	361
2	47	754
2	49	82
2	49	199
2	50	353
2	51	335
2	51	670
2	51	931
2	52	682
2	53	933
2	54	15
2	54	68
2	54	789
2	56	389
2	57	346
2	57	644
2	58	681
2	59	39
2	60	788
2	61	228
2	61	907
2	62	768
2	64	895
2	65	292
2	66	631
2	66	660
2	67	620
2	68	332
2	68	602
2	68	744
2	69	369
2	69	848
2	71	755
2	72	298
2	74	419
2	76	84
2	76	161
2	78	753
2	80	92
2	80	247
2	80	426
2	81	287
2	83	579
2	84	28
2	84	445
2	85	5
2	86	476
2	86	503
2	87	567
2	88	588
2	89	826
2	89	919
2	91	466
2	92	43
2	92	492
2	93	205
2	94	212
2	94	233
2	94	478
2	95	172
2	95	187
2	95	947
2	96	371
2	98	370
2	100	362
2	100	629
2	101	175
2	101	581
2	102	932
2	104	513
2	104	878
2	105	24
2	107	796
2	108	901
2	110	591
2	111	216
2	111	487
2	113	154
2	115	561
2	115	777
2	116	261
2	117	129
2	117	434
2	117	585
2	118	687
2	119	33
2	119	515
2	120	290
2	120	688
2	120	981
2	122	238
2	122	603
2	124	691
2	124	758
2	126	140
2	127	94
2	129	37
2	129	721
2	133	639
2	134	514
2	136	344
2	136	710
2	137	100
2	137	144
2	137	147
2	139	164
2	139	595
2	139	713
2	141	252
2	146	449
2	146	739
2	147	206
2	147	735
2	149	160
2	149	552
2	150	556
2	152	19
2	152	375
2	152	747
2	152	902
2	153	282
2	153	632
2	154	427
2	155	232
2	155	285
2	156	6
2	157	431
2	157	762
2	159	604
2	164	830
2	165	262
2	166	862
2	167	737
2	168	88
2	168	640
2	169	701
2	170	347
2	171	99
2	171	423
2	171	590
2	172	429
2	173	804
2	173	900
2	174	72
2	176	422
2	176	903
2	177	646
2	178	756
2	179	608
2	180	34
2	180	330
2	180	491
2	181	634
2	183	641
2	184	316
2	184	481
2	185	312
2	187	541
2	188	540
2	190	714
2	190	761
2	191	225
2	191	437
2	191	549
2	193	397
2	195	36
2	195	528
2	198	704
2	198	878
2	199	821
2	200	679
2	200	778
2	201	453
2	201	886
2	205	214
2	205	657
2	205	711
2	206	724
2	209	114
2	211	627
2	214	729
2	216	118
2	216	307
2	217	284
2	218	391
2	220	289
2	220	789
2	222	15
2	224	112
2	224	341
2	224	866
2	226	537
2	227	217
2	228	524
2	228	788
2	229	251
2	229	414
2	229	519
2	230	65
2	232	927
2	233	483
2	233	787
2	235	433
2	241	357
2	242	903
2	243	257
2	244	905
2	245	378
2	247	687
2	248	51
2	249	584
2	249	683
2	250	734
2	250	884
2	251	220
2	252	618
2	253	755
2	254	302
2	255	545
2	255	570
2	257	13
2	258	223
2	259	266
2	259	791
2	264	59
2	264	887
2	266	287
2	267	458
2	268	601
2	269	304
2	269	746
2	270	557
2	270	839
2	271	525
2	271	696
2	272	46
2	273	660
2	274	353
2	274	434
2	275	3
2	275	194
2	277	989
2	278	372
2	279	773
2	280	141
2	281	89
2	281	117
2	281	447
2	281	511
2	282	508
2	283	643
2	283	799
2	284	62
2	284	174
2	285	179
2	287	793
2	288	781
2	289	191
2	289	673
2	290	83
2	291	493
2	292	275
2	292	589
2	292	603
2	295	123
2	296	395
2	298	533
2	299	479
2	301	145
2	301	288
2	301	869
2	303	246
2	306	762
2	306	798
2	306	970
2	307	303
2	307	376
2	307	612
2	309	499
2	309	707
2	311	110
2	315	17
2	315	738
2	316	615
2	316	858
2	317	410
2	317	466
2	318	261
2	319	444
2	320	494
2	323	71
2	324	666
2	328	994
2	330	484
2	331	325
2	332	821
2	332	875
2	335	237
2	335	333
2	335	926
2	337	90
2	337	680
2	338	441
2	339	517
2	339	896
2	340	369
2	340	415
2	341	932
2	342	652
2	344	265
2	345	547
2	346	280
2	346	631
2	348	232
2	348	769
2	349	77
2	349	538
2	349	598
2	349	742
2	350	665
2	353	659
2	355	972
2	356	925
2	358	689
2	358	983
2	359	105
2	360	298
2	360	948
2	363	119
2	363	800
2	363	967
2	364	224
2	364	543
2	364	658
2	366	419
2	369	463
2	370	270
2	371	894
2	372	344
2	372	764
2	373	140
2	375	788
2	377	914
2	378	771
2	380	529
2	380	531
2	381	664
2	383	274
2	385	709
2	385	735
2	385	767
2	387	609
2	388	562
2	390	328
2	390	377
2	392	2
2	392	282
2	392	918
2	393	923
2	394	291
2	394	546
2	395	406
2	395	621
2	396	453
2	397	153
2	397	713
2	398	747
2	401	488
2	401	670
2	401	869
2	403	299
2	403	622
2	403	656
2	403	919
2	405	168
2	405	820
2	406	515
2	407	38
2	407	362
2	409	756
2	410	131
2	411	616
2	412	948
2	413	924
2	414	681
2	417	686
2	417	744
2	418	426
2	419	382
2	420	198
2	420	322
2	422	435
2	423	338
2	428	308
2	428	351
2	428	604
2	428	620
2	428	790
2	430	170
2	430	363
2	430	669
2	431	215
2	431	592
2	433	208
2	434	340
2	436	493
2	437	99
2	437	342
2	437	647
2	439	218
2	440	343
2	440	892
2	442	252
2	442	443
2	443	477
2	446	372
2	448	536
2	448	556
2	449	404
2	449	953
2	450	371
2	450	637
2	451	19
2	451	705
2	451	797
2	451	874
2	452	395
2	454	263
2	455	519
2	457	370
2	457	466
2	457	939
2	458	135
2	461	325
2	462	763
2	463	125
2	465	867
2	466	1
2	466	20
2	467	269
2	468	315
2	468	492
2	468	969
2	469	530
2	470	118
2	471	511
2	473	636
2	474	138
2	475	602
2	476	783
2	477	507
2	478	397
2	479	853
2	480	870
2	481	256
2	482	54
2	483	804
2	484	27
2	485	80
2	487	603
2	488	285
2	488	483
2	488	897
2	489	812
2	490	67
2	491	37
2	491	753
2	492	111
2	492	249
2	494	726
2	496	71
2	496	594
2	496	953
2	497	749
2	498	75
2	498	468
2	498	634
2	499	813
2	500	354
2	501	113
2	503	137
2	503	377
2	505	227
2	507	324
2	508	95
2	508	352
2	508	835
2	509	292
2	509	868
2	510	219
2	512	334
2	515	515
2	516	200
2	516	489
2	517	30
2	517	347
2	518	65
2	518	451
2	519	590
2	519	998
2	520	335
2	522	640
2	525	502
2	527	14
2	528	957
2	530	568
2	530	689
2	531	211
2	531	364
2	532	684
2	535	24
2	535	696
2	535	968
2	536	295
2	537	161
2	537	259
2	540	623
2	542	117
2	542	639
2	543	787
2	544	442
2	545	32
2	545	742
2	546	235
2	550	164
2	550	182
2	550	321
2	551	206
2	552	144
2	553	974
2	555	159
2	555	666
2	557	221
2	558	728
2	561	572
2	561	733
2	562	158
2	562	788
2	563	385
2	563	454
2	567	265
2	567	367
2	568	795
2	569	381
2	569	745
2	570	91
2	570	436
2	572	12
2	573	641
2	575	260
2	575	739
2	576	152
2	576	172
2	577	586
2	578	74
2	578	328
2	578	355
2	578	469
2	578	948
2	579	566
2	579	702
2	579	792
2	579	1000
2	582	305
2	582	475
2	582	628
2	582	693
2	582	869
2	583	333
2	584	575
2	586	60
2	586	317
2	586	424
2	587	177
2	587	410
2	587	767
2	588	319
2	589	73
2	589	226
2	589	457
2	589	610
2	589	688
2	590	222
2	591	402
2	591	680
2	592	116
2	594	438
2	595	497
2	596	93
2	597	772
2	598	327
2	599	762
2	600	140
2	601	605
2	601	781
2	603	193
2	603	612
2	605	268
2	605	860
2	606	245
2	607	332
2	607	555
2	608	802
2	609	141
2	609	624
2	610	302
2	611	643
2	611	911
2	613	52
2	613	946
2	615	196
2	615	212
2	616	685
2	617	7
2	617	289
2	618	92
2	618	287
2	618	312
2	618	421
2	619	194
2	619	300
2	619	349
2	619	546
2	620	419
2	621	853
2	622	213
2	622	656
2	623	429
2	623	766
2	624	122
2	625	315
2	626	202
2	626	650
2	627	187
2	627	495
2	627	842
2	630	439
2	630	480
2	630	535
2	630	892
2	631	430
2	633	101
2	633	530
2	634	61
2	634	679
2	636	992
2	638	115
2	638	175
2	638	710
2	640	106
2	641	170
2	642	80
2	642	433
2	642	522
2	642	591
2	643	219
2	643	671
2	645	451
2	645	514
2	646	89
2	646	709
2	649	467
2	650	261
2	650	440
2	650	829
2	651	35
2	653	273
2	654	252
2	655	368
2	655	791
2	658	399
2	658	778
2	659	857
2	661	29
2	661	900
2	662	652
2	663	338
2	663	470
2	663	615
2	663	780
2	667	53
2	667	982
2	668	854
2	669	246
2	669	448
2	670	43
2	672	318
2	672	955
2	672	969
2	673	142
2	673	505
2	673	519
2	676	286
2	677	164
2	678	2
2	678	654
2	678	827
2	679	793
2	682	365
2	682	638
2	687	118
2	688	253
2	688	347
2	688	370
2	689	344
2	689	825
2	690	79
2	692	627
2	693	38
2	696	339
2	698	322
2	698	477
2	699	131
2	700	49
2	701	291
2	701	305
2	704	144
2	704	395
2	704	738
2	709	189
2	709	337
2	709	391
2	711	27
2	711	109
2	711	184
2	712	94
2	712	526
2	712	665
2	713	790
2	715	25
2	715	921
2	716	180
2	718	236
2	720	224
2	720	356
2	720	482
2	721	206
2	722	229
2	723	348
2	723	398
2	723	494
2	724	950
2	725	15
2	725	491
2	725	977
2	727	26
2	727	822
2	728	150
2	729	316
2	730	799
2	730	899
2	731	384
2	732	376
2	735	553
2	736	282
2	736	382
2	736	908
2	738	319
2	740	126
2	740	635
2	743	65
2	744	928
2	745	776
2	748	759
2	749	303
2	749	611
2	751	657
2	752	77
2	752	881
2	753	521
2	754	492
2	755	274
2	757	450
2	759	525
2	762	41
2	762	655
2	764	872
2	765	88
2	766	116
2	767	593
2	768	533
2	768	616
2	770	73
2	771	66
2	774	23
2	775	570
2	777	860
2	779	457
2	782	564
2	784	630
2	785	784
2	786	115
2	787	128
2	788	932
2	789	169
2	789	852
2	791	343
2	791	414
2	791	473
2	792	946
2	794	175
2	795	112
2	795	420
2	796	72
2	797	51
2	797	216
2	797	378
2	797	652
2	798	555
2	800	899
2	801	153
2	802	435
2	802	489
2	802	632
2	802	753
2	803	597
2	804	70
2	807	842
2	808	354
2	808	475
2	808	624
2	808	998
2	810	200
2	810	449
2	810	466
2	810	913
2	812	13
2	812	746
2	813	601
2	813	645
2	815	261
2	815	942
2	815	1000
2	818	257
2	819	474
2	820	295
2	824	152
2	825	743
2	826	120
2	826	300
2	827	228
2	828	193
2	828	735
2	829	98
2	830	463
2	830	633
2	831	366
2	832	583
2	832	692
2	833	427
2	834	509
2	834	792
2	835	468
2	835	535
2	836	730
2	838	204
2	839	394
2	839	515
2	842	550
2	843	675
2	844	460
2	847	626
2	847	797
2	848	48
2	849	568
2	849	718
2	850	726
2	851	220
2	851	479
2	851	578
2	853	189
2	854	127
2	854	816
2	857	96
2	858	302
2	858	895
2	861	91
2	862	641
2	863	381
2	864	79
2	865	696
2	867	737
2	867	909
2	868	117
2	868	248
2	872	7
2	872	82
2	872	286
2	873	860
2	874	290
2	874	703
2	874	824
2	875	368
2	875	600
2	876	85
2	876	426
2	877	4
2	877	418
2	878	619
2	878	651
2	879	992
2	880	639
2	880	931
2	881	627
2	882	818
2	883	123
2	883	132
2	883	280
2	883	952
2	884	693
2	885	184
2	885	698
2	886	253
2	886	545
2	887	362
2	888	395
2	888	409
2	892	694
2	893	428
2	893	676
2	893	876
2	894	11
2	897	399
2	897	595
2	898	494
2	900	105
2	902	541
2	903	768
2	904	63
2	904	81
2	905	57
2	905	338
2	905	751
2	906	919
2	907	2
2	907	20
2	907	315
2	908	76
2	908	567
2	909	504
2	910	382
2	910	829
2	911	225
2	911	801
2	914	15
2	914	275
2	914	884
2	915	313
2	916	922
2	917	720
2	918	558
2	919	731
2	919	812
2	923	534
2	923	589
2	926	335
2	930	901
2	931	144
2	931	791
2	933	798
2	934	56
2	934	356
2	935	118
2	937	320
2	937	377
2	937	607
2	937	667
2	937	695
2	938	224
2	938	373
2	938	532
2	939	707
2	940	210
2	941	87
2	941	637
2	942	383
2	945	361
2	946	247
2	948	785
2	949	16
2	950	432
2	952	80
2	952	106
2	952	648
2	955	580
2	956	153
2	956	947
2	958	41
2	958	342
2	959	340
2	963	788
2	964	101
2	965	334
2	965	771
2	966	298
2	970	740
2	972	92
2	972	501
2	973	142
2	974	234
2	975	138
2	976	242
2	976	725
2	977	845
2	978	684
2	980	58
2	980	557
2	981	18
2	981	259
2	982	282
2	982	773
2	983	199
2	985	12
2	986	94
2	987	975
2	988	299
2	988	511
2	989	86
2	989	597
2	989	934
2	991	154
2	991	898
2	991	902
2	993	45
2	994	702
2	996	235
2	999	19
2	1002	150
2	1002	350
2	1002	467
2	1003	767
2	1004	131
2	1004	403
2	1005	365
2	1005	723
2	1006	812
2	1009	802
2	1010	64
2	1010	770
2	1010	843
2	1012	254
2	1013	957
2	1015	412
2	1021	108
2	1021	266
2	1021	782
2	1021	962
2	1025	289
2	1026	78
2	1026	129
2	1026	349
2	1027	499
2	1028	43
2	1028	823
2	1029	177
2	1031	732
2	1032	821
2	1033	425
2	1034	111
2	1034	121
2	1034	188
2	1034	852
2	1035	381
2	1035	426
2	1037	719
2	1037	744
2	1038	743
2	1039	159
2	1039	644
2	1040	939
2	1042	396
2	1042	503
2	1043	201
2	1043	547
2	1043	730
2	1046	21
2	1046	382
2	1047	787
2	1048	671
2	1049	60
2	1049	779
2	1049	871
2	1050	341
2	1050	831
2	1051	793
2	1051	846
2	1053	119
2	1053	413
2	1054	504
2	1054	541
2	1055	326
2	1055	388
2	1056	114
2	1056	485
2	1056	513
2	1057	34
2	1060	4
2	1060	10
2	1063	279
2	1064	827
2	1067	333
2	1067	677
2	1069	174
2	1069	566
2	1070	262
2	1070	550
2	1071	415
2	1071	729
2	1072	91
2	1072	608
2	1073	63
2	1074	420
2	1075	66
2	1076	842
2	1077	148
2	1077	549
2	1079	366
2	1079	980
2	1080	722
2	1081	168
2	1082	72
2	1082	171
2	1082	572
2	1084	163
2	1085	37
2	1085	444
2	1085	639
2	1086	727
2	1087	47
2	1087	674
2	1088	629
2	1088	981
2	1089	337
2	1093	373
2	1093	601
2	1095	534
2	1096	647
2	1098	236
2	1100	522
2	1100	662
2	1101	317
2	1101	332
2	1105	89
2	1105	588
2	1106	476
2	1106	994
2	1107	343
2	1110	622
2	1112	437
2	1112	895
2	1116	316
2	1116	810
2	1119	656
2	1121	788
2	1122	278
2	1124	100
2	1124	642
2	1125	838
2	1126	602
2	1128	466
2	1131	248
2	1132	9
2	1132	345
2	1132	454
2	1133	791
2	1136	618
2	1139	158
2	1141	51
2	1141	447
2	1142	224
2	1143	267
2	1143	749
2	1148	340
2	1149	470
2	1150	565
2	1151	548
2	1153	207
2	1153	705
2	1154	592
2	1154	610
2	1154	728
2	1154	911
2	1155	184
2	1155	265
2	1155	596
2	1156	387
2	1156	971
2	1158	244
2	1158	664
2	1161	16
2	1163	81
2	1163	494
2	1164	291
2	1164	540
2	1165	755
2	1166	706
2	1167	359
2	1167	689
2	1169	210
2	1171	492
2	1172	129
2	1172	282
2	1173	320
2	1174	603
2	1174	625
2	1178	284
2	1178	793
2	1179	546
2	1179	597
2	1180	153
2	1180	199
2	1180	264
2	1181	461
2	1182	561
2	1182	973
2	1183	103
2	1185	107
2	1185	650
2	1186	800
2	1188	593
2	1190	418
2	1190	595
2	1191	307
2	1192	377
2	1193	353
2	1194	393
2	1194	509
2	1194	839
2	1194	851
2	1195	478
2	1195	988
2	1196	200
2	1197	246
2	1198	496
2	1198	510
2	1199	120
2	1200	580
2	1201	105
2	1201	869
2	1203	50
2	1203	306
2	1204	142
2	1204	287
2	1205	130
2	1205	941
2	1206	709
2	1207	145
2	1209	56
2	1209	196
2	1210	193
2	1210	258
2	1210	411
2	1210	723
2	1211	586
2	1212	63
2	1212	887
2	1213	940
2	1215	521
2	1215	892
2	1216	832
2	1217	389
2	1217	584
2	1219	188
2	1221	192
2	1221	368
2	1221	529
2	1222	178
2	1222	245
2	1222	568
2	1222	575
2	1224	753
2	1225	348
2	1225	633
2	1229	843
2	1231	240
2	1231	463
2	1231	717
2	1232	927
2	1234	57
2	1238	232
2	1240	121
2	1241	214
2	1241	758
2	1243	311
2	1245	314
2	1245	913
2	1245	980
2	1247	58
2	1248	318
2	1248	930
2	1249	480
2	1250	216
2	1250	643
2	1253	637
2	1255	721
2	1256	275
2	1256	562
2	1257	183
2	1257	312
2	1258	404
2	1258	627
2	1260	87
2	1260	384
2	1261	296
2	1263	144
2	1263	564
2	1264	450
2	1265	270
2	1265	399
2	1265	435
2	1266	851
2	1267	252
2	1267	538
2	1267	910
2	1268	302
2	1268	605
2	1268	792
2	1269	675
2	1270	438
2	1272	222
2	1272	703
2	1275	185
2	1276	243
2	1276	527
2	1276	777
2	1278	288
2	1278	577
2	1278	635
2	1279	628
2	1281	113
2	1282	453
2	1284	530
2	1284	769
2	1285	175
2	1285	218
2	1286	259
2	1286	598
2	1286	683
2	1287	467
2	1289	412
2	1290	55
2	1290	933
2	1292	179
2	1293	656
2	1294	96
2	1295	542
2	1295	932
2	1296	276
2	1296	410
2	1296	819
2	1298	482
2	1299	608
2	1299	661
2	1300	431
2	1300	711
2	1300	866
2	1300	988
2	1302	60
2	1302	362
2	1303	512
2	1304	190
2	1307	780
2	1308	441
2	1310	551
2	1312	679
2	1312	815
2	1313	420
2	1313	886
2	1314	8
2	1314	271
2	1315	978
2	1317	241
2	1317	863
2	1318	147
2	1319	376
2	1320	592
2	1321	53
2	1321	171
2	1321	356
2	1321	727
2	1322	536
2	1323	440
2	1323	464
2	1324	493
2	1327	754
2	1328	401
2	1329	497
2	1331	934
2	1331	935
2	1332	610
2	1332	759
2	1333	545
2	1335	460
2	1335	599
2	1336	84
2	1340	225
2	1341	136
2	1343	472
2	1344	507
2	1345	344
2	1345	915
2	1346	408
2	1346	491
2	1348	499
2	1348	752
2	1350	910
2	1351	166
2	1351	199
2	1352	303
2	1352	652
2	1353	390
2	1353	786
2	1354	770
2	1355	381
2	1357	567
2	1358	40
2	1359	293
2	1360	240
2	1360	516
2	1363	666
2	1364	887
2	1367	354
2	1367	951
2	1368	231
2	1370	503
2	1373	400
2	1375	114
2	1378	110
2	1378	426
2	1379	289
2	1379	667
2	1380	184
2	1380	308
2	1380	421
2	1380	579
2	1380	886
2	1381	788
2	1381	838
2	1384	594
2	1387	696
2	1388	732
2	1389	194
2	1389	268
2	1390	46
2	1390	799
2	1392	878
2	1392	954
2	1396	24
2	1396	611
2	1397	819
2	1398	642
2	1399	239
2	1399	403
2	1399	603
2	1401	127
2	1401	153
2	1401	406
2	1402	251
2	1402	272
2	1402	785
2	1404	386
2	1405	442
2	1406	556
2	1407	131
2	1408	922
2	1409	397
2	1409	626
2	1409	987
2	1410	78
2	1410	343
2	1410	941
2	1411	521
2	1412	312
2	1412	589
2	1413	857
2	1415	644
2	1416	515
2	1416	525
2	1417	772
2	1418	336
2	1419	212
2	1420	189
2	1420	195
2	1420	498
2	1423	455
2	1425	420
2	1425	858
2	1427	707
2	1430	731
2	1431	182
2	1433	350
2	1434	593
2	1434	830
2	1436	749
2	1438	238
2	1438	798
2	1439	865
2	1439	948
2	1440	496
2	1441	575
2	1442	249
2	1442	504
2	1442	764
2	1443	22
2	1443	106
2	1444	58
2	1444	908
2	1445	95
2	1445	470
2	1446	826
2	1447	82
2	1449	173
2	1449	201
2	1449	676
2	1449	742
2	1450	456
2	1452	340
2	1453	215
2	1453	624
2	1453	675
2	1454	602
2	1456	185
2	1456	205
2	1456	854
2	1457	395
2	1457	775
2	1458	38
2	1458	688
2	1459	383
2	1460	17
2	1461	43
2	1461	409
2	1461	465
2	1461	600
2	1462	330
2	1462	559
2	1465	430
2	1465	550
2	1469	637
2	1469	668
2	1471	118
2	1471	187
2	1471	687
2	1473	339
2	1474	518
2	1476	633
2	1477	162
2	1477	263
2	1478	534
2	1478	549
2	1480	200
2	1482	479
2	1484	247
2	1485	678
2	1486	219
2	1487	651
2	1488	270
2	1489	51
2	1489	223
2	1491	183
2	1491	438
2	1492	790
2	1493	145
2	1493	566
2	1495	990
2	1496	523
2	1496	978
2	1497	76
2	1498	743
2	1499	458
2	1500	422
2	1501	274
2	1504	191
2	1504	305
2	1504	857
2	1505	413
2	1506	702
2	1507	97
2	1507	237
2	1507	437
2	1507	513
2	1508	84
2	1512	115
2	1512	227
2	1512	362
2	1512	956
2	1514	639
2	1515	267
2	1515	407
2	1515	631
2	1516	180
2	1516	443
2	1517	439
2	1520	98
2	1521	74
2	1521	734
2	1522	283
2	1525	673
2	1527	228
2	1527	762
2	1529	509
2	1530	47
2	1530	405
2	1530	869
2	1531	197
2	1534	892
2	1534	962
2	1535	63
2	1535	738
2	1535	834
2	1537	116
2	1538	424
2	1538	973
2	1539	334
2	1539	524
2	1539	744
2	1540	317
2	1540	393
2	1541	181
2	1541	591
2	1541	996
2	1542	522
2	1543	13
2	1543	365
2	1543	958
2	1544	179
2	1544	261
2	1544	635
2	1545	6
2	1545	265
2	1546	78
2	1546	157
2	1546	554
2	1546	793
2	1547	580
2	1547	694
2	1547	739
2	1548	282
2	1548	950
2	1550	178
2	1552	254
2	1552	307
2	1554	866
2	1555	647
2	1556	345
2	1557	255
2	1557	358
2	1558	221
2	1560	435
2	1560	747
2	1561	153
2	1562	164
2	1562	473
2	1562	623
2	1563	229
2	1564	875
2	1565	188
2	1565	338
2	1565	649
2	1566	720
2	1567	121
2	1570	520
2	1570	560
2	1570	568
2	1571	99
2	1571	490
2	1573	299
2	1575	978
2	1576	459
2	1576	681
2	1577	769
2	1578	425
2	1581	112
2	1581	140
2	1581	308
2	1586	406
2	1586	481
2	1587	232
2	1587	578
2	1588	713
2	1588	755
2	1589	611
2	1591	701
2	1592	502
2	1592	776
2	1594	542
2	1595	55
2	1597	408
2	1598	79
2	1600	337
2	1601	286
2	1601	501
2	1601	629
2	1601	816
2	1602	493
2	1604	24
2	1606	1
2	1606	771
2	1607	190
2	1607	587
2	1607	684
2	1607	888
2	1608	748
2	1609	9
2	1609	476
2	1610	400
2	1610	957
2	1611	310
2	1611	797
2	1611	945
2	1612	245
2	1612	732
2	1613	88
2	1614	893
2	1614	954
2	1616	215
2	1617	833
2	1620	54
2	1621	238
2	1621	368
2	1621	371
2	1622	212
2	1623	37
2	1623	399
2	1623	745
2	1625	770
2	1626	2
2	1626	853
2	1627	953
2	1629	712
2	1630	342
2	1631	450
2	1632	287
2	1634	30
2	1635	540
2	1635	605
2	1637	855
2	1640	909
2	1641	61
2	1642	729
2	1643	324
2	1643	415
2	1643	964
2	1644	322
2	1645	534
2	1645	754
2	1647	205
2	1647	296
2	1647	419
2	1650	536
2	1650	675
2	1651	69
2	1651	280
2	1651	538
2	1651	639
2	1654	223
2	1654	551
2	1654	680
2	1658	108
2	1658	361
2	1658	439
2	1659	404
2	1659	731
2	1660	823
2	1661	258
2	1661	359
2	1662	66
2	1662	391
2	1662	392
2	1662	773
2	1663	134
2	1664	154
2	1665	293
2	1665	511
2	1665	870
2	1666	600
2	1667	73
2	1667	506
2	1668	510
2	1669	689
2	1671	14
2	1671	25
2	1673	52
2	1673	449
2	1675	603
2	1676	207
2	1676	610
2	1676	790
2	1683	546
2	1684	241
2	1684	440
2	1685	129
2	1685	279
2	1686	78
2	1686	990
2	1687	203
2	1689	165
2	1690	177
2	1690	308
2	1690	348
2	1690	442
2	1690	557
2	1691	340
2	1692	318
2	1692	395
2	1693	137
2	1695	130
2	1695	362
2	1695	388
2	1696	158
2	1698	249
2	1699	548
2	1702	11
2	1702	346
2	1702	845
2	1705	33
2	1705	146
2	1705	398
2	1705	665
2	1706	761
2	1707	16
2	1707	263
2	1708	149
2	1708	294
2	1709	163
2	1709	239
2	1710	796
2	1711	12
2	1711	779
2	1712	100
2	1712	345
2	1713	736
2	1714	875
2	1715	475
2	1718	72
2	1719	434
2	1719	974
2	1720	470
2	1721	718
2	1721	919
2	1722	526
2	1722	936
2	1723	329
2	1723	801
2	1723	839
2	1725	122
2	1728	135
2	1731	34
2	1731	829
2	1732	164
2	1732	903
2	1736	50
2	1739	990
2	1740	355
2	1741	3
2	1741	272
2	1744	373
2	1744	815
2	1744	963
2	1745	43
2	1746	800
2	1748	908
2	1752	49
2	1752	181
2	1752	758
2	1753	89
2	1753	171
2	1753	672
2	1754	67
2	1754	281
2	1754	351
2	1754	550
2	1755	781
2	1755	907
2	1755	993
2	1756	284
2	1758	619
2	1760	198
2	1760	708
2	1760	905
2	1761	469
2	1761	608
2	1761	817
2	1762	227
2	1762	676
2	1763	2
2	1763	262
2	1764	729
2	1765	57
2	1765	103
2	1767	301
2	1767	575
2	1767	604
2	1767	982
2	1769	403
2	1769	869
2	1770	773
2	1772	188
2	1772	696
2	1775	58
2	1776	127
2	1776	921
2	1777	690
2	1779	390
2	1779	843
2	1780	10
2	1780	579
2	1781	468
2	1781	988
2	1782	456
2	1783	353
2	1783	767
2	1783	977
2	1784	431
2	1785	48
2	1785	210
2	1786	433
2	1788	763
2	1789	35
2	1791	657
2	1792	509
2	1793	64
2	1793	452
2	1794	424
2	1795	662
2	1795	667
2	1801	42
2	1801	704
2	1804	405
2	1804	846
2	1804	936
2	1806	634
2	1807	710
2	1808	770
2	1809	504
2	1809	521
2	1811	333
2	1811	935
2	1812	65
2	1813	533
2	1817	492
2	1817	562
2	1818	406
2	1819	76
2	1820	332
2	1820	792
2	1821	239
2	1822	503
2	1823	204
2	1826	586
2	1826	879
2	1827	162
2	1827	392
2	1827	719
2	1827	735
2	1828	476
2	1828	911
2	1829	519
2	1832	279
2	1833	260
2	1833	419
2	1834	835
2	1835	501
2	1838	954
2	1839	691
2	1840	863
2	1841	569
2	1842	66
2	1842	790
2	1843	63
2	1843	458
2	1844	317
2	1844	730
2	1845	728
2	1845	769
2	1846	326
2	1847	265
2	1847	352
2	1848	430
2	1849	360
2	1850	755
2	1851	150
2	1851	496
2	1851	650
2	1851	714
2	1852	487
2	1852	590
2	1856	528
2	1858	126
2	1859	605
2	1861	402
2	1862	527
2	1862	568
2	1862	739
2	1863	166
2	1864	105
2	1864	506
2	1864	865
2	1866	642
2	1869	632
2	1869	680
2	1869	720
2	1870	74
2	1870	856
2	1870	862
2	1871	125
2	1872	557
2	1872	664
2	1872	971
2	1876	939
2	1877	54
2	1877	140
2	1877	429
2	1878	609
2	1878	979
2	1879	958
2	1880	489
2	1883	473
2	1884	136
2	1884	154
2	1885	307
2	1886	823
2	1887	114
2	1889	230
2	1889	822
2	1890	576
2	1891	39
2	1891	167
2	1892	462
2	1892	828
2	1895	261
2	1895	718
2	1897	924
2	1898	309
2	1898	397
2	1898	484
2	1898	832
2	1899	639
2	1900	313
2	1900	659
2	1901	550
2	1901	999
2	1903	516
2	1904	274
2	1905	244
2	1906	228
2	1908	142
2	1908	672
2	1909	40
2	1909	990
2	1912	409
2	1915	440
2	1917	19
2	1917	171
2	1917	216
2	1918	564
2	1918	578
2	1918	628
2	1919	196
2	1919	311
2	1919	641
2	1920	288
2	1921	23
2	1921	911
2	1923	93
2	1923	319
2	1924	656
2	1927	285
2	1927	937
2	1928	677
2	1930	510
2	1930	789
2	1931	83
2	1931	161
2	1931	477
2	1931	965
2	1932	53
2	1933	330
2	1934	399
2	1936	701
2	1937	652
2	1938	152
2	1938	695
2	1938	722
2	1938	839
2	1939	675
2	1940	716
2	1941	331
2	1941	497
2	1942	726
2	1942	962
2	1943	50
2	1943	169
2	1943	640
2	1943	842
2	1944	449
2	1946	38
2	1946	622
2	1948	898
2	1948	996
2	1949	90
2	1949	921
2	1951	132
2	1952	294
2	1954	328
2	1955	80
2	1955	365
2	1956	158
2	1956	747
2	1959	685
2	1959	904
2	1961	373
2	1964	327
2	1964	705
2	1965	17
2	1966	979
2	1968	526
2	1968	679
2	1969	481
2	1970	35
2	1970	580
2	1971	552
2	1972	20
2	1972	179
2	1972	333
2	1972	589
2	1972	853
2	1973	111
2	1974	368
2	1975	210
2	1976	518
2	1977	810
2	1978	138
2	1978	790
2	1979	103
2	1980	78
2	1980	424
2	1980	577
2	1981	110
2	1981	151
2	1981	273
2	1981	312
2	1981	465
2	1981	907
2	1982	88
2	1982	223
2	1982	257
2	1983	415
2	1986	153
2	1986	394
2	1987	450
2	1988	97
2	1989	11
2	1991	913
2	1993	664
2	1996	287
2	1997	51
2	1997	250
2	1998	753
2	2000	502
2	2001	160
2	2002	412
2	2002	735
2	2003	990
2	2005	212
2	2005	931
2	2006	37
2	2006	361
2	2008	950
2	2009	82
2	2011	614
2	2014	480
2	2015	940
2	2016	60
2	2016	463
2	2016	767
2	2018	686
2	2019	300
2	2020	493
2	2021	45
2	2021	203
2	2021	851
2	2022	858
2	2023	133
2	2023	226
2	2024	29
2	2024	104
2	2024	371
2	2025	195
2	2026	561
2	2027	306
2	2027	591
2	2028	687
2	2029	812
2	2032	994
2	2035	804
2	2039	509
2	2039	760
2	2042	184
2	2042	239
2	2046	684
2	2049	321
2	2049	721
2	2050	228
2	2054	668
2	2054	677
2	2057	634
2	2057	819
2	2059	666
2	2060	970
2	2061	429
2	2062	288
2	2062	383
2	2063	207
2	2068	7
2	2069	41
2	2069	516
2	2071	985
2	2072	387
2	2072	619
2	2074	359
2	2080	6
2	2081	303
2	2081	682
2	2082	660
2	2085	364
2	2087	79
2	2087	209
2	2088	180
2	2090	657
2	2091	419
2	2092	141
2	2092	863
2	2093	421
2	2093	539
2	2094	707
2	2094	946
2	2095	80
2	2096	1
2	2098	656
2	2098	788
2	2100	375
2	2102	70
2	2102	593
2	2103	94
2	2103	621
2	2103	647
2	2104	191
2	2104	202
2	2106	55
2	2109	120
2	2111	487
2	2113	67
2	2113	700
2	2114	425
2	2115	155
2	2116	380
2	2116	529
2	2117	537
2	2118	710
2	2119	859
2	2119	966
2	2124	21
2	2124	751
2	2126	723
2	2127	798
2	2128	159
2	2128	989
2	2128	1000
2	2129	644
2	2129	982
2	2130	327
2	2131	214
2	2131	718
2	2132	57
2	2133	959
2	2134	514
2	2136	523
2	2137	252
2	2137	662
2	2138	26
2	2138	197
2	2139	112
2	2142	169
2	2143	875
2	2145	255
2	2145	266
2	2145	567
2	2147	289
2	2148	108
2	2148	113
2	2148	235
2	2148	486
2	2148	911
2	2149	719
2	2150	217
2	2151	738
2	2152	11
2	2152	335
2	2152	584
2	2152	604
2	2153	265
2	2154	412
2	2155	720
2	2156	409
2	2157	908
2	2158	16
2	2159	9
2	2159	343
2	2159	696
2	2160	646
2	2161	659
2	2163	234
2	2163	479
2	2164	261
2	2164	394
2	2165	44
2	2166	114
2	2166	130
2	2166	743
2	2167	612
2	2168	448
2	2169	206
2	2170	385
2	2172	384
2	2172	847
2	2173	392
2	2174	407
2	2175	111
2	2175	506
2	2176	391
2	2178	556
2	2181	773
2	2182	119
2	2183	568
2	2184	477
2	2185	410
2	2185	554
2	2186	352
2	2186	667
2	2187	219
2	2188	128
2	2188	302
2	2188	550
2	2188	793
2	2189	194
2	2189	243
2	2189	562
2	2190	186
2	2191	89
2	2195	680
2	2197	541
2	2198	439
2	2199	182
2	2199	422
2	2200	60
2	2200	399
2	2203	706
2	2203	956
2	2204	463
2	2204	780
2	2205	423
2	2205	577
2	2205	863
2	2206	427
2	2209	10
2	2209	211
2	2209	607
2	2209	852
2	2210	389
2	2212	381
2	2212	581
2	2212	645
2	2216	52
2	2217	551
2	2219	525
2	2220	869
2	2222	812
2	2223	623
2	2225	813
2	2227	496
2	2228	867
2	2230	739
2	2233	88
2	2233	372
2	2233	509
2	2233	727
2	2233	850
2	2235	373
2	2238	322
2	2238	342
2	2240	350
2	2240	762
2	2242	728
2	2243	74
2	2245	277
2	2246	629
2	2246	829
2	2247	212
2	2247	334
2	2248	236
2	2250	189
2	2251	805
2	2254	286
2	2254	559
2	2254	686
2	2254	712
2	2255	961
2	2256	684
2	2257	231
2	2258	135
2	2258	188
2	2258	701
2	2259	880
2	2260	247
2	2261	29
2	2262	262
2	2263	62
2	2264	431
2	2266	368
2	2267	753
2	2268	685
2	2270	46
2	2272	240
2	2272	958
2	2274	687
2	2275	54
2	2275	775
2	2277	184
2	2277	395
2	2277	673
2	2278	530
2	2279	139
2	2280	7
2	2281	251
2	2282	112
2	2284	704
2	2285	779
2	2286	298
2	2286	683
2	2287	346
2	2287	904
2	2288	860
2	2289	493
2	2289	785
2	2289	893
2	2294	32
2	2295	6
2	2295	252
2	2295	413
2	2297	331
2	2298	159
2	2299	290
2	2300	563
2	2301	309
2	2302	311
2	2304	430
2	2304	874
2	2305	185
2	2305	676
2	2306	177
2	2308	878
2	2309	836
2	2311	436
2	2313	328
2	2315	815
2	2315	910
2	2317	99
2	2317	554
2	2317	603
2	2318	239
2	2320	664
2	2320	951
2	2321	38
2	2323	75
2	2323	113
2	2325	946
2	2327	258
2	2327	279
2	2328	705
2	2329	61
2	2329	181
2	2329	754
2	2329	820
2	2329	977
2	2330	960
2	2332	776
2	2333	370
2	2334	382
2	2334	453
2	2334	502
2	2337	28
2	2337	510
2	2339	546
2	2340	811
2	2341	92
2	2341	745
2	2343	497
2	2343	957
2	2345	150
2	2346	888
2	2346	970
2	2347	758
2	2350	573
2	2351	91
2	2351	313
2	2351	325
2	2352	289
2	2353	276
2	2353	991
2	2354	342
2	2355	537
2	2355	870
2	2356	555
2	2358	439
2	2358	985
2	2362	31
2	2362	374
2	2363	238
2	2363	417
2	2364	569
2	2364	845
2	2366	674
2	2367	71
2	2367	517
2	2367	619
2	2370	236
2	2370	443
2	2371	81
2	2371	485
2	2372	15
2	2372	763
2	2373	658
2	2375	5
2	2375	339
2	2377	475
2	2377	580
2	2378	16
2	2378	199
2	2378	703
2	2379	553
2	2380	347
2	2380	538
2	2380	908
2	2381	304
2	2382	762
2	2383	741
2	2383	854
2	2384	149
2	2385	473
2	2386	145
2	2387	215
2	2387	243
2	2387	714
2	2389	80
2	2389	259
2	2389	401
2	2389	488
2	2390	354
2	2390	522
2	2390	879
2	2391	661
2	2392	446
2	2392	463
2	2392	566
2	2393	234
2	2393	299
2	2393	358
2	2395	731
2	2396	923
2	2397	8
2	2397	278
2	2397	375
2	2397	590
2	2398	385
2	2398	482
2	2399	26
2	2399	448
2	2400	107
2	2401	899
2	2403	245
2	2403	681
2	2403	719
2	2405	424
2	2405	612
2	2406	171
2	2408	305
2	2408	780
2	2409	19
2	2409	96
2	2411	581
2	2411	781
2	2412	872
2	2413	253
2	2413	336
2	2413	630
2	2415	35
2	2415	667
2	2416	633
2	2416	735
2	2417	480
2	2417	788
2	2418	225
2	2418	398
2	2420	131
2	2420	329
2	2423	988
2	2424	366
2	2424	711
2	2424	756
2	2424	963
2	2427	433
2	2427	531
2	2429	301
2	2431	85
2	2432	574
2	2433	748
2	2433	777
2	2436	187
2	2439	208
2	2439	481
2	2439	604
2	2439	616
2	2440	948
2	2441	643
2	2444	163
2	2444	610
2	2445	760
2	2446	100
2	2447	139
2	2448	352
2	2449	36
2	2449	669
2	2449	726
2	2450	122
2	2453	586
2	2457	659
2	2460	204
2	2461	591
2	2461	797
2	2463	377
2	2463	493
2	2464	697
2	2466	561
2	2466	618
2	2469	27
2	2471	400
2	2473	365
2	2473	428
2	2475	916
2	2476	634
2	2478	173
2	2478	812
2	2479	712
2	2481	977
2	2483	527
2	2486	418
2	2487	326
2	2487	743
2	2488	118
2	2489	195
2	2491	707
2	2492	857
2	2494	196
2	2497	447
2	2498	287
2	2498	806
2	2498	837
2	2499	664
2	2500	755
2	2501	709
2	2503	626
2	2504	126
2	2504	571
2	2506	194
2	2509	757
2	2510	774
2	2511	839
2	2512	291
2	2513	156
2	2513	637
2	2513	682
2	2517	106
2	2518	209
2	2519	718
2	2521	305
2	2525	142
2	2526	486
2	2527	689
2	2527	698
2	2527	998
2	2529	420
2	2529	984
2	2530	644
2	2530	738
2	2530	944
2	2532	787
2	2532	861
2	2534	70
2	2534	112
2	2535	75
2	2535	679
2	2535	935
2	2536	103
2	2536	832
2	2537	759
2	2538	105
2	2539	99
2	2539	895
2	2540	223
2	2542	649
2	2545	533
2	2546	288
2	2546	646
2	2547	494
2	2548	449
2	2548	653
2	2549	356
2	2550	408
2	2550	642
2	2551	720
2	2552	198
2	2552	375
2	2553	496
2	2554	178
2	2556	340
2	2556	671
2	2556	703
2	2557	593
2	2558	38
2	2558	430
2	2558	766
2	2559	589
2	2560	333
2	2561	583
2	2564	63
2	2565	469
2	2565	551
2	2565	857
2	2567	976
2	2567	998
2	2568	544
2	2571	443
2	2571	832
2	2572	270
2	2574	208
2	2574	590
2	2574	821
2	2576	677
2	2577	461
2	2577	775
2	2578	599
2	2579	559
2	2579	744
2	2582	866
2	2583	687
2	2584	451
2	2584	490
2	2585	169
2	2585	509
2	2585	570
2	2586	306
2	2586	455
2	2586	499
2	2587	820
2	2588	181
2	2588	611
2	2588	839
2	2589	923
2	2590	597
2	2592	175
2	2592	580
2	2593	85
2	2593	480
2	2593	617
2	2597	625
2	2597	673
2	2597	981
2	2599	564
2	2601	225
2	2603	228
2	2604	495
2	2605	240
2	2605	873
2	2606	396
2	2607	101
2	2608	137
2	2608	232
2	2610	515
2	2612	937
2	2614	272
2	2614	838
2	2615	721
2	2616	545
2	2616	712
2	2617	846
2	2620	197
2	2621	149
2	2623	202
2	2623	394
2	2624	34
2	2624	62
2	2625	634
2	2626	151
2	2628	942
2	2628	963
2	2629	122
2	2630	84
2	2633	560
2	2634	521
2	2634	982
2	2635	6
2	2635	211
2	2638	706
2	2640	747
2	2645	316
2	2645	355
2	2647	635
2	2650	65
2	2650	370
2	2650	607
2	2651	53
2	2651	584
2	2652	193
2	2652	362
2	2652	949
2	2654	280
2	2654	497
2	2655	159
2	2655	666
2	2656	416
2	2657	106
2	2658	55
2	2658	279
2	2658	351
2	2659	591
2	2659	923
2	2660	163
2	2662	18
2	2662	418
2	2663	71
2	2663	431
2	2665	411
2	2666	487
2	2666	767
2	2668	28
2	2668	320
2	2668	439
2	2668	830
2	2668	853
2	2670	654
2	2671	249
2	2671	845
2	2671	941
2	2672	527
2	2672	981
2	2673	422
2	2674	338
2	2674	636
2	2676	21
2	2678	345
2	2679	292
2	2679	442
2	2681	622
2	2683	491
2	2683	894
2	2684	508
2	2684	660
2	2685	235
2	2685	277
2	2685	297
2	2685	738
2	2686	525
2	2686	606
2	2687	38
2	2688	103
2	2688	876
2	2689	951
2	2691	657
2	2691	677
2	2692	697
2	2693	473
2	2694	354
2	2694	366
2	2694	931
2	2695	31
2	2695	85
2	2695	470
2	2695	763
2	2696	93
2	2696	701
2	2697	139
2	2698	172
2	2698	770
2	2699	173
2	2699	333
2	2699	784
2	2700	630
2	2701	244
2	2701	810
2	2702	214
2	2702	268
2	2702	985
2	2703	307
2	2704	376
2	2705	484
2	2706	313
2	2707	643
2	2707	656
2	2708	429
2	2711	74
2	2711	326
2	2712	884
2	2713	425
2	2714	393
2	2714	709
2	2715	30
2	2715	262
2	2721	678
2	2723	17
2	2725	119
2	2725	397
2	2725	539
2	2726	343
2	2726	734
2	2727	878
2	2728	772
2	2729	170
2	2729	496
2	2730	315
2	2731	350
2	2731	399
2	2733	686
2	2734	780
2	2735	44
2	2735	120
2	2735	259
2	2735	347
2	2736	900
2	2737	427
2	2738	641
2	2739	544
2	2741	182
2	2745	208
2	2745	323
2	2747	664
2	2749	475
2	2749	724
2	2751	414
2	2751	543
2	2752	227
2	2753	90
2	2753	611
2	2754	192
2	2754	254
2	2755	24
2	2755	788
2	2756	97
2	2756	115
2	2756	340
2	2757	40
2	2757	207
2	2758	593
2	2758	627
2	2759	250
2	2759	401
2	2762	27
2	2763	33
2	2763	465
2	2764	555
2	2764	716
2	2765	557
2	2766	795
2	2767	743
2	2768	242
2	2768	405
2	2770	434
2	2770	731
2	2773	184
2	2773	304
2	2775	578
2	2776	523
2	2776	690
2	2778	124
2	2779	380
2	2782	67
2	2782	187
2	2782	537
2	2782	723
2	2782	978
2	2783	589
2	2784	132
2	2785	582
2	2787	91
2	2789	53
2	2789	903
2	2793	199
2	2794	779
2	2795	197
2	2795	633
2	2796	143
2	2798	583
2	2799	418
2	2799	567
2	2799	953
2	2801	869
2	2802	404
2	2803	741
2	2803	766
2	2804	188
2	2804	348
2	2805	471
2	2806	282
2	2807	126
2	2807	273
2	2807	815
2	2808	483
2	2810	26
2	2813	113
2	2813	209
2	2813	437
2	2813	640
2	2814	858
2	2817	212
2	2819	346
2	2819	460
2	2821	439
2	2822	740
2	2823	778
2	2824	147
2	2824	529
2	2825	922
2	2826	70
2	2826	156
2	2826	689
2	2826	717
2	2834	558
2	2834	645
2	2835	718
2	2836	610
2	2839	623
2	2840	69
2	2840	360
2	2842	726
2	2843	351
2	2844	128
2	2844	146
2	2845	950
2	2847	390
2	2847	478
2	2848	202
2	2849	131
2	2849	185
2	2850	419
2	2850	887
2	2852	89
2	2853	5
2	2853	341
2	2853	757
2	2854	934
2	2855	445
2	2855	908
2	2857	517
2	2857	721
2	2857	883
2	2858	215
2	2859	638
2	2860	531
2	2862	526
2	2862	584
2	2864	260
2	2865	422
2	2866	271
2	2866	363
2	2867	48
2	2867	136
2	2867	257
2	2867	505
2	2868	707
2	2869	167
2	2869	997
2	2870	151
2	2871	283
2	2877	64
2	2878	605
2	2878	935
2	2879	200
2	2879	234
2	2879	375
2	2879	424
2	2881	82
2	2881	240
2	2881	926
2	2883	674
2	2885	79
2	2886	546
2	2887	761
2	2887	798
2	2889	101
2	2889	275
2	2889	796
2	2890	190
2	2891	492
2	2891	629
2	2891	871
2	2892	522
2	2893	485
2	2894	46
2	2894	357
2	2894	728
2	2894	869
2	2896	789
2	2898	857
2	2903	569
2	2904	105
2	2904	334
2	2908	137
2	2908	163
2	2909	263
2	2910	304
2	2912	114
2	2912	904
2	2913	319
2	2913	840
2	2914	121
2	2914	314
2	2914	340
2	2916	317
2	2916	572
2	2917	193
2	2919	551
2	2927	504
2	2927	987
2	2928	808
2	2928	921
2	2930	691
2	2932	144
2	2934	844
2	2936	401
2	2938	40
2	2938	511
2	2938	900
2	2939	22
2	2939	920
2	2940	77
2	2941	222
2	2941	994
2	2942	300
2	2943	104
2	2943	461
2	2943	735
2	2945	44
2	2946	490
2	2947	337
2	2947	811
2	2949	233
2	2949	480
2	2950	135
2	2950	455
2	2952	86
2	2952	325
2	2956	851
2	2958	573
2	2959	243
2	2959	809
2	2960	62
2	2960	448
2	2960	604
2	2961	416
2	2962	320
2	2962	513
2	2962	594
2	2962	609
2	2963	599
2	2963	782
2	2963	843
2	2964	518
2	2965	499
2	2966	75
2	2966	521
2	2967	226
2	2967	571
2	2968	298
2	2969	435
2	2969	596
2	2970	225
2	2970	575
2	2971	456
2	2972	352
2	2972	562
2	2973	15
2	2974	139
2	2974	646
2	2976	194
2	2977	57
2	2977	189
2	2978	213
2	2978	617
2	2979	127
2	2979	756
2	2981	204
2	2982	174
2	2982	197
2	2982	407
2	2982	778
2	2982	859
2	2983	704
2	2987	331
2	2987	440
2	2990	779
2	2992	31
2	2993	50
2	2993	54
2	2993	783
2	2995	612
2	2996	18
2	2998	13
2	2998	365
2	2999	90
2	2999	534
2	2999	589
2	2999	725
2	3001	3
2	3002	28
2	3003	47
2	3003	343
2	3003	623
2	3004	836
2	3005	11
2	3005	380
2	3005	644
2	3006	196
2	3006	731
2	3006	817
2	3008	776
2	3010	478
2	3010	484
2	3010	538
2	3010	556
2	3012	111
2	3012	203
2	3013	767
2	3015	173
2	3015	427
2	3015	615
2	3019	56
2	3019	472
2	3019	938
2	3021	132
2	3021	170
2	3021	305
2	3022	240
2	3022	519
2	3022	682
2	3023	184
2	3023	185
2	3025	23
2	3025	52
2	3025	553
2	3025	754
2	3026	74
2	3026	394
2	3026	667
2	3027	333
2	3028	9
2	3029	172
2	3030	26
2	3030	549
2	3030	829
2	3031	486
2	3032	485
2	3033	363
2	3033	503
2	3033	528
2	3034	355
2	3036	399
2	3037	426
2	3037	714
2	3037	780
2	3040	372
2	3041	418
2	3042	992
2	3043	349
2	3045	460
2	3048	36
2	3048	428
2	3050	159
2	3050	833
2	3051	73
2	3051	231
2	3052	404
2	3055	745
2	3056	182
2	3056	477
2	3056	482
2	3057	688
2	3058	287
2	3058	481
2	3058	647
2	3059	912
2	3061	614
2	3061	889
2	3062	143
2	3062	270
2	3062	899
2	3063	689
2	3064	670
2	3064	708
2	3065	293
2	3065	410
2	3067	494
2	3067	674
2	3070	581
2	3070	845
2	3071	107
2	3072	377
2	3074	627
2	3075	579
2	3075	886
2	3076	348
2	3079	409
2	3080	346
2	3082	726
2	3083	550
2	3083	577
2	3086	690
2	3087	311
2	3087	500
2	3087	935
2	3088	728
2	3089	802
2	3090	76
2	3090	208
2	3090	677
2	3094	110
2	3094	325
2	3094	341
2	3095	43
2	3095	158
2	3097	323
2	3098	398
2	3099	300
2	3101	721
2	3104	104
2	3104	195
2	3104	246
2	3104	934
2	3105	383
2	3105	985
2	3106	345
2	3106	421
2	3106	733
2	3107	894
2	3108	299
2	3110	281
2	3113	166
2	3114	362
2	3114	762
2	3115	552
2	3115	983
2	3118	306
2	3119	49
2	3119	458
2	3120	157
2	3124	292
2	3124	447
2	3124	538
2	3126	596
2	3126	818
2	3126	859
2	3127	993
2	3132	258
2	3132	379
2	3132	652
2	3133	471
2	3134	61
2	3134	797
2	3136	89
2	3137	737
2	3139	773
2	3141	506
2	3141	934
2	3142	92
2	3142	334
2	3143	125
2	3143	286
2	3144	495
2	3145	102
2	3145	260
2	3146	747
2	3151	425
2	3152	38
2	3153	456
2	3154	616
2	3154	695
2	3154	769
2	3154	791
2	3157	459
2	3157	766
2	3158	825
2	3160	95
2	3161	304
2	3162	140
2	3164	169
2	3165	590
2	3167	100
2	3167	288
2	3167	424
2	3167	903
2	3169	27
2	3169	671
2	3170	8
2	3170	711
2	3171	467
2	3171	716
2	3172	501
2	3174	98
2	3174	119
2	3175	150
2	3175	632
2	3176	127
2	3177	331
2	3177	356
2	3177	392
2	3179	680
2	3180	201
2	3180	486
2	3182	64
2	3182	612
2	3183	393
2	3185	886
2	3186	499
2	3186	883
2	3187	934
2	3189	40
2	3189	209
2	3189	944
2	3190	161
2	3190	268
2	3192	551
2	3192	971
2	3193	221
2	3193	755
2	3194	137
2	3195	603
2	3196	85
2	3196	333
2	3196	738
2	3197	675
2	3199	204
2	3199	440
2	3201	418
2	3202	423
2	3204	33
2	3205	704
2	3207	718
2	3208	320
2	3211	282
2	3211	662
2	3212	531
2	3214	2
2	3214	604
2	3214	788
2	3215	203
2	3215	309
2	3215	775
2	3216	133
2	3218	113
2	3218	307
2	3219	41
2	3219	599
2	3220	196
2	3220	439
2	3220	622
2	3223	234
2	3223	327
2	3224	1
2	3224	353
2	3226	488
2	3226	840
2	3227	257
2	3227	654
2	3227	658
2	3228	384
2	3228	630
2	3229	382
2	3230	633
2	3231	303
2	3233	246
2	3235	620
2	3236	180
2	3236	364
2	3236	826
2	3237	861
2	3240	862
2	3241	3
2	3241	15
2	3242	496
2	3242	623
2	3245	109
2	3247	17
2	3247	316
2	3247	683
2	3249	446
2	3249	751
2	3250	505
2	3250	696
2	3252	586
2	3253	187
2	3253	311
2	3254	301
2	3254	645
2	3257	48
2	3258	447
2	3260	80
2	3260	908
2	3261	361
2	3261	660
2	3262	823
2	3262	953
2	3264	828
2	3264	964
2	3265	583
2	3266	742
2	3266	836
2	3268	985
2	3269	188
2	3270	628
2	3271	484
2	3272	426
2	3272	534
2	3273	165
2	3274	596
2	3275	143
2	3276	7
2	3276	28
2	3276	139
2	3277	886
2	3279	154
2	3279	387
2	3280	406
2	3280	575
2	3281	438
2	3282	359
2	3283	396
2	3283	451
2	3283	838
2	3285	483
2	3285	778
2	3287	55
2	3288	145
2	3288	373
2	3289	280
2	3290	984
2	3291	129
2	3292	934
2	3293	707
2	3294	412
2	3294	558
2	3294	826
2	3295	50
2	3295	141
2	3296	401
2	3296	641
2	3296	901
2	3298	70
2	3299	290
2	3300	419
2	3300	689
2	3300	887
2	3301	667
2	3303	291
2	3304	198
2	3306	739
2	3307	703
2	3308	526
2	3308	556
2	3308	611
2	3311	191
2	3312	73
2	3313	597
2	3314	132
2	3314	395
2	3316	572
2	3316	871
2	3318	670
2	3319	554
2	3319	886
2	3320	122
2	3320	585
2	3321	542
2	3322	131
2	3322	467
2	3323	51
2	3324	520
2	3326	459
2	3329	994
2	3330	687
2	3331	348
2	3331	402
2	3335	310
2	3335	573
2	3335	747
2	3336	437
2	3336	700
2	3337	398
2	3337	595
2	3338	823
2	3339	570
2	3340	697
2	3340	950
2	3341	524
2	3342	792
2	3344	942
2	3345	421
2	3346	175
2	3346	363
2	3346	460
2	3346	574
2	3347	156
2	3347	745
2	3349	315
2	3349	356
2	3349	408
2	3349	723
2	3351	235
2	3352	414
2	3352	808
2	3353	371
2	3353	776
2	3353	941
2	3354	338
2	3355	749
2	3355	906
2	3356	293
2	3357	503
2	3357	795
2	3358	275
2	3358	909
2	3362	79
2	3364	69
2	3364	423
2	3364	783
2	3368	23
2	3368	489
2	3375	121
2	3376	42
2	3376	219
2	3376	292
2	3377	110
2	3380	796
2	3385	698
2	3386	545
2	3386	636
2	3386	673
2	3386	802
2	3388	237
2	3389	320
2	3390	266
2	3390	286
2	3395	525
2	3395	544
2	3396	668
2	3397	368
2	3397	582
2	3399	499
2	3399	971
2	3401	126
2	3401	232
2	3402	827
2	3406	90
2	3407	46
2	3407	537
2	3410	472
2	3410	617
2	3410	623
2	3410	980
2	3411	350
2	3412	265
2	3412	807
2	3412	948
2	3413	125
2	3414	413
2	3415	192
2	3416	430
2	3417	63
2	3417	784
2	3419	393
2	3419	771
2	3420	341
2	3420	550
2	3421	234
2	3422	433
2	3422	457
2	3423	22
2	3425	19
2	3425	601
2	3425	788
2	3425	875
2	3426	808
2	3427	45
2	3428	99
2	3429	816
2	3430	233
2	3431	141
2	3434	144
2	3439	59
2	3440	496
2	3440	774
2	3441	469
2	3442	206
2	3443	607
2	3444	140
2	3445	495
2	3447	277
2	3447	284
2	3447	753
2	3448	40
2	3450	680
2	3453	465
2	3454	405
2	3454	453
2	3455	170
2	3456	267
2	3457	308
2	3458	938
2	3459	48
2	3459	568
2	3461	319
2	3462	179
2	3462	196
2	3462	322
2	3462	347
2	3462	448
2	3463	226
2	3463	787
2	3463	922
2	3464	563
2	3465	325
2	3466	422
2	3467	149
2	3467	323
2	3468	98
2	3468	814
2	3470	855
2	3471	407
2	3473	71
2	3475	89
2	3475	940
2	3478	307
2	3479	244
2	3479	752
2	3480	240
2	3480	480
2	3481	743
2	3482	936
2	3483	187
2	3484	173
2	3486	94
2	3486	190
2	3486	191
2	3487	656
2	3488	553
2	3488	852
2	3488	931
2	3493	516
2	3493	580
2	3494	648
2	3496	20
2	3497	330
2	3500	252
2	3500	427
2	3501	241
2	3501	712
2	3502	163
2	3502	851
2	3504	523
2	3506	302
2	3507	667
2	3507	763
2	3508	268
2	3509	136
2	3509	630
2	3512	498
2	3512	790
2	3514	714
2	3514	806
2	3516	483
2	3517	186
2	3518	554
2	3518	596
2	3519	324
2	3520	68
2	3522	381
2	3522	624
2	3524	119
2	3524	426
2	3525	912
2	3526	7
2	3528	182
2	3528	442
2	3528	455
2	3528	639
2	3529	288
2	3529	815
2	3529	898
2	3531	618
2	3532	123
2	3532	492
2	3532	757
2	3533	392
2	3534	105
2	3534	398
2	3534	746
2	3535	846
2	3535	924
2	3536	72
2	3539	461
2	3539	503
2	3540	881
2	3541	172
2	3541	362
2	3543	43
2	3544	471
2	3544	987
2	3545	258
2	3546	9
2	3547	200
2	3547	682
2	3547	779
2	3548	401
2	3548	583
2	3550	951
2	3551	559
2	3552	169
2	3552	730
2	3554	138
2	3555	435
2	3558	390
2	3558	525
2	3559	378
2	3559	449
2	3560	701
2	3563	437
2	3563	557
2	3565	611
2	3565	747
2	3566	598
2	3567	193
2	3568	502
2	3569	64
2	3574	113
2	3574	260
2	3575	130
2	3575	246
2	3580	51
2	3580	86
2	3580	312
2	3582	454
2	3582	835
2	3586	2
2	3588	38
2	3589	18
2	3591	347
2	3591	742
2	3593	866
2	3596	433
2	3598	657
2	3600	174
2	3601	756
2	3601	948
2	3602	918
2	3603	76
2	3606	144
2	3606	331
2	3606	829
2	3607	340
2	3608	235
2	3608	783
2	3609	273
2	3610	207
2	3612	132
2	3612	209
2	3612	304
2	3613	315
2	3613	531
2	3616	198
2	3617	702
2	3618	679
2	3619	185
2	3619	313
2	3621	124
2	3622	205
2	3622	890
2	3623	421
2	3623	883
2	3625	158
2	3627	594
2	3627	748
2	3627	870
2	3628	380
2	3628	635
2	3631	643
2	3631	946
2	3632	489
2	3633	361
2	3633	423
2	3636	939
2	3637	908
2	3638	836
2	3639	334
2	3640	529
2	3642	429
2	3642	605
2	3644	577
2	3644	699
2	3646	466
2	3647	34
2	3647	278
2	3648	467
2	3650	290
2	3650	849
2	3651	134
2	3652	655
2	3653	177
2	3654	17
2	3654	603
2	3655	70
2	3655	292
2	3656	806
2	3657	990
2	3658	55
2	3658	563
2	3658	844
2	3659	150
2	3659	968
2	3660	107
2	3660	440
2	3662	135
2	3664	617
2	3665	224
2	3665	425
2	3667	490
2	3667	723
2	3668	112
2	3669	725
2	3670	547
2	3671	83
2	3671	116
2	3672	160
2	3673	697
2	3673	988
2	3674	803
2	3675	519
2	3676	796
2	3679	647
2	3679	970
2	3681	389
2	3682	739
2	3684	618
2	3685	6
2	3685	530
2	3685	738
2	3686	157
2	3686	977
2	3687	293
2	3688	636
2	3689	218
2	3689	650
2	3689	726
2	3689	929
2	3690	446
2	3691	430
2	3691	445
2	3691	491
2	3691	735
2	3692	322
2	3692	597
2	3694	243
2	3694	658
2	3697	298
2	3698	553
2	3700	257
2	3700	337
2	3700	534
2	3701	609
2	3701	681
2	3702	438
2	3702	786
2	3703	226
2	3704	25
2	3704	171
2	3705	677
2	3705	715
2	3707	898
2	3708	240
2	3709	149
2	3709	419
2	3709	564
2	3709	974
2	3712	35
2	3714	31
2	3715	132
2	3717	632
2	3718	282
2	3718	686
2	3720	93
2	3720	875
2	3723	114
2	3724	352
2	3724	731
2	3726	966
2	3727	537
2	3727	884
2	3728	599
2	3729	671
2	3730	622
2	3732	191
2	3732	777
2	3733	426
2	3733	660
2	3734	378
2	3735	965
2	3736	37
2	3737	179
2	3737	644
2	3738	210
2	3739	592
2	3739	661
2	3741	473
2	3743	463
2	3744	147
2	3744	938
2	3745	421
2	3746	789
2	3748	20
2	3748	54
2	3748	263
2	3748	272
2	3748	545
2	3749	252
2	3750	478
2	3750	947
2	3751	306
2	3751	912
2	3752	320
2	3752	722
2	3753	8
2	3753	246
2	3753	276
2	3755	783
2	3756	343
2	3758	511
2	3759	517
2	3762	38
2	3764	304
2	3766	258
2	3766	462
2	3766	811
2	3767	782
2	3769	283
2	3771	24
2	3773	185
2	3774	950
2	3776	408
2	3776	840
2	3778	76
2	3779	138
2	3780	479
2	3781	311
2	3783	66
2	3784	353
2	3784	793
2	3788	980
2	3789	963
2	3791	620
2	3793	307
2	3796	678
2	3802	178
2	3802	469
2	3804	492
2	3806	328
2	3806	720
2	3807	460
2	3808	249
2	3808	302
2	3810	893
2	3812	706
2	3814	170
2	3814	651
2	3815	392
2	3815	688
2	3815	828
2	3816	797
2	3817	402
2	3818	251
2	3818	333
2	3818	751
2	3818	774
2	3819	329
2	3819	396
2	3819	914
2	3820	682
2	3821	278
2	3823	163
2	3823	558
2	3825	309
2	3826	18
2	3826	220
2	3826	987
2	3828	471
2	3828	498
2	3829	510
2	3830	772
2	3831	485
2	3833	752
2	3834	12
2	3834	482
2	3834	750
2	3835	1
2	3835	53
2	3835	386
2	3835	403
2	3836	223
2	3837	399
2	3840	761
2	3842	393
2	3843	153
2	3845	556
2	3846	72
2	3846	201
2	3846	668
2	3847	97
2	3847	756
2	3847	820
2	3848	118
2	3849	42
2	3850	336
2	3850	550
2	3852	628
2	3854	152
2	3855	264
2	3856	173
2	3856	616
2	3857	494
2	3857	532
2	3860	196
2	3860	835
2	3861	260
2	3861	319
2	3862	74
2	3862	595
2	3863	581
2	3864	199
2	3864	410
2	3867	73
2	3868	440
2	3869	161
2	3870	322
2	3870	525
2	3871	684
2	3872	364
2	3872	472
2	3874	68
2	3874	612
2	3875	778
2	3876	136
2	3876	357
2	3876	984
2	3878	536
2	3879	135
2	3880	310
2	3880	442
2	3881	175
2	3882	295
2	3882	437
2	3882	902
2	3884	649
2	3885	417
2	3886	297
2	3887	866
2	3889	1000
2	3890	84
2	3891	87
2	3891	262
2	3891	456
2	3893	182
2	3895	717
2	3895	961
2	3896	411
2	3897	563
2	3897	596
2	3898	673
2	3899	69
2	3901	467
2	3903	351
2	3904	325
2	3905	371
2	3906	96
2	3906	639
2	3907	579
2	3908	677
2	3909	615
2	3909	934
2	3910	107
2	3911	504
2	3913	842
2	3914	426
2	3915	439
2	3916	850
2	3918	224
2	3919	245
2	3919	608
2	3920	379
2	3923	290
2	3923	331
2	3924	967
2	3925	643
2	3926	685
2	3927	308
2	3928	741
2	3929	390
2	3929	517
2	3930	137
2	3930	282
2	3930	289
2	3930	496
2	3931	340
2	3932	293
2	3934	25
2	3934	593
2	3935	748
2	3936	71
2	3936	428
2	3937	125
2	3937	480
2	3937	771
2	3939	710
2	3940	666
2	3942	298
2	3943	692
2	3945	644
2	3946	730
2	3947	618
2	3948	700
2	3949	976
2	3950	157
2	3950	495
2	3952	30
2	3952	124
2	3952	847
2	3953	506
2	3953	964
2	3955	821
2	3956	287
2	3956	582
2	3956	658
2	3957	587
2	3959	267
2	3959	401
2	3959	936
2	3960	384
2	3960	779
2	3960	948
2	3961	302
2	3961	443
2	3961	682
2	3961	705
2	3962	332
2	3963	855
2	3964	856
2	3965	630
2	3966	235
2	3966	600
2	3966	672
2	3966	799
2	3968	610
2	3969	225
2	3970	48
2	3970	514
2	3970	959
2	3971	691
2	3971	734
2	3971	775
2	3972	984
2	3973	92
2	3973	174
2	3974	652
2	3975	3
2	3977	585
2	3980	412
2	3981	574
2	3981	622
2	3982	781
2	3984	479
2	3984	840
2	3985	678
2	3987	344
2	3987	633
2	3987	970
2	3990	720
2	3991	698
2	3992	728
2	3993	571
2	3994	754
2	3999	361
2	4000	818
2	4002	330
2	4003	445
2	4004	172
2	4005	981
2	4007	312
2	4013	214
2	4014	475
2	4015	663
2	4016	77
2	4017	846
2	4018	381
2	4020	521
2	4021	276
2	4021	924
2	4022	380
2	4024	591
2	4025	867
2	4026	870
2	4027	10
2	4028	530
2	4028	929
2	4030	173
2	4030	211
2	4030	212
2	4031	991
2	4032	240
2	4033	992
2	4037	271
2	4037	776
2	4037	868
2	4039	34
2	4041	93
2	4041	300
2	4041	707
2	4042	906
2	4046	66
2	4046	143
2	4047	153
2	4047	621
2	4047	664
2	4047	773
2	4048	108
2	4049	603
2	4049	800
2	4051	507
2	4052	439
2	4052	695
2	4053	122
2	4054	703
2	4055	604
2	4057	616
2	4058	259
2	4060	541
2	4060	887
2	4062	617
2	4062	976
2	4063	560
2	4064	251
2	4067	171
2	4070	269
2	4075	267
2	4075	554
2	4076	185
2	4076	436
2	4077	531
2	4079	74
2	4079	284
2	4079	492
2	4079	583
2	4082	52
2	4082	524
2	4083	586
2	4084	38
2	4084	313
2	4084	557
2	4085	135
2	4085	725
2	4085	789
2	4086	142
2	4087	376
2	4088	701
2	4089	889
2	4090	248
2	4092	420
2	4093	129
2	4093	202
2	4093	944
2	4094	55
2	4094	430
2	4095	14
2	4095	20
2	4095	520
2	4096	508
2	4096	578
2	4097	60
2	4097	547
2	4097	911
2	4098	189
2	4099	308
2	4102	504
2	4102	538
2	4103	83
2	4103	139
2	4104	209
2	4104	368
2	4105	321
2	4105	903
2	4106	198
2	4107	994
2	4109	31
2	4109	42
2	4109	634
2	4111	374
2	4111	920
2	4112	268
2	4113	696
2	4114	362
2	4115	294
2	4116	749
2	4119	477
2	4122	599
2	4123	389
2	4124	334
2	4124	648
2	4125	226
2	4126	5
2	4126	805
2	4130	375
2	4132	184
2	4133	566
2	4133	636
2	4134	96
2	4134	272
2	4134	620
2	4135	278
2	4135	408
2	4135	472
2	4135	954
2	4135	981
2	4136	329
2	4136	592
2	4136	985
2	4137	562
2	4139	575
2	4140	53
2	4141	483
2	4142	263
2	4143	534
2	4144	132
2	4144	333
2	4145	133
2	4146	215
2	4146	854
2	4148	590
2	4149	97
2	4149	273
2	4149	422
2	4150	36
2	4150	194
2	4150	717
2	4151	447
2	4151	718
2	4151	908
2	4152	748
2	4154	186
2	4154	234
2	4154	573
2	4154	745
2	4155	458
2	4156	67
2	4157	382
2	4157	671
2	4158	56
2	4160	647
2	4161	563
2	4163	48
2	4163	301
2	4164	322
2	4164	968
2	4165	250
2	4166	425
2	4166	526
2	4166	661
2	4168	961
2	4169	356
2	4173	7
2	4173	270
2	4175	112
2	4176	23
2	4178	544
2	4179	377
2	4181	455
2	4186	62
2	4186	467
2	4187	350
2	4190	724
2	4192	281
2	4192	305
2	4192	706
2	4193	750
2	4194	289
2	4195	204
2	4196	404
2	4196	537
2	4196	609
2	4196	631
2	4197	676
2	4200	91
2	4200	972
2	4201	464
2	4202	707
2	4203	107
2	4204	385
2	4204	653
2	4204	667
2	4205	229
2	4205	413
2	4206	744
2	4207	505
2	4209	279
2	4210	175
2	4210	235
2	4211	499
2	4212	29
2	4212	45
2	4212	222
2	4212	659
2	4212	727
2	4213	347
2	4217	944
2	4219	830
2	4219	901
2	4221	193
2	4221	410
2	4222	407
2	4223	40
2	4224	684
2	4225	46
2	4227	539
2	4228	490
2	4228	689
2	4229	655
2	4230	423
2	4230	626
2	4230	910
2	4232	169
2	4233	118
2	4234	311
2	4234	438
2	4234	751
2	4235	437
2	4236	585
2	4236	589
2	4238	191
2	4238	997
2	4240	955
2	4246	18
2	4246	122
2	4247	258
2	4248	253
2	4248	875
2	4249	98
2	4254	323
2	4254	832
2	4255	363
2	4256	767
2	4260	557
2	4261	134
2	4261	902
2	4263	543
2	4263	736
2	4266	254
2	4267	656
2	4268	198
2	4268	766
2	4269	414
2	4270	309
2	4270	426
2	4270	708
2	4270	733
2	4270	845
2	4271	71
2	4271	644
2	4273	406
2	4274	495
2	4274	560
2	4274	602
2	4276	477
2	4276	479
2	4276	923
2	4277	187
2	4277	351
2	4277	471
2	4278	755
2	4279	574
2	4281	504
2	4282	166
2	4282	354
2	4282	687
2	4284	381
2	4284	783
2	4285	236
2	4287	201
2	4289	339
2	4289	429
2	4291	500
2	4292	199
2	4292	594
2	4296	41
2	4296	292
2	4297	133
2	4297	835
2	4298	114
2	4298	197
2	4299	703
2	4300	523
2	4301	295
2	4302	206
2	4302	415
2	4302	911
2	4304	120
2	4306	799
2	4307	461
2	4309	962
2	4310	68
2	4310	979
2	4311	168
2	4312	624
2	4312	774
2	4314	623
2	4314	937
2	4314	945
2	4315	436
2	4317	261
2	4318	272
2	4318	399
2	4318	636
2	4319	632
2	4320	282
2	4321	153
2	4321	412
2	4323	528
2	4324	491
2	4324	995
2	4325	56
2	4325	277
2	4325	459
2	4328	688
2	4329	595
2	4329	735
2	4330	421
2	4330	710
2	4331	88
2	4331	865
2	4332	608
2	4335	284
2	4336	360
2	4336	433
2	4336	531
2	4336	933
2	4337	690
2	4338	964
2	4342	124
2	4342	176
2	4342	454
2	4342	603
2	4343	370
2	4343	630
2	4344	303
2	4345	117
2	4346	386
2	4347	393
2	4347	581
2	4347	770
2	4349	220
2	4351	25
2	4351	162
2	4353	306
2	4354	776
2	4355	806
2	4356	647
2	4357	44
2	4357	511
2	4357	754
2	4358	74
2	4359	722
2	4361	132
2	4361	161
2	4361	726
2	4362	584
2	4363	934
2	4364	50
2	4364	185
2	4365	157
2	4365	367
2	4366	792
2	4367	86
2	4367	128
2	4367	136
2	4367	342
2	4368	53
2	4368	121
2	4368	208
2	4368	337
2	4368	664
2	4368	742
2	4369	81
2	4371	110
2	4372	333
2	4373	356
2	4373	577
2	4373	779
2	4375	745
2	4376	643
2	4377	515
2	4377	645
2	4379	94
2	4381	46
2	4381	215
2	4381	327
2	4382	246
2	4383	64
2	4383	179
2	4384	304
2	4385	937
2	4386	59
2	4387	35
2	4387	390
2	4387	496
2	4388	700
2	4388	780
2	4389	273
2	4389	746
2	4391	293
2	4391	824
2	4393	375
2	4393	389
2	4395	164
2	4396	125
2	4397	299
2	4399	173
2	4400	650
2	4401	597
2	4402	159
2	4404	992
2	4405	426
2	4407	228
2	4407	658
2	4409	441
2	4411	619
2	4412	671
2	4413	276
2	4415	376
2	4417	39
2	4417	170
2	4417	196
2	4417	297
2	4417	395
2	4417	782
2	4420	693
2	4421	323
2	4421	670
2	4422	978
2	4423	80
2	4423	346
2	4423	437
2	4424	629
2	4425	368
2	4426	699
2	4427	495
2	4427	550
2	4427	927
2	4429	573
2	4430	391
2	4433	62
2	4433	140
2	4434	570
2	4435	969
2	4436	91
2	4437	525
2	4441	97
2	4441	200
2	4441	552
2	4444	352
2	4445	152
2	4445	686
2	4446	338
2	4448	419
2	4449	65
2	4449	450
2	4452	336
2	4453	33
2	4453	165
2	4453	470
2	4454	668
2	4455	251
2	4455	628
2	4456	904
2	4457	946
2	4458	71
2	4463	194
2	4464	111
2	4464	730
2	4465	769
2	4465	781
2	4466	382
2	4466	672
2	4469	10
2	4469	620
2	4469	838
2	4470	217
2	4470	499
2	4470	576
2	4471	320
2	4472	505
2	4472	527
2	4476	61
2	4476	783
2	4477	55
2	4477	798
2	4478	876
2	4478	907
2	4480	415
2	4480	757
2	4481	82
2	4481	137
2	4483	834
2	4485	536
2	4485	767
2	4486	941
2	4488	34
2	4489	398
2	4491	710
2	4496	84
2	4498	266
2	4499	199
2	4505	227
2	4508	30
2	4509	168
2	4509	719
2	4510	578
2	4510	683
2	4511	288
2	4513	866
2	4514	41
2	4514	183
2	4514	241
2	4514	270
2	4514	604
2	4516	49
2	4516	186
2	4516	494
2	4517	950
2	4518	20
2	4519	530
2	4519	712
2	4521	220
2	4522	393
2	4523	58
2	4524	102
2	4525	131
2	4525	507
2	4529	27
2	4531	372
2	4532	384
2	4532	486
2	4535	565
2	4536	736
2	4539	375
2	4539	933
2	4540	223
2	4540	362
2	4540	453
2	4541	205
2	4542	563
2	4543	368
2	4543	977
2	4545	264
2	4545	717
2	4546	32
2	4547	18
2	4548	751
2	4548	870
2	4549	35
2	4550	303
2	4552	79
2	4552	564
2	4553	678
2	4554	149
2	4554	582
2	4555	659
2	4556	75
2	4558	37
2	4558	770
2	4559	866
2	4560	646
2	4561	169
2	4561	813
2	4561	970
2	4563	309
2	4565	151
2	4565	399
2	4567	216
2	4568	47
2	4568	825
2	4570	214
2	4570	614
2	4571	634
2	4573	69
2	4573	252
2	4574	901
2	4575	277
2	4577	761
2	4578	311
2	4579	906
2	4581	83
2	4581	624
2	4581	726
2	4582	552
2	4582	631
2	4583	744
2	4584	432
2	4584	655
2	4585	95
2	4585	764
2	4586	466
2	4586	572
2	4587	544
2	4589	723
2	4589	831
2	4589	880
2	4590	211
2	4591	435
2	4592	3
2	4595	824
2	4598	529
2	4598	585
2	4601	720
2	4602	573
2	4604	492
2	4604	617
2	4605	410
2	4606	915
2	4608	704
2	4608	923
2	4609	367
2	4610	326
2	4610	345
2	4611	166
2	4613	860
2	4614	301
2	4614	468
2	4616	380
2	4617	22
2	4618	745
2	4619	786
2	4620	43
2	4620	703
2	4621	296
2	4622	292
2	4622	656
2	4622	997
2	4623	67
2	4624	275
2	4624	316
2	4625	113
2	4625	334
2	4625	960
2	4626	724
2	4626	977
2	4627	425
2	4627	792
2	4628	105
2	4628	379
2	4630	820
2	4632	12
2	4633	927
2	4635	733
2	4635	906
2	4637	62
2	4637	206
2	4639	89
2	4639	281
2	4639	807
2	4639	946
2	4641	265
2	4642	272
2	4643	21
2	4643	695
2	4643	826
2	4644	195
2	4646	442
2	4647	531
2	4649	676
2	4650	55
2	4650	464
2	4652	385
2	4652	665
2	4653	176
2	4653	775
2	4653	913
2	4654	371
2	4654	411
2	4654	482
2	4655	121
2	4657	437
2	4657	700
2	4660	434
2	4661	948
2	4666	738
2	4666	797
2	4667	865
2	4668	221
2	4670	569
2	4672	85
2	4672	270
2	4672	355
2	4672	779
2	4673	497
2	4674	584
2	4675	131
2	4675	339
2	4679	603
2	4679	647
2	4680	458
2	4681	527
2	4681	729
2	4681	835
2	4684	686
2	4685	776
2	4687	307
2	4688	73
2	4690	4
2	4690	53
2	4691	236
2	4691	536
2	4693	284
2	4693	674
2	4695	400
2	4696	142
2	4696	715
2	4697	483
2	4699	473
2	4699	667
2	4700	120
2	4700	846
2	4701	14
2	4701	319
2	4702	517
2	4703	346
2	4705	119
2	4706	223
2	4707	217
2	4707	549
2	4709	107
2	4709	218
2	4709	246
2	4709	602
2	4709	680
2	4710	139
2	4710	333
2	4710	911
2	4711	299
2	4712	190
2	4713	378
2	4713	418
2	4715	530
2	4715	801
2	4716	351
2	4719	701
2	4720	241
2	4721	57
2	4721	855
2	4722	739
2	4723	518
2	4725	705
2	4725	800
2	4725	822
2	4726	567
2	4727	19
2	4727	154
2	4727	514
2	4727	736
2	4728	287
2	4728	663
2	4729	740
2	4731	648
2	4735	692
2	4736	208
2	4736	278
2	4736	895
2	4741	185
2	4742	959
2	4744	511
2	4746	338
2	4747	389
2	4747	430
2	4750	362
2	4750	821
2	4751	224
2	4751	924
2	4753	94
2	4753	744
2	4754	708
2	4754	980
2	4757	213
2	4757	581
2	4757	939
2	4757	945
2	4759	96
2	4759	269
2	4759	748
2	4761	33
2	4761	348
2	4761	672
2	4762	182
2	4763	810
2	4768	30
2	4768	65
2	4769	162
2	4770	465
2	4770	481
2	4771	220
2	4771	359
2	4773	179
2	4773	587
2	4774	992
2	4775	916
2	4776	209
2	4776	453
2	4777	559
2	4779	454
2	4780	566
2	4781	595
2	4782	1
2	4782	52
2	4782	230
2	4782	234
2	4783	706
2	4784	711
2	4784	756
2	4785	54
2	4785	463
2	4787	152
2	4787	657
2	4788	781
2	4790	320
2	4790	513
2	4790	654
2	4795	199
2	4795	879
2	4796	888
2	4797	516
2	4797	720
2	4798	464
2	4799	857
2	4800	28
2	4800	31
2	4804	332
2	4806	619
2	4807	150
2	4807	472
2	4809	496
2	4813	522
2	4814	580
2	4816	116
2	4816	293
2	4816	443
2	4817	398
2	4818	395
2	4818	983
2	4819	645
2	4820	104
2	4820	628
2	4821	22
2	4821	862
2	4823	304
2	4824	143
2	4824	626
2	4824	783
2	4824	804
2	4826	138
2	4826	228
2	4826	848
2	4826	965
2	4827	671
2	4829	61
2	4829	466
2	4829	562
2	4829	651
2	4830	644
2	4830	992
2	4832	87
2	4833	839
2	4834	255
2	4834	490
2	4834	773
2	4835	317
2	4836	276
2	4836	353
2	4838	137
2	4838	268
2	4838	565
2	4838	752
2	4839	206
2	4840	488
2	4840	614
2	4841	387
2	4841	597
2	4843	381
2	4845	327
2	4845	728
2	4846	35
2	4846	47
2	4846	598
2	4847	722
2	4848	457
2	4849	311
2	4850	112
2	4850	770
2	4850	794
2	4851	75
2	4851	958
2	4852	743
2	4853	426
2	4854	158
2	4855	204
2	4855	878
2	4856	526
2	4856	733
2	4857	791
2	4857	870
2	4863	936
2	4864	366
2	4864	611
2	4864	919
2	4867	670
2	4869	551
2	4870	205
2	4870	367
2	4870	689
2	4872	191
2	4874	166
2	4875	475
2	4878	677
2	4879	880
2	4880	388
2	4880	434
2	4881	71
2	4883	409
2	4885	784
2	4886	712
2	4887	8
2	4887	528
2	4888	448
2	4888	636
2	4889	648
2	4889	662
2	4889	778
2	4891	123
2	4892	94
2	4892	550
2	4893	660
2	4894	971
2	4895	358
2	4896	469
2	4897	681
2	4899	451
2	4901	483
2	4902	212
2	4903	173
2	4903	546
2	4904	485
2	4905	289
2	4906	113
2	4907	272
2	4907	725
2	4908	661
2	4909	219
2	4909	934
2	4910	895
2	4913	17
2	4913	40
2	4914	657
2	4915	111
2	4915	647
2	4916	207
2	4916	664
2	4918	108
2	4918	170
2	4918	362
2	4918	370
2	4919	372
2	4919	968
2	4920	30
2	4922	904
2	4923	592
2	4924	79
2	4924	716
2	4925	201
2	4925	541
2	4926	700
2	4927	761
2	4928	221
2	4928	264
2	4929	139
2	4930	334
2	4930	473
2	4933	38
2	4933	787
2	4937	482
2	4937	849
2	4938	282
2	4939	200
2	4939	741
2	4940	70
2	4940	419
2	4941	333
2	4942	402
2	4945	312
2	4945	484
2	4946	281
2	4946	542
2	4947	140
2	4948	342
2	4949	538
2	4949	790
2	4951	605
2	4952	901
2	4953	413
2	4953	593
2	4954	256
2	4954	288
2	4954	723
2	4955	120
2	4955	149
2	4955	363
2	4955	696
2	4957	454
2	4957	991
2	4958	23
2	4959	249
2	4962	762
2	4963	875
2	4965	583
2	4967	446
2	4968	36
2	4968	854
2	4969	777
2	4970	527
2	4971	280
2	4972	313
2	4972	407
2	4972	602
2	4973	795
2	4974	341
2	4974	640
2	4975	544
2	4975	555
2	4981	148
2	4981	730
2	4982	103
2	4982	909
2	4985	891
2	4985	990
2	4986	81
2	4986	127
2	4988	903
2	4991	265
2	4992	357
2	4992	654
2	4993	458
2	4994	537
2	4995	553
2	4995	631
2	4998	354
2	4998	866
2	4999	729
2	5000	307
2	5000	943
