2	-1	0
2	1	438
2	1	558
2	1	831
2	2	201
2	2	333
2	3	950
2	4	581
2	5	3
2	5	620
2	6	264
2	6	496
2	9	513
2	9	648
2	9	676
2	10	432
2	13	530
2	13	693
2	13	731
2	15	66
2	15	855
2	16	23
2	17	303
2	17	337
2	17	402
2	17	525
2	19	267
2	19	604
2	20	517
2	22	277
2	22	651
2	23	245
2	26	124
2	29	338
2	29	554
2	33	328
2	35	84
2	35	758
2	36	296
2	36	861
2	36	922
2	37	266
2	38	393
2	39	515
2	39	958
2	40	174
2	40	489
2	41	548
2	42	729
2	44	422
2	45	762
2	47	304
2	47	403
2	48	352
2	48	602
2	51	503
2	52	143
2	53	96
2	54	771
2	59	319
2	61	686
2	64	109
2	64	700
2	64	899
2	65	784
2	66	379
2	66	473
2	66	943
2	67	654
2	67	773
2	69	918
2	71	359
2	71	550
2	72	722
2	73	524
2	73	712
2	75	7
2	75	292
2	75	984
2	77	370
2	77	782
2	78	820
2	79	425
2	79	977
2	80	608
2	80	656
2	82	694
2	83	285
2	83	538
2	84	231
2	86	345
2	86	838
2	87	332
2	88	69
2	88	364
2	89	40
2	89	343
2	91	673
2	91	949
2	92	137
2	92	387
2	94	15
2	94	215
2	94	937
2	95	560
2	95	930
2	96	272
2	96	701
2	96	914
2	97	14
2	97	416
2	98	905
2	100	288
2	101	362
2	104	326
2	106	312
2	107	86
2	107	97
2	107	622
2	107	883
2	108	190
2	108	458
2	108	476
2	109	940
2	111	19
2	112	219
2	113	842
2	116	306
2	117	509
2	118	927
2	119	35
2	120	988
2	122	6
2	122	68
2	123	953
2	124	289
2	124	408
2	124	822
2	125	396
2	126	221
2	128	925
2	131	41
2	131	682
2	133	469
2	133	576
2	133	637
2	134	574
2	135	624
2	135	733
2	136	479
2	136	866
2	138	309
2	138	350
2	138	558
2	138	991
2	141	774
2	142	477
2	143	590
2	144	311
2	146	327
2	146	367
2	147	238
2	147	413
2	148	286
2	150	965
2	152	182
2	152	263
2	152	453
2	152	669
2	154	448
2	154	726
2	158	970
2	159	175
2	159	556
2	159	599
2	160	328
2	160	561
2	160	625
2	161	507
2	161	670
2	162	566
2	163	278
2	164	27
2	164	242
2	164	465
2	164	809
2	165	504
2	167	170
2	167	685
2	168	44
2	168	744
2	169	25
2	169	630
2	169	933
2	170	610
2	173	301
2	175	835
2	176	135
2	176	563
2	177	679
2	178	259
2	178	438
2	179	794
2	180	386
2	181	164
2	183	104
2	183	421
2	183	585
2	184	224
2	185	552
2	187	52
2	187	518
2	187	973
2	188	741
2	188	956
2	189	265
2	190	4
2	191	691
2	191	753
2	193	499
2	193	667
2	196	440
2	198	916
2	199	85
2	199	738
2	200	180
2	200	446
2	202	21
2	202	598
2	203	321
2	203	494
2	203	693
2	204	491
2	204	609
2	204	674
2	205	183
2	206	38
2	206	91
2	206	410
2	208	449
2	209	129
2	209	918
2	210	144
2	211	151
2	211	787
2	215	315
2	215	358
2	215	734
2	219	612
2	221	230
2	221	506
2	221	708
2	222	680
2	223	205
2	224	316
2	225	454
2	225	633
2	226	284
2	226	411
2	227	597
2	228	461
2	229	39
2	230	532
2	231	79
2	231	232
2	232	249
2	234	922
2	235	384
2	237	441
2	237	719
2	238	443
2	238	475
2	238	692
2	238	697
2	239	59
2	239	701
2	240	260
2	241	665
2	244	122
2	244	363
2	245	177
2	245	770
2	246	505
2	246	971
2	247	618
2	247	658
2	248	522
2	248	632
2	249	778
2	249	805
2	250	752
2	251	460
2	257	185
2	257	253
2	257	796
2	258	157
2	259	40
2	259	795
2	260	720
2	261	3
2	262	106
2	262	282
2	263	425
2	263	606
2	263	930
2	264	48
2	264	197
2	264	858
2	267	171
2	267	727
2	267	775
2	271	514
2	272	695
2	276	76
2	276	507
2	276	539
2	277	361
2	277	543
2	278	554
2	279	620
2	280	344
2	282	359
2	282	471
2	283	272
2	283	544
2	283	791
2	284	191
2	285	398
2	287	149
2	287	323
2	287	357
2	290	676
2	291	521
2	291	894
2	297	845
2	298	92
2	299	58
2	300	102
2	300	353
2	300	517
2	304	209
2	305	288
2	305	529
2	306	128
2	308	408
2	310	382
2	311	392
2	314	540
2	314	772
2	316	730
2	317	307
2	319	35
2	319	542
2	319	789
2	323	162
2	323	281
2	324	163
2	325	42
2	325	309
2	325	982
2	327	474
2	328	876
2	329	388
2	330	198
2	332	986
2	335	955
2	336	369
2	337	580
2	337	832
2	338	320
2	339	9
2	339	762
2	340	861
2	345	94
2	345	450
2	346	968
2	348	547
2	350	27
2	350	992
2	352	331
2	354	559
2	354	792
2	355	195
2	355	366
2	356	570
2	357	766
2	357	880
2	358	300
2	360	169
2	360	983
2	361	79
2	361	118
2	363	145
2	363	347
2	364	332
2	364	648
2	364	662
2	365	491
2	365	600
2	367	374
2	370	246
2	371	192
2	371	261
2	374	575
2	374	610
2	375	197
2	375	289
2	376	236
2	377	469
2	379	343
2	381	887
2	382	616
2	383	463
2	384	386
2	384	546
2	384	716
2	385	228
2	387	418
2	390	86
2	391	445
2	392	112
2	392	761
2	392	895
2	393	557
2	393	757
2	394	99
2	394	254
2	394	715
2	394	815
2	395	451
2	396	173
2	397	47
2	397	202
2	397	280
2	398	579
2	398	669
2	399	453
2	401	449
2	404	405
2	404	420
2	408	147
2	408	485
2	411	462
2	412	194
2	414	170
2	414	218
2	416	62
2	416	908
2	419	782
2	420	441
2	420	583
2	421	203
2	421	690
2	422	52
2	422	352
2	423	286
2	423	296
2	423	684
2	426	640
2	426	752
2	427	476
2	427	713
2	428	183
2	429	588
2	430	67
2	431	297
2	431	518
2	432	208
2	433	459
2	433	650
2	434	53
2	435	622
2	436	22
2	436	105
2	440	80
2	441	49
2	442	167
2	443	65
2	443	689
2	443	722
2	444	160
2	445	368
2	446	10
2	446	989
2	447	657
2	448	631
2	450	137
2	450	492
2	450	596
2	450	604
2	450	886
2	451	813
2	452	224
2	452	704
2	453	615
2	453	816
2	454	24
2	454	607
2	455	522
2	455	562
2	457	196
2	457	667
2	458	298
2	458	433
2	458	447
2	458	574
2	459	803
2	460	187
2	460	680
2	461	127
2	461	406
2	462	416
2	462	611
2	463	256
2	465	90
2	465	513
2	465	627
2	466	84
2	467	523
2	467	550
2	469	174
2	470	656
2	471	33
2	471	138
2	471	948
2	473	569
2	473	891
2	476	712
2	476	986
2	479	334
2	481	561
2	482	91
2	482	108
2	482	252
2	482	749
2	483	14
2	483	402
2	485	665
2	486	956
2	487	335
2	487	477
2	487	786
2	488	771
2	489	670
2	490	35
2	491	390
2	492	912
2	494	185
2	494	577
2	494	834
2	495	407
2	495	426
2	496	267
2	498	545
2	499	226
2	500	60
2	501	638
2	501	644
2	501	693
2	501	721
2	502	121
2	502	467
2	502	783
2	503	32
2	503	415
2	505	45
2	506	114
2	506	116
2	507	599
2	508	199
2	508	755
2	509	538
2	510	448
2	512	435
2	513	414
2	514	306
2	514	788
2	516	473
2	517	168
2	519	250
2	522	389
2	522	512
2	522	529
2	522	594
2	524	387
2	524	466
2	524	494
2	525	27
2	526	301
2	526	449
2	527	30
2	528	827
2	529	446
2	530	104
2	530	537
2	531	443
2	532	367
2	533	71
2	534	591
2	536	838
2	538	474
2	542	106
2	542	273
2	543	360
2	543	802
2	544	271
2	544	547
2	546	412
2	548	833
2	551	428
2	553	622
2	554	113
2	555	333
2	556	457
2	557	431
2	558	54
2	559	776
2	560	461
2	560	796
2	560	883
2	561	659
2	564	9
2	564	175
2	564	305
2	564	369
2	564	580
2	565	646
2	566	710
2	566	750
2	567	470
2	570	770
2	571	814
2	572	21
2	573	110
2	573	423
2	573	639
2	574	31
2	574	684
2	575	673
2	576	487
2	576	903
2	578	878
2	580	337
2	580	454
2	580	637
2	581	772
2	582	276
2	582	935
2	583	144
2	583	672
2	586	864
2	587	460
2	589	193
2	590	601
2	592	488
2	592	514
2	593	762
2	596	97
2	598	336
2	598	872
2	599	525
2	600	311
2	601	169
2	601	312
2	601	588
2	602	484
2	603	455
2	604	328
2	604	625
2	604	781
2	605	384
2	605	908
2	606	810
2	607	141
2	607	202
2	607	209
2	607	558
2	607	636
2	608	84
2	608	351
2	608	531
2	608	674
2	609	233
2	609	400
2	609	649
2	610	324
2	610	619
2	611	330
2	611	392
2	613	170
2	613	214
2	613	397
2	613	441
2	614	590
2	615	197
2	615	767
2	616	584
2	617	993
2	618	220
2	618	711
2	620	791
2	621	704
2	622	675
2	623	364
2	623	640
2	624	237
2	624	698
2	624	738
2	628	151
2	629	551
2	629	891
2	630	40
2	630	425
2	632	20
2	632	549
2	632	678
2	632	817
2	634	377
2	635	130
2	635	289
2	635	671
2	640	255
2	641	823
2	641	913
2	643	434
2	646	515
2	647	132
2	648	51
2	651	402
2	651	528
2	654	210
2	654	520
2	655	264
2	656	186
2	656	405
2	656	517
2	657	215
2	659	58
2	660	976
2	663	912
2	664	30
2	664	147
2	664	687
2	664	987
2	666	481
2	666	666
2	667	409
2	669	880
2	670	221
2	672	57
2	674	448
2	674	567
2	675	140
2	675	841
2	677	388
2	677	648
2	679	345
2	681	126
2	683	17
2	683	163
2	684	23
2	684	177
2	686	212
2	686	432
2	686	630
2	686	787
2	687	380
2	687	714
2	687	756
2	689	154
2	689	998
2	692	201
2	692	491
2	693	96
2	693	911
2	697	37
2	697	142
2	697	357
2	698	545
2	699	744
2	701	679
2	701	731
2	702	281
2	702	784
2	704	452
2	704	556
2	705	241
2	706	160
2	706	309
2	707	394
2	707	790
2	708	303
2	710	65
2	710	691
2	711	412
2	711	453
2	711	821
2	712	327
2	712	853
2	713	19
2	717	395
2	718	932
2	719	617
2	720	266
2	720	505
2	721	207
2	721	562
2	722	66
2	723	588
2	724	182
2	725	294
2	726	668
2	727	42
2	727	117
2	727	444
2	727	928
2	728	43
2	728	329
2	728	706
2	731	234
2	731	716
2	732	508
2	732	510
2	732	752
2	733	592
2	733	764
2	736	67
2	737	85
2	737	103
2	737	379
2	737	669
2	737	803
2	738	494
2	741	35
2	744	271
2	744	282
2	744	762
2	746	229
2	746	663
2	750	439
2	750	530
2	751	129
2	753	963
2	754	930
2	755	72
2	755	133
2	757	263
2	758	583
2	759	580
2	759	793
2	760	693
2	761	509
2	762	686
2	763	189
2	763	317
2	764	137
2	764	418
2	765	717
2	765	974
2	766	109
2	766	603
2	767	114
2	768	361
2	768	504
2	770	13
2	770	146
2	770	260
2	771	792
2	772	381
2	772	703
2	774	88
2	774	624
2	775	371
2	776	36
2	778	831
2	779	305
2	781	254
2	781	552
2	782	565
2	783	102
2	784	850
2	785	795
2	786	235
2	786	522
2	788	290
2	788	501
2	788	560
2	789	742
2	790	349
2	790	665
2	791	75
2	791	496
2	792	558
2	793	378
2	794	983
2	796	143
2	797	476
2	797	765
2	797	778
2	798	954
2	802	384
2	802	386
2	803	832
2	804	525
2	804	940
2	805	682
2	805	909
2	807	20
2	808	498
2	809	206
2	811	92
2	816	55
2	816	130
2	816	425
2	819	999
2	823	502
2	824	216
2	824	785
2	826	52
2	827	272
2	827	342
2	827	412
2	829	950
2	830	963
2	831	128
2	831	326
2	833	352
2	835	882
2	836	581
2	837	549
2	839	159
2	843	531
2	843	779
2	847	711
2	848	292
2	848	687
2	848	701
2	850	227
2	850	259
2	850	429
2	851	791
2	853	787
2	854	73
2	855	336
2	855	954
2	856	590
2	860	484
2	861	719
2	862	48
2	863	752
2	865	947
2	866	278
2	867	889
2	868	63
2	868	209
2	870	201
2	870	462
2	872	639
2	874	873
2	875	167
2	875	725
2	875	988
2	878	944
2	879	662
2	880	450
2	880	841
2	881	364
2	881	942
2	882	363
2	883	854
2	885	360
2	885	551
2	885	614
2	886	76
2	886	439
2	886	569
2	889	547
2	891	156
2	891	162
2	894	739
2	896	200
2	900	54
2	900	579
2	901	311
2	902	857
2	903	632
2	904	638
2	906	384
2	908	389
2	910	296
2	911	289
2	911	727
2	912	220
2	913	516
2	913	612
2	914	238
2	914	392
2	915	193
2	915	853
2	916	339
2	917	905
2	919	309
2	921	653
2	921	738
2	923	14
2	923	415
2	923	904
2	924	756
2	926	273
2	926	560
2	928	194
2	929	849
2	931	174
2	931	338
2	931	398
2	931	867
2	933	144
2	934	762
2	937	464
2	937	667
2	938	71
2	938	490
2	938	733
2	939	155
2	940	518
2	941	245
2	942	397
2	942	900
2	945	467
2	945	846
2	945	983
2	946	16
2	946	512
2	949	641
2	950	969
2	951	380
2	953	595
2	954	181
2	954	999
2	955	242
2	956	822
2	957	604
2	958	505
2	959	328
2	961	158
2	961	447
2	963	670
2	964	585
2	965	152
2	965	266
2	966	34
2	967	409
2	968	256
2	968	351
2	970	414
2	972	491
2	972	549
2	974	747
2	975	373
2	975	472
2	975	923
2	977	875
2	978	65
2	978	67
2	978	274
2	982	402
2	983	86
2	984	106
2	990	785
2	991	725
2	992	594
2	992	715
2	993	265
2	995	981
2	997	248
2	997	802
2	998	42
2	998	393
2	998	487
2	1000	83
2	1000	567
2	1001	484
2	1001	575
2	1002	553
2	1003	369
2	1004	542
2	1005	523
2	1005	765
2	1006	999
2	1007	233
2	1007	504
2	1007	928
2	1007	962
2	1009	341
2	1010	281
2	1010	957
2	1014	609
2	1014	934
2	1015	499
2	1015	574
2	1017	130
2	1018	157
2	1019	376
2	1020	489
2	1020	527
2	1025	240
2	1025	293
2	1025	297
2	1025	746
2	1025	813
2	1026	497
2	1027	93
2	1027	173
2	1027	286
2	1028	47
2	1028	430
2	1029	333
2	1029	708
2	1031	287
2	1032	244
2	1032	471
2	1033	146
2	1033	850
2	1035	113
2	1035	740
2	1036	110
2	1036	457
2	1036	493
2	1037	305
2	1038	621
2	1039	359
2	1039	772
2	1042	468
2	1043	165
2	1043	377
2	1043	404
2	1043	730
2	1043	792
2	1044	545
2	1044	913
2	1045	577
2	1046	663
2	1046	719
2	1047	400
2	1048	507
2	1048	737
2	1049	892
2	1050	252
2	1050	534
2	1051	121
2	1051	285
2	1052	884
2	1054	706
2	1055	9
2	1055	636
2	1056	713
2	1056	780
2	1056	906
2	1057	744
2	1058	445
2	1058	760
2	1058	902
2	1060	900
2	1061	909
2	1063	449
2	1063	969
2	1064	627
2	1065	602
2	1065	732
2	1066	95
2	1066	98
2	1066	956
2	1067	218
2	1069	290
2	1070	880
2	1072	148
2	1073	937
2	1073	989
2	1075	216
2	1076	655
2	1077	90
2	1077	761
2	1080	277
2	1080	643
2	1083	251
2	1083	411
2	1084	555
2	1087	672
2	1087	707
2	1088	296
2	1089	123
2	1089	653
2	1089	703
2	1090	206
2	1090	635
2	1093	135
2	1093	325
2	1094	566
2	1095	266
2	1096	565
2	1097	587
2	1099	501
2	1102	539
2	1103	326
2	1104	8
2	1104	919
2	1105	762
2	1106	823
2	1110	665
2	1111	334
2	1111	726
2	1112	315
2	1112	410
2	1113	51
2	1113	61
2	1113	249
2	1114	210
2	1115	510
2	1116	176
2	1116	528
2	1117	150
2	1117	479
2	1118	115
2	1118	137
2	1118	425
2	1118	498
2	1118	793
2	1119	735
2	1122	475
2	1123	935
2	1124	29
2	1124	826
2	1125	798
2	1125	840
2	1127	429
2	1127	467
2	1128	506
2	1128	517
2	1128	698
2	1129	272
2	1129	428
2	1129	512
2	1132	84
2	1132	529
2	1132	616
2	1133	260
2	1133	783
2	1134	289
2	1134	694
2	1136	261
2	1136	395
2	1137	753
2	1139	360
2	1140	241
2	1141	357
2	1142	119
2	1144	926
2	1146	138
2	1147	339
2	1151	750
2	1152	531
2	1152	620
2	1154	37
2	1154	159
2	1154	773
2	1154	963
2	1155	14
2	1156	307
2	1157	462
2	1157	705
2	1158	669
2	1162	579
2	1163	313
2	1164	816
2	1165	83
2	1165	314
2	1165	615
2	1166	626
2	1167	322
2	1167	684
2	1168	457
2	1169	173
2	1169	745
2	1170	257
2	1171	120
2	1171	490
2	1171	818
2	1172	374
2	1173	609
2	1175	603
2	1178	50
2	1178	983
2	1180	548
2	1180	780
2	1181	659
2	1182	654
2	1183	693
2	1184	748
2	1186	201
2	1188	94
2	1188	712
2	1190	716
2	1190	903
2	1191	536
2	1192	177
2	1192	814
2	1193	233
2	1194	856
2	1195	391
2	1196	578
2	1196	638
2	1199	293
2	1200	385
2	1201	614
2	1202	882
2	1203	456
2	1203	460
2	1203	689
2	1204	749
2	1205	164
2	1206	4
2	1208	283
2	1209	403
2	1209	522
2	1210	668
2	1212	151
2	1214	132
2	1215	754
2	1215	988
2	1216	40
2	1216	404
2	1217	337
2	1217	564
2	1218	141
2	1218	541
2	1219	836
2	1220	99
2	1220	341
2	1221	56
2	1222	373
2	1222	533
2	1225	102
2	1225	300
2	1225	435
2	1226	127
2	1227	771
2	1229	297
2	1234	185
2	1235	661
2	1239	239
2	1241	412
2	1242	574
2	1243	699
2	1244	436
2	1245	476
2	1247	285
2	1247	353
2	1247	947
2	1248	181
2	1248	264
2	1248	382
2	1249	298
2	1251	91
2	1252	65
2	1253	89
2	1254	378
2	1255	640
2	1256	551
2	1258	532
2	1259	288
2	1260	113
2	1261	997
2	1262	789
2	1263	524
2	1263	955
2	1264	318
2	1264	454
2	1265	703
2	1266	742
2	1267	49
2	1267	706
2	1269	10
2	1270	908
2	1271	169
2	1271	292
2	1271	547
2	1272	262
2	1273	555
2	1274	573
2	1274	642
2	1274	864
2	1275	274
2	1275	556
2	1276	434
2	1276	602
2	1277	53
2	1277	290
2	1277	681
2	1278	474
2	1279	820
2	1279	979
2	1280	125
2	1280	493
2	1281	224
2	1281	683
2	1282	390
2	1284	122
2	1285	66
2	1286	279
2	1288	109
2	1288	163
2	1288	278
2	1288	601
2	1288	650
2	1289	576
2	1290	166
2	1290	237
2	1290	422
2	1290	554
2	1291	246
2	1291	500
2	1292	48
2	1292	462
2	1293	316
2	1293	570
2	1293	926
2	1294	45
2	1294	195
2	1295	358
2	1295	366
2	1295	399
2	1295	1000
2	1296	371
2	1297	221
2	1297	387
2	1298	47
2	1298	145
2	1298	912
2	1299	130
2	1299	538
2	1299	833
2	1300	502
2	1300	600
2	1301	508
2	1302	702
2	1305	357
2	1305	464
2	1305	677
2	1305	787
2	1308	9
2	1308	478
2	1309	515
2	1309	713
2	1311	220
2	1312	823
2	1313	287
2	1313	676
2	1315	375
2	1315	584
2	1315	799
2	1316	848
2	1319	289
2	1321	633
2	1322	553
2	1326	323
2	1326	407
2	1326	486
2	1326	516
2	1327	188
2	1327	446
2	1327	671
2	1327	735
2	1328	85
2	1328	443
2	1329	552
2	1329	783
2	1331	211
2	1331	657
2	1332	18
2	1332	171
2	1333	98
2	1333	241
2	1333	441
2	1333	700
2	1334	117
2	1334	527
2	1335	260
2	1337	303
2	1338	80
2	1338	572
2	1340	470
2	1342	354
2	1342	759
2	1347	386
2	1349	350
2	1349	568
2	1349	667
2	1350	773
2	1352	305
2	1353	864
2	1356	191
2	1359	155
2	1361	665
2	1361	752
2	1362	162
2	1363	222
2	1363	328
2	1364	608
2	1368	136
2	1368	299
2	1368	545
2	1369	577
2	1371	343
2	1372	530
2	1375	718
2	1376	417
2	1378	173
2	1378	438
2	1378	798
2	1379	763
2	1381	268
2	1386	477
2	1387	715
2	1388	920
2	1389	445
2	1389	518
2	1389	531
2	1389	611
2	1390	645
2	1390	871
2	1392	14
2	1392	367
2	1392	467
2	1392	737
2	1392	867
2	1393	900
2	1394	281
2	1395	586
2	1395	687
2	1395	744
2	1396	307
2	1396	408
2	1396	423
2	1397	224
2	1398	990
2	1399	461
2	1399	541
2	1399	757
2	1400	741
2	1401	212
2	1401	400
2	1401	410
2	1402	942
2	1403	147
2	1404	261
2	1407	473
2	1407	574
2	1408	435
2	1408	734
2	1409	373
2	1410	318
2	1412	61
2	1412	472
2	1412	615
2	1413	349
2	1413	649
2	1414	691
2	1414	695
2	1415	301
2	1415	603
2	1416	4
2	1416	647
2	1416	807
2	1417	459
2	1418	313
2	1418	334
2	1419	118
2	1419	418
2	1419	992
2	1420	77
2	1420	432
2	1420	624
2	1420	786
2	1420	802
2	1422	187
2	1422	728
2	1423	393
2	1423	769
2	1424	979
2	1425	629
2	1425	961
2	1426	772
2	1426	841
2	1427	28
2	1428	114
2	1428	483
2	1429	238
2	1429	567
2	1432	84
2	1432	559
2	1432	631
2	1433	144
2	1435	419
2	1435	614
2	1436	110
2	1437	909
2	1438	213
2	1443	146
2	1443	331
2	1448	249
2	1449	448
2	1451	65
2	1453	160
2	1453	242
2	1454	248
2	1454	722
2	1455	15
2	1456	91
2	1456	495
2	1457	105
2	1458	108
2	1459	492
2	1459	977
2	1460	50
2	1463	975
2	1464	235
2	1465	719
2	1466	796
2	1468	392
2	1468	609
2	1470	309
2	1471	23
2	1472	317
2	1473	265
2	1474	97
2	1475	538
2	1475	643
2	1476	8
2	1477	286
2	1477	736
2	1478	195
2	1479	686
2	1480	345
2	1480	730
2	1480	770
2	1480	857
2	1480	948
2	1482	916
2	1483	290
2	1484	34
2	1484	83
2	1486	126
2	1486	465
2	1487	642
2	1488	526
2	1488	535
2	1489	902
2	1490	487
2	1490	666
2	1491	405
2	1491	463
2	1491	583
2	1491	863
2	1492	64
2	1492	150
2	1493	462
2	1494	13
2	1495	592
2	1495	692
2	1496	106
2	1497	208
2	1497	507
2	1497	622
2	1499	142
2	1499	478
2	1499	960
2	1500	76
2	1500	674
2	1500	876
2	1501	43
2	1501	45
2	1501	189
2	1503	7
2	1503	768
2	1505	74
2	1506	455
2	1507	163
2	1509	596
2	1509	738
2	1510	104
2	1510	628
2	1511	79
2	1512	20
2	1512	578
2	1513	554
2	1513	605
2	1515	54
2	1517	207
2	1517	347
2	1518	633
2	1518	708
2	1519	977
2	1520	32
2	1520	359
2	1521	561
2	1524	75
2	1526	710
2	1528	100
2	1528	451
2	1529	662
2	1530	18
2	1530	237
2	1530	267
2	1530	814
2	1531	167
2	1534	655
2	1535	895
2	1537	844
2	1537	975
2	1541	761
2	1541	783
2	1542	745
2	1543	888
2	1544	181
2	1544	545
2	1546	368
2	1547	612
2	1548	116
2	1549	857
2	1551	183
2	1552	350
2	1553	135
2	1554	697
2	1554	742
2	1556	294
2	1557	848
2	1559	124
2	1559	253
2	1559	823
2	1560	247
2	1560	284
2	1562	765
2	1565	358
2	1566	402
2	1566	501
2	1566	635
2	1567	630
2	1568	2
2	1568	885
2	1569	429
2	1571	261
2	1572	866
2	1573	899
2	1575	171
2	1576	195
2	1576	817
2	1577	198
2	1577	252
2	1577	289
2	1578	627
2	1579	111
2	1579	646
2	1580	53
2	1582	22
2	1582	221
2	1584	380
2	1584	976
2	1585	123
2	1585	435
2	1585	799
2	1586	764
2	1587	304
2	1587	397
2	1588	564
2	1589	169
2	1589	215
2	1589	351
2	1589	951
2	1590	81
2	1592	946
2	1592	967
2	1593	136
2	1593	619
2	1595	385
2	1595	892
2	1595	910
2	1596	484
2	1596	793
2	1597	73
2	1597	170
2	1598	24
2	1598	500
2	1598	587
2	1600	165
2	1601	446
2	1602	72
2	1603	398
2	1603	750
2	1604	349
2	1604	681
2	1605	704
2	1609	59
2	1609	447
2	1610	746
2	1610	827
2	1610	907
2	1611	346
2	1611	390
2	1611	459
2	1614	196
2	1615	173
2	1616	15
2	1616	23
2	1616	527
2	1616	752
2	1619	11
2	1619	197
2	1620	30
2	1623	214
2	1623	322
2	1624	955
2	1626	456
2	1626	517
2	1626	749
2	1627	685
2	1628	375
2	1629	326
2	1629	950
2	1631	774
2	1631	848
2	1631	914
2	1632	206
2	1632	870
2	1632	919
2	1633	155
2	1634	546
2	1634	766
2	1637	417
2	1640	784
2	1644	466
2	1645	213
2	1645	412
2	1647	921
2	1648	341
2	1648	414
2	1649	230
2	1651	262
2	1651	578
2	1652	13
2	1652	112
2	1652	702
2	1652	780
2	1653	858
2	1654	321
2	1654	327
2	1655	52
2	1655	604
2	1655	671
2	1655	852
2	1656	445
2	1656	782
2	1658	442
2	1658	600
2	1658	705
2	1659	596
2	1661	8
2	1661	219
2	1662	962
2	1663	598
2	1664	227
2	1664	365
2	1666	401
2	1667	145
2	1667	617
2	1667	989
2	1669	278
2	1670	441
2	1672	51
2	1673	264
2	1673	342
2	1676	131
2	1676	291
2	1676	339
2	1676	550
2	1676	743
2	1677	186
2	1677	451
2	1678	183
2	1678	590
2	1679	267
2	1679	283
2	1681	388
2	1684	371
2	1684	945
2	1687	416
2	1687	686
2	1688	241
2	1689	309
2	1690	491
2	1690	783
2	1691	457
2	1691	506
2	1692	149
2	1692	259
2	1693	922
2	1695	701
2	1696	210
2	1696	674
2	1696	943
2	1697	231
2	1697	732
2	1698	44
2	1699	228
2	1702	629
2	1703	846
2	1704	493
2	1704	628
2	1704	771
2	1705	94
2	1705	575
2	1706	263
2	1706	891
2	1707	181
2	1707	698
2	1707	720
2	1710	330
2	1710	599
2	1710	601
2	1712	556
2	1712	645
2	1712	971
2	1713	407
2	1715	367
2	1716	548
2	1717	224
2	1720	240
2	1720	286
2	1721	258
2	1721	984
2	1722	461
2	1725	377
2	1727	572
2	1728	293
2	1730	514
2	1731	986
2	1732	255
2	1732	706
2	1733	334
2	1733	938
2	1735	209
2	1735	965
2	1736	137
2	1736	860
2	1737	167
2	1737	306
2	1738	256
2	1738	337
2	1741	465
2	1741	772
2	1744	796
2	1746	525
2	1746	708
2	1746	831
2	1746	899
2	1747	118
2	1748	95
2	1750	713
2	1751	86
2	1751	555
2	1754	814
2	1754	953
2	1755	184
2	1755	202
2	1757	637
2	1758	799
2	1758	875
2	1760	53
2	1760	333
2	1760	921
2	1761	541
2	1765	688
2	1766	386
2	1767	400
2	1767	815
2	1767	835
2	1769	595
2	1770	116
2	1770	775
2	1772	677
2	1774	17
2	1774	757
2	1775	70
2	1776	643
2	1777	182
2	1780	26
2	1780	32
2	1780	119
2	1782	368
2	1782	890
2	1784	14
2	1784	168
2	1786	7
2	1789	117
2	1789	876
2	1790	98
2	1790	196
2	1790	384
2	1790	399
2	1791	35
2	1791	111
2	1791	816
2	1793	665
2	1794	693
2	1794	901
2	1795	55
2	1797	290
2	1799	139
2	1799	498
2	1800	489
2	1801	164
2	1801	754
2	1802	310
2	1803	273
2	1804	594
2	1805	559
2	1805	670
2	1809	948
2	1810	547
2	1812	433
2	1815	562
2	1815	954
2	1818	921
2	1820	205
2	1820	755
2	1821	24
2	1822	411
2	1822	436
2	1822	902
2	1822	941
2	1825	418
2	1825	500
2	1825	953
2	1827	872
2	1828	242
2	1829	220
2	1829	584
2	1831	49
2	1831	890
2	1834	664
2	1835	683
2	1836	733
2	1836	930
2	1837	509
2	1837	648
2	1838	879
2	1839	144
2	1840	675
2	1841	138
2	1841	224
2	1842	1
2	1845	408
2	1847	765
2	1848	763
2	1849	622
2	1849	631
2	1850	839
2	1851	785
2	1852	311
2	1852	529
2	1853	390
2	1854	41
2	1855	148
2	1855	687
2	1856	551
2	1857	968
2	1860	359
2	1860	776
2	1862	470
2	1862	531
2	1864	414
2	1865	735
2	1866	505
2	1866	521
2	1867	330
2	1867	580
2	1868	479
2	1869	459
2	1870	275
2	1870	314
2	1872	90
2	1872	663
2	1872	949
2	1873	859
2	1874	650
2	1875	472
2	1876	303
2	1877	974
2	1878	183
2	1878	381
2	1879	72
2	1879	834
2	1881	106
2	1881	926
2	1882	165
2	1882	215
2	1882	563
2	1883	135
2	1883	372
2	1884	739
2	1885	82
2	1886	8
2	1887	448
2	1888	465
2	1889	96
2	1889	686
2	1889	689
2	1890	589
2	1891	795
2	1892	270
2	1893	207
2	1893	596
2	1894	154
2	1894	437
2	1897	87
2	1897	740
2	1899	353
2	1900	57
2	1901	227
2	1901	376
2	1901	404
2	1901	701
2	1902	421
2	1904	549
2	1904	929
2	1905	291
2	1905	911
2	1906	512
2	1907	816
2	1908	261
2	1908	603
2	1909	157
2	1909	753
2	1911	745
2	1913	742
2	1914	346
2	1914	407
2	1916	669
2	1917	315
2	1919	446
2	1920	423
2	1920	705
2	1921	142
2	1921	348
2	1921	845
2	1921	936
2	1923	400
2	1925	536
2	1925	886
2	1926	260
2	1928	167
2	1928	543
2	1929	255
2	1930	293
2	1930	630
2	1934	285
2	1934	350
2	1934	884
2	1935	199
2	1936	118
2	1937	62
2	1938	768
2	1940	338
2	1943	155
2	1944	373
2	1944	641
2	1945	388
2	1945	794
2	1946	86
2	1946	804
2	1947	66
2	1950	553
2	1951	594
2	1954	861
2	1955	455
2	1955	759
2	1959	729
2	1960	477
2	1961	103
2	1961	160
2	1963	532
2	1964	700
2	1965	31
2	1965	961
2	1967	104
2	1967	850
2	1968	552
2	1970	354
2	1970	539
2	1970	627
2	1971	117
2	1971	226
2	1971	625
2	1971	738
2	1972	80
2	1972	252
2	1972	702
2	1973	214
2	1974	495
2	1975	236
2	1975	699
2	1976	295
2	1978	37
2	1978	40
2	1978	76
2	1980	675
2	1982	816
2	1984	487
2	1985	854
2	1986	145
2	1988	488
2	1988	517
2	1988	523
2	1988	772
2	1989	793
2	1990	23
2	1993	70
2	1993	932
2	1994	414
2	1994	545
2	1994	645
2	1995	402
2	1995	619
2	1996	168
2	1996	460
2	1996	611
2	1996	642
2	1996	828
2	1997	494
2	1997	788
2	1998	638
2	1998	814
2	2001	79
2	2001	636
2	2002	188
2	2004	281
2	2004	349
2	2005	590
2	2006	256
2	2006	823
2	2007	343
2	2009	9
2	2010	42
2	2010	719
2	2012	394
2	2012	474
2	2014	514
2	2015	94
2	2015	411
2	2015	576
2	2015	839
2	2017	340
2	2017	527
2	2018	111
2	2018	489
2	2019	282
2	2020	43
2	2020	881
2	2022	529
2	2022	711
2	2022	940
2	2023	251
2	2024	102
2	2025	347
2	2026	233
2	2026	444
2	2027	100
2	2027	143
2	2028	715
2	2029	28
2	2029	238
2	2032	428
2	2032	580
2	2034	581
2	2034	723
2	2035	397
2	2036	146
2	2036	585
2	2036	967
2	2037	635
2	2037	900
2	2039	752
2	2040	371
2	2041	533
2	2041	571
2	2041	587
2	2041	778
2	2041	823
2	2043	526
2	2044	398
2	2045	506
2	2046	810
2	2047	317
2	2047	876
2	2048	56
2	2049	392
2	2049	519
2	2049	884
2	2050	30
2	2050	531
2	2050	780
2	2050	985
2	2052	153
2	2052	181
2	2053	848
2	2054	867
2	2055	536
2	2059	227
2	2059	733
2	2060	989
2	2062	274
2	2062	406
2	2063	714
2	2064	250
2	2064	692
2	2065	716
2	2066	618
2	2068	301
2	2068	379
2	2068	510
2	2070	97
2	2070	240
2	2070	432
2	2073	134
2	2073	974
2	2075	905
2	2076	26
2	2076	203
2	2076	289
2	2076	564
2	2076	898
2	2077	218
2	2078	653
2	2078	676
2	2080	71
2	2081	942
2	2082	351
2	2083	21
2	2085	374
2	2088	491
2	2088	708
2	2094	470
2	2095	490
2	2098	207
2	2099	707
2	2099	739
2	2100	68
2	2101	54
2	2102	285
2	2104	337
2	2105	797
2	2106	896
2	2108	51
2	2108	983
2	2109	543
2	2109	912
2	2111	20
2	2111	63
2	2111	749
2	2112	710
2	2112	735
2	2114	596
2	2115	431
2	2117	64
2	2118	52
2	2120	329
2	2121	253
2	2123	441
2	2125	270
2	2125	926
2	2126	172
2	2127	17
2	2127	588
2	2128	139
2	2130	445
2	2130	466
2	2132	72
2	2134	252
2	2135	442
2	2135	686
2	2135	765
2	2135	902
2	2137	409
2	2138	119
2	2138	578
2	2138	970
2	2139	315
2	2142	223
2	2142	801
2	2142	972
2	2143	973
2	2144	380
2	2145	83
2	2145	262
2	2145	643
2	2146	517
2	2150	394
2	2153	666
2	2154	179
2	2154	476
2	2159	158
2	2161	124
2	2161	273
2	2163	713
2	2164	434
2	2166	731
2	2169	761
2	2170	194
2	2171	148
2	2172	528
2	2172	974
2	2173	701
2	2174	760
2	2175	609
2	2175	688
2	2175	839
2	2176	977
2	2177	785
2	2178	9
2	2178	27
2	2178	228
2	2178	562
2	2178	929
2	2179	656
2	2181	49
2	2181	359
2	2181	750
2	2183	57
2	2185	170
2	2186	152
2	2187	229
2	2188	764
2	2188	1000
2	2189	88
2	2191	687
2	2191	738
2	2192	310
2	2192	488
2	2193	235
2	2194	305
2	2194	390
2	2194	502
2	2195	168
2	2195	803
2	2196	199
2	2196	736
2	2197	647
2	2201	605
2	2202	992
2	2204	1
2	2205	663
2	2207	277
2	2210	462
2	2213	403
2	2214	342
2	2216	174
2	2216	559
2	2217	649
2	2218	698
2	2219	539
2	2219	551
2	2220	31
2	2220	415
2	2220	623
2	2220	699
2	2222	354
2	2222	903
2	2223	173
2	2223	260
2	2223	685
2	2223	945
2	2224	497
2	2225	254
2	2225	674
2	2227	18
2	2227	670
2	2228	577
2	2228	777
2	2230	332
2	2230	680
2	2230	790
2	2231	608
2	2231	784
2	2232	106
2	2232	433
2	2232	956
2	2236	483
2	2236	780
2	2237	485
2	2237	641
2	2237	922
2	2238	658
2	2238	797
2	2239	459
2	2240	222
2	2240	631
2	2242	802
2	2243	73
2	2243	742
2	2243	818
2	2244	175
2	2244	395
2	2246	837
2	2247	265
2	2247	405
2	2248	758
2	2249	514
2	2250	469
2	2250	544
2	2252	87
2	2252	312
2	2252	319
2	2252	648
2	2254	385
2	2255	316
2	2255	555
2	2255	601
2	2257	48
2	2257	304
2	2259	978
2	2261	122
2	2263	75
2	2264	198
2	2264	652
2	2266	458
2	2267	428
2	2268	650
2	2269	326
2	2269	358
2	2270	231
2	2270	424
2	2270	566
2	2270	673
2	2271	799
2	2273	267
2	2273	783
2	2274	943
2	2275	689
2	2275	794
2	2278	46
2	2278	140
2	2278	558
2	2279	628
2	2279	741
2	2280	341
2	2280	739
2	2281	447
2	2281	568
2	2283	131
2	2284	456
2	2284	965
2	2285	373
2	2285	454
2	2286	364
2	2286	753
2	2286	956
2	2287	788
2	2287	865
2	2288	407
2	2288	779
2	2291	807
2	2292	435
2	2292	932
2	2293	3
2	2294	180
2	2294	986
2	2297	392
2	2298	263
2	2298	735
2	2299	436
2	2300	306
2	2301	409
2	2302	901
2	2303	5
2	2303	610
2	2304	138
2	2304	598
2	2304	696
2	2306	164
2	2307	61
2	2308	105
2	2309	129
2	2310	155
2	2310	378
2	2311	238
2	2312	95
2	2312	744
2	2315	792
2	2316	83
2	2318	720
2	2321	599
2	2322	150
2	2322	563
2	2323	55
2	2323	574
2	2325	50
2	2325	128
2	2326	728
2	2330	220
2	2330	290
2	2331	216
2	2331	371
2	2331	474
2	2332	553
2	2332	781
2	2332	898
2	2333	479
2	2334	190
2	2336	619
2	2336	723
2	2337	355
2	2337	969
2	2339	37
2	2339	411
2	2340	262
2	2340	308
2	2342	149
2	2342	362
2	2343	81
2	2343	160
2	2344	179
2	2344	250
2	2344	638
2	2345	116
2	2345	309
2	2345	765
2	2345	980
2	2346	125
2	2346	460
2	2346	560
2	2347	165
2	2348	163
2	2348	229
2	2348	300
2	2348	918
2	2349	520
2	2349	773
2	2349	798
2	2350	109
2	2350	446
2	2351	92
2	2352	987
2	2353	478
2	2354	388
2	2355	247
2	2360	556
2	2361	992
2	2362	431
2	2363	67
2	2365	664
2	2365	743
2	2367	24
2	2369	406
2	2371	338
2	2371	356
2	2372	649
2	2373	154
2	2373	199
2	2373	295
2	2374	854
2	2375	439
2	2377	273
2	2377	463
2	2378	126
2	2379	517
2	2380	68
2	2382	146
2	2382	486
2	2382	832
2	2382	844
2	2383	712
2	2383	799
2	2384	169
2	2385	451
2	2385	583
2	2385	859
2	2386	281
2	2387	319
2	2387	604
2	2389	264
2	2389	755
2	2390	91
2	2392	208
2	2395	519
2	2401	548
2	2402	21
2	2402	793
2	2403	715
2	2404	837
2	2407	917
2	2409	49
2	2409	633
2	2409	713
2	2410	951
2	2411	302
2	2412	171
2	2413	751
2	2414	16
2	2415	615
2	2416	525
2	2417	370
2	2418	684
2	2419	119
2	2420	305
2	2420	342
2	2420	995
2	2423	102
2	2423	545
2	2424	322
2	2424	822
2	2427	89
2	2427	974
2	2427	1000
2	2431	245
2	2432	130
2	2432	639
2	2432	851
2	2433	923
2	2434	63
2	2435	490
2	2436	877
2	2444	770
2	2447	402
2	2448	249
2	2449	291
2	2450	385
2	2451	334
2	2451	666
2	2453	328
2	2454	394
2	2454	768
2	2456	661
2	2457	57
2	2457	76
2	2457	158
2	2459	904
2	2461	137
2	2461	667
2	2462	409
2	2463	9
2	2463	136
2	2463	294
2	2463	450
2	2465	143
2	2465	389
2	2465	594
2	2466	226
2	2466	754
2	2468	716
2	2469	298
2	2469	558
2	2472	325
2	2473	656
2	2474	885
2	2475	132
2	2475	314
2	2475	954
2	2476	636
2	2476	673
2	2476	973
2	2477	337
2	2477	503
2	2478	151
2	2478	426
2	2478	447
2	2479	349
2	2480	87
2	2482	69
2	2482	124
2	2482	465
2	2482	690
2	2482	722
2	2482	806
2	2483	546
2	2484	729
2	2485	911
2	2488	17
2	2490	472
2	2491	567
2	2493	959
2	2494	78
2	2494	167
2	2494	879
2	2497	320
2	2497	471
2	2497	725
2	2498	348
2	2499	788
2	2500	854
2	2503	153
2	2503	162
2	2504	868
2	2507	487
2	2508	33
2	2508	50
2	2509	235
2	2509	670
2	2510	763
2	2511	869
2	2511	883
2	2513	188
2	2513	787
2	2514	147
2	2514	481
2	2514	739
2	2515	311
2	2516	8
2	2516	138
2	2519	407
2	2520	390
2	2521	642
2	2522	466
2	2523	175
2	2524	652
2	2524	655
2	2526	272
2	2527	784
2	2528	362
2	2529	566
2	2529	719
2	2531	602
2	2532	103
2	2532	605
2	2532	609
2	2532	877
2	2534	161
2	2535	142
2	2535	482
2	2535	588
2	2536	856
2	2537	51
2	2537	533
2	2539	125
2	2540	607
2	2541	515
2	2541	678
2	2541	789
2	2542	492
2	2543	501
2	2544	71
2	2544	250
2	2544	659
2	2544	798
2	2545	381
2	2546	974
2	2547	570
2	2548	5
2	2550	82
2	2551	477
2	2551	848
2	2552	173
2	2554	34
2	2555	42
2	2555	266
2	2555	750
2	2556	637
2	2558	489
2	2559	306
2	2560	435
2	2560	762
2	2563	299
2	2563	621
2	2563	874
2	2564	185
2	2565	420
2	2565	544
2	2565	622
2	2566	989
2	2567	128
2	2568	202
2	2568	270
2	2569	118
2	2571	877
2	2572	61
2	2572	201
2	2573	431
2	2574	658
2	2575	92
2	2575	706
2	2575	767
2	2575	854
2	2576	12
2	2576	382
2	2576	628
2	2577	618
2	2577	684
2	2578	260
2	2578	606
2	2579	434
2	2579	786
2	2580	187
2	2580	924
2	2581	194
2	2581	619
2	2582	491
2	2582	561
2	2583	140
2	2583	573
2	2583	677
2	2583	760
2	2584	568
2	2584	943
2	2586	755
2	2587	731
2	2588	559
2	2588	859
2	2590	780
2	2592	133
2	2593	83
2	2593	152
2	2593	351
2	2593	758
2	2594	319
2	2595	259
2	2595	557
2	2597	438
2	2597	446
2	2597	653
2	2599	415
2	2600	293
2	2600	829
2	2601	578
2	2602	253
2	2603	639
2	2604	192
2	2606	329
2	2607	193
2	2607	277
2	2608	196
2	2610	509
2	2611	287
2	2611	436
2	2611	953
2	2611	971
2	2612	41
2	2612	164
2	2614	654
2	2614	857
2	2615	84
2	2615	317
2	2616	262
2	2616	354
2	2617	766
2	2618	298
2	2618	405
2	2618	449
2	2620	505
2	2621	240
2	2622	236
2	2622	388
2	2623	232
2	2623	771
2	2624	444
2	2625	310
2	2625	765
2	2625	787
2	2626	740
2	2628	340
2	2628	468
2	2629	539
2	2630	674
2	2632	246
2	2635	328
2	2636	923
2	2637	660
2	2638	98
2	2639	314
2	2639	944
2	2640	112
2	2641	483
2	2641	584
2	2643	81
2	2645	101
2	2645	499
2	2645	702
2	2647	419
2	2648	14
2	2648	90
2	2648	409
2	2649	579
2	2649	913
2	2652	936
2	2654	768
2	2655	553
2	2655	574
2	2656	268
2	2657	342
2	2658	148
2	2659	597
2	2660	126
2	2660	675
2	2661	69
2	2661	119
2	2661	757
2	2662	759
2	2663	364
2	2664	418
2	2664	636
2	2665	226
2	2665	756
2	2666	937
2	2666	993
2	2671	996
2	2673	290
2	2673	459
2	2674	545
2	2674	604
2	2674	734
2	2674	939
2	2676	153
2	2676	744
2	2679	244
2	2679	516
2	2683	458
2	2688	404
2	2690	874
2	2692	385
2	2693	414
2	2693	518
2	2693	556
2	2694	575
2	2696	321
2	2696	969
2	2697	54
2	2698	793
2	2699	688
2	2701	48
2	2701	302
2	2701	646
2	2703	585
2	2704	47
2	2704	207
2	2704	263
2	2704	716
2	2706	92
2	2707	341
2	2708	935
2	2708	964
2	2709	32
2	2709	488
2	2709	632
2	2709	954
2	2710	13
2	2710	565
2	2710	895
2	2711	62
2	2711	536
2	2711	569
2	2712	616
2	2712	737
2	2714	623
2	2716	59
2	2716	299
2	2716	791
2	2717	189
2	2717	512
2	2717	594
2	2718	15
2	2718	29
2	2719	77
2	2719	143
2	2720	43
2	2720	106
2	2721	691
2	2721	710
2	2723	336
2	2724	239
2	2726	245
2	2726	285
2	2726	878
2	2727	160
2	2730	546
2	2731	355
2	2734	131
2	2735	339
2	2735	472
2	2735	669
2	2736	233
2	2736	357
2	2736	811
2	2737	498
2	2739	103
2	2739	199
2	2740	224
2	2740	469
2	2742	155
2	2743	442
2	2743	720
2	2743	806
2	2749	9
2	2749	23
2	2750	398
2	2750	820
2	2751	206
2	2751	513
2	2754	598
2	2754	723
2	2758	423
2	2758	443
2	2758	464
2	2758	477
2	2758	683
2	2759	88
2	2762	133
2	2762	470
2	2762	684
2	2763	426
2	2766	16
2	2768	129
2	2769	948
2	2771	635
2	2771	782
2	2773	195
2	2773	733
2	2773	950
2	2774	478
2	2776	214
2	2776	440
2	2777	573
2	2780	760
2	2783	446
2	2783	497
2	2784	178
2	2784	486
2	2784	748
2	2784	786
2	2785	79
2	2785	627
2	2785	665
2	2786	61
2	2786	217
2	2787	36
2	2787	387
2	2787	763
2	2789	176
2	2789	352
2	2790	377
2	2790	451
2	2790	796
2	2791	86
2	2791	242
2	2792	40
2	2792	153
2	2792	466
2	2792	951
2	2793	202
2	2793	644
2	2794	309
2	2794	454
2	2794	975
2	2796	276
2	2798	328
2	2798	560
2	2798	971
2	2800	653
2	2802	123
2	2802	491
2	2803	612
2	2803	685
2	2804	439
2	2805	246
2	2805	280
2	2807	283
2	2808	742
2	2811	219
2	2811	563
2	2812	211
2	2812	535
2	2816	590
2	2816	986
2	2817	274
2	2818	701
2	2818	859
2	2819	866
2	2821	179
2	2821	804
2	2822	850
2	2822	987
2	2825	529
2	2825	841
2	2825	938
2	2827	354
2	2828	327
2	2829	799
2	2830	729
2	2830	918
2	2831	8
2	2831	875
2	2832	113
2	2832	492
2	2832	621
2	2833	376
2	2834	882
2	2836	589
2	2836	879
2	2837	187
2	2838	629
2	2838	743
2	2839	22
2	2840	185
2	2840	594
2	2840	650
2	2843	674
2	2844	496
2	2846	212
2	2847	140
2	2847	932
2	2848	56
2	2848	250
2	2849	462
2	2850	272
2	2850	273
2	2853	974
2	2854	779
2	2855	41
2	2855	203
2	2855	296
2	2857	131
2	2858	388
2	2859	161
2	2861	90
2	2862	224
2	2862	719
2	2862	931
2	2864	10
2	2864	286
2	2865	91
2	2865	988
2	2866	558
2	2867	13
2	2868	602
2	2868	631
2	2868	870
2	2869	44
2	2869	262
2	2869	784
2	2871	135
2	2872	197
2	2873	358
2	2873	501
2	2873	545
2	2873	705
2	2875	289
2	2877	765
2	2877	910
2	2879	183
2	2880	85
2	2880	259
2	2881	571
2	2882	68
2	2882	329
2	2882	803
2	2883	693
2	2884	348
2	2884	906
2	2886	689
2	2889	316
2	2889	615
2	2894	2
2	2894	386
2	2894	875
2	2895	415
2	2896	707
2	2897	30
2	2898	28
2	2898	585
2	2899	237
2	2900	149
2	2903	192
2	2903	204
2	2904	574
2	2904	835
2	2906	119
2	2906	852
2	2907	855
2	2909	912
2	2911	579
2	2911	727
2	2911	768
2	2914	227
2	2915	24
2	2916	319
2	2917	559
2	2918	741
2	2919	1
2	2919	776
2	2919	829
2	2926	380
2	2928	249
2	2928	284
2	2928	989
2	2930	147
2	2930	288
2	2932	982
2	2934	757
2	2936	785
2	2937	537
2	2938	613
2	2938	618
2	2938	680
2	2939	718
2	2940	53
2	2940	780
2	2941	657
2	2945	503
2	2946	370
2	2946	782
2	2947	859
2	2949	973
2	2950	324
2	2950	368
2	2950	555
2	2954	683
2	2955	141
2	2956	330
2	2956	442
2	2956	986
2	2957	208
2	2960	661
2	2960	682
2	2961	823
2	2962	803
2	2963	268
2	2963	404
2	2963	633
2	2967	23
2	2970	775
2	2971	340
2	2980	322
2	2980	893
2	2980	980
2	2981	346
2	2981	504
2	2988	338
2	2990	21
2	2990	462
2	2990	576
2	2991	59
2	2991	440
2	2991	476
2	2993	487
2	2995	97
2	2996	595
2	2997	635
2	2999	302
2	3001	552
2	3001	854
2	3003	717
2	3005	127
2	3005	493
2	3005	522
2	3005	600
2	3006	515
2	3006	561
2	3007	857
2	3009	733
2	3012	106
2	3013	160
2	3014	355
2	3014	429
2	3016	584
2	3017	63
2	3017	477
2	3017	502
2	3019	495
2	3020	27
2	3020	427
2	3021	781
2	3023	421
2	3023	712
2	3025	407
2	3026	14
2	3026	29
2	3027	165
2	3027	539
2	3027	605
2	3029	176
2	3029	409
2	3029	949
2	3030	943
2	3031	213
2	3031	572
2	3037	726
2	3039	773
2	3039	939
2	3041	40
2	3041	659
2	3041	778
2	3041	878
2	3042	377
2	3044	121
2	3044	243
2	3044	686
2	3044	978
2	3045	9
2	3045	485
2	3046	509
2	3047	794
2	3049	608
2	3049	859
2	3050	839
2	3050	993
2	3052	124
2	3052	278
2	3052	422
2	3052	525
2	3053	356
2	3053	779
2	3055	33
2	3055	488
2	3055	997
2	3056	94
2	3058	877
2	3060	96
2	3061	336
2	3062	817
2	3064	103
2	3064	202
2	3065	297
2	3065	330
2	3066	135
2	3067	375
2	3069	404
2	3069	632
2	3069	646
2	3070	109
2	3071	272
2	3071	524
2	3071	846
2	3072	352
2	3072	380
2	3072	854
2	3074	296
2	3074	461
2	3074	716
2	3074	762
2	3076	886
2	3077	770
2	3078	516
2	3078	714
2	3079	727
2	3079	881
2	3080	771
2	3082	52
2	3082	77
2	3082	457
2	3085	154
2	3085	250
2	3085	265
2	3086	519
2	3087	237
2	3087	418
2	3088	248
2	3089	132
2	3090	718
2	3092	982
2	3094	249
2	3094	304
2	3094	715
2	3095	668
2	3096	755
2	3097	314
2	3098	677
2	3098	702
2	3101	178
2	3101	619
2	3104	511
2	3105	901
2	3106	57
2	3106	169
2	3107	232
2	3107	452
2	3109	675
2	3112	351
2	3112	602
2	3112	723
2	3113	196
2	3113	367
2	3113	390
2	3113	921
2	3114	55
2	3114	211
2	3114	615
2	3116	267
2	3117	159
2	3119	439
2	3120	122
2	3122	586
2	3123	922
2	3124	787
2	3125	970
2	3125	986
2	3126	239
2	3127	279
2	3128	39
2	3128	68
2	3128	189
2	3128	703
2	3129	592
2	3130	108
2	3131	474
2	3131	780
2	3132	738
2	3134	478
2	3135	392
2	3136	161
2	3136	786
2	3136	818
2	3138	894
2	3139	334
2	3139	343
2	3141	701
2	3142	80
2	3142	252
2	3142	294
2	3143	662
2	3145	798
2	3146	150
2	3147	59
2	3147	125
2	3147	822
2	3147	838
2	3150	148
2	3150	551
2	3150	676
2	3153	120
2	3153	254
2	3155	206
2	3156	468
2	3157	761
2	3158	568
2	3158	858
2	3159	880
2	3161	583
2	3163	310
2	3163	648
2	3164	906
2	3166	916
2	3167	268
2	3169	735
2	3170	558
2	3172	91
2	3172	263
2	3174	985
2	3175	414
2	3176	685
2	3177	443
2	3178	627
2	3179	436
2	3180	999
2	3182	79
2	3184	313
2	3184	796
2	3185	556
2	3186	362
2	3186	569
2	3187	145
2	3187	732
2	3192	188
2	3192	274
2	3192	953
2	3195	731
2	3195	901
2	3199	854
2	3200	70
2	3200	259
2	3200	584
2	3201	431
2	3201	971
2	3202	172
2	3204	234
2	3204	641
2	3205	184
2	3206	998
2	3207	244
2	3207	336
2	3208	693
2	3208	876
2	3208	919
2	3209	149
2	3209	437
2	3210	483
2	3211	318
2	3211	744
2	3212	669
2	3212	788
2	3213	136
2	3213	689
2	3213	719
2	3215	190
2	3216	143
2	3216	500
2	3216	785
2	3218	245
2	3218	469
2	3219	3
2	3222	743
2	3224	388
2	3225	182
2	3226	982
2	3227	81
2	3227	163
2	3228	510
2	3229	822
2	3232	187
2	3233	185
2	3233	622
2	3234	391
2	3234	618
2	3235	10
2	3236	862
2	3240	306
2	3241	409
2	3243	770
2	3243	988
2	3244	544
2	3245	762
2	3246	358
2	3247	107
2	3247	652
2	3248	593
2	3248	702
2	3249	667
2	3250	821
2	3252	30
2	3253	355
2	3254	937
2	3256	160
2	3256	513
2	3256	716
2	3257	445
2	3258	802
2	3261	174
2	3262	782
2	3263	531
2	3264	930
2	3266	319
2	3266	601
2	3267	193
2	3267	504
2	3269	481
2	3269	546
2	3271	110
2	3271	839
2	3271	975
2	3275	661
2	3276	411
2	3276	532
2	3279	195
2	3279	725
2	3279	728
2	3280	57
2	3280	403
2	3280	787
2	3281	12
2	3281	212
2	3281	361
2	3281	464
2	3282	257
2	3283	508
2	3283	540
2	3285	346
2	3286	453
2	3286	517
2	3286	640
2	3287	47
2	3287	749
2	3287	940
2	3289	825
2	3290	838
2	3292	637
2	3293	775
2	3293	902
2	3294	18
2	3295	146
2	3295	487
2	3296	159
2	3298	162
2	3299	317
2	3304	158
2	3306	36
2	3306	692
2	3307	666
2	3309	588
2	3310	515
2	3311	332
2	3313	256
2	3313	384
2	3313	962
2	3315	842
2	3316	224
2	3317	202
2	3318	177
2	3318	625
2	3319	758
2	3320	292
2	3321	322
2	3323	651
2	3323	764
2	3324	243
2	3324	525
2	3325	454
2	3326	964
2	3327	289
2	3328	138
2	3328	457
2	3328	882
2	3328	925
2	3330	311
2	3330	861
2	3332	329
2	3333	68
2	3333	501
2	3334	639
2	3335	881
2	3336	127
2	3336	995
2	3337	371
2	3338	239
2	3338	836
2	3339	646
2	3340	223
2	3340	726
2	3341	471
2	3342	763
2	3343	16
2	3343	563
2	3343	945
2	3344	704
2	3344	802
2	3345	627
2	3347	446
2	3347	699
2	3350	13
2	3354	722
2	3355	711
2	3359	8
2	3359	760
2	3360	194
2	3360	276
2	3361	345
2	3363	156
2	3364	429
2	3365	815
2	3366	578
2	3366	602
2	3367	5
2	3368	994
2	3373	401
2	3373	686
2	3373	720
2	3374	595
2	3376	280
2	3378	28
2	3380	636
2	3380	783
2	3380	991
2	3381	935
2	3382	493
2	3382	557
2	3384	562
2	3385	27
2	3387	228
2	3387	299
2	3387	780
2	3387	833
2	3388	608
2	3389	251
2	3389	358
2	3390	98
2	3390	235
2	3393	530
2	3393	855
2	3393	987
2	3394	657
2	3396	178
2	3397	573
2	3398	773
2	3400	893
2	3401	67
2	3401	428
2	3402	220
2	3402	810
2	3403	96
2	3403	157
2	3404	543
2	3404	757
2	3405	679
2	3406	375
2	3406	629
2	3406	673
2	3408	386
2	3408	732
2	3409	825
2	3410	66
2	3410	443
2	3413	234
2	3413	307
2	3414	112
2	3414	612
2	3414	729
2	3414	842
2	3415	459
2	3417	948
2	3418	233
2	3418	476
2	3418	713
2	3418	719
2	3419	161
2	3420	451
2	3421	150
2	3421	977
2	3424	23
2	3424	52
2	3424	389
2	3425	188
2	3425	554
2	3425	607
2	3426	980
2	3427	131
2	3427	399
2	3428	527
2	3428	654
2	3429	708
2	3432	912
2	3433	9
2	3433	696
2	3433	703
2	3434	714
2	3435	273
2	3436	244
2	3438	15
2	3438	896
2	3439	564
2	3441	748
2	3444	622
2	3444	643
2	3445	355
2	3445	473
2	3445	606
2	3446	128
2	3447	739
2	3448	695
2	3448	697
2	3449	505
2	3450	768
2	3452	540
2	3452	779
2	3453	198
2	3454	524
2	3455	145
2	3455	284
2	3457	846
2	3459	193
2	3459	823
2	3460	550
2	3460	911
2	3462	577
2	3463	547
2	3465	84
2	3465	585
2	3466	425
2	3468	619
2	3468	737
2	3469	295
2	3469	372
2	3470	267
2	3470	525
2	3471	175
2	3475	129
2	3475	172
2	3477	415
2	3478	397
2	3479	638
2	3480	158
2	3481	285
2	3481	396
2	3481	634
2	3481	746
2	3482	647
2	3486	680
2	3486	694
2	3488	25
2	3488	62
2	3488	509
2	3489	333
2	3489	684
2	3492	965
2	3493	349
2	3494	18
2	3494	343
2	3494	765
2	3497	335
2	3497	436
2	3498	132
2	3498	210
2	3499	394
2	3499	772
2	3501	762
2	3502	290
2	3502	551
2	3503	55
2	3503	126
2	3504	802
2	3505	407
2	3505	479
2	3506	42
2	3506	731
2	3507	164
2	3508	851
2	3509	59
2	3509	880
2	3513	170
2	3515	85
2	3516	760
2	3517	377
2	3518	628
2	3520	118
2	3521	513
2	3522	179
2	3522	236
2	3522	357
2	3522	516
2	3523	207
2	3524	168
2	3524	579
2	3524	661
2	3525	316
2	3526	48
2	3526	91
2	3526	689
2	3527	30
2	3528	548
2	3530	350
2	3531	496
2	3533	117
2	3533	288
2	3533	381
2	3533	460
2	3533	789
2	3534	155
2	3534	887
2	3535	16
2	3535	890
2	3537	967
2	3540	125
2	3542	701
2	3544	439
2	3546	10
2	3546	534
2	3546	552
2	3547	37
2	3551	6
2	3551	51
2	3551	588
2	3551	728
2	3552	217
2	3552	520
2	3554	306
2	3558	300
2	3561	60
2	3561	203
2	3561	770
2	3562	248
2	3562	541
2	3563	211
2	3565	402
2	3567	362
2	3567	537
2	3568	687
2	3569	90
2	3570	378
2	3572	165
2	3574	830
2	3575	361
2	3577	427
2	3577	598
2	3578	724
2	3579	761
2	3580	224
2	3580	497
2	3581	492
2	3582	991
2	3583	223
2	3583	819
2	3584	345
2	3586	387
2	3586	607
2	3587	565
2	3587	793
2	3588	143
2	3590	437
2	3591	50
2	3591	480
2	3591	798
2	3593	685
2	3594	243
2	3595	314
2	3596	368
2	3596	612
2	3597	75
2	3597	807
2	3600	329
2	3601	301
2	3602	264
2	3602	561
2	3603	882
2	3607	88
2	3607	434
2	3609	28
2	3610	327
2	3612	102
2	3612	941
2	3613	71
2	3613	764
2	3613	899
2	3614	219
2	3614	478
2	3615	87
2	3615	967
2	3616	353
2	3616	386
2	3616	605
2	3617	187
2	3617	253
2	3617	970
2	3620	715
2	3620	956
2	3622	655
2	3622	966
2	3623	299
2	3623	359
2	3625	123
2	3626	493
2	3628	827
2	3630	3
2	3630	665
2	3634	845
2	3635	169
2	3635	529
2	3635	603
2	3636	36
2	3637	166
2	3637	590
2	3637	989
2	3638	32
2	3640	766
2	3644	20
2	3644	429
2	3644	508
2	3645	13
2	3645	68
2	3648	444
2	3649	469
2	3649	600
2	3650	195
2	3650	481
2	3652	559
2	3652	787
2	3653	886
2	3654	275
2	3654	602
2	3654	720
2	3655	375
2	3658	693
2	3661	629
2	3662	507
2	3662	866
2	3667	527
2	3671	131
2	3671	577
2	3672	677
2	3672	736
2	3674	421
2	3677	369
2	3679	158
2	3680	79
2	3680	144
2	3680	213
2	3680	723
2	3680	753
2	3680	846
2	3685	380
2	3687	470
2	3687	791
2	3690	148
2	3692	63
2	3692	215
2	3693	297
2	3694	569
2	3695	750
2	3697	458
2	3698	221
2	3700	850
2	3701	177
2	3703	262
2	3704	337
2	3706	45
2	3706	608
2	3707	673
2	3708	871
2	3709	404
2	3711	173
2	3711	233
2	3711	771
2	3712	650
2	3712	751
2	3714	918
2	3715	581
2	3716	724
2	3717	118
2	3717	767
2	3719	333
2	3719	355
2	3720	106
2	3720	346
2	3720	606
2	3721	325
2	3721	453
2	3722	303
2	3723	340
2	3724	83
2	3724	741
2	3726	191
2	3726	729
2	3728	313
2	3728	679
2	3729	11
2	3729	167
2	3732	538
2	3734	509
2	3735	803
2	3737	597
2	3738	467
2	3739	159
2	3739	210
2	3739	730
2	3740	124
2	3742	111
2	3742	981
2	3743	26
2	3744	556
2	3744	973
2	3745	668
2	3747	471
2	3747	868
2	3748	90
2	3748	328
2	3748	545
2	3749	156
2	3749	844
2	3751	161
2	3752	826
2	3760	796
2	3761	662
2	3764	323
2	3766	342
2	3766	379
2	3767	707
2	3768	454
2	3768	486
2	3768	737
2	3769	22
2	3769	411
2	3769	539
2	3769	611
2	3769	638
2	3769	799
2	3773	427
2	3774	348
2	3775	979
2	3779	27
2	3779	216
2	3779	218
2	3780	564
2	3780	705
2	3781	1000
2	3782	691
2	3784	116
2	3784	140
2	3784	267
2	3784	412
2	3785	778
2	3786	973
2	3787	211
2	3787	554
2	3790	266
2	3790	590
2	3791	153
2	3792	44
2	3794	144
2	3794	762
2	3795	292
2	3797	859
2	3799	66
2	3800	661
2	3801	189
2	3801	703
2	3802	994
2	3803	85
2	3806	220
2	3806	245
2	3807	181
2	3807	500
2	3808	105
2	3810	377
2	3810	416
2	3810	783
2	3812	642
2	3812	768
2	3814	365
2	3814	732
2	3816	396
2	3817	587
2	3820	81
2	3820	97
2	3820	174
2	3822	363
2	3822	405
2	3822	618
2	3823	525
2	3823	696
2	3824	205
2	3824	265
2	3824	304
2	3825	397
2	3826	103
2	3826	515
2	3828	647
2	3828	990
2	3829	172
2	3829	547
2	3830	19
2	3831	406
2	3832	192
2	3832	319
2	3832	326
2	3834	570
2	3834	669
2	3835	133
2	3835	290
2	3836	615
2	3837	196
2	3838	270
2	3839	550
2	3840	536
2	3841	59
2	3842	142
2	3842	495
2	3843	712
2	3845	99
2	3845	240
2	3845	357
2	3845	511
2	3845	589
2	3845	690
2	3845	769
2	3846	415
2	3847	489
2	3847	558
2	3847	683
2	3849	643
2	3850	714
2	3851	825
2	3852	847
2	3853	585
2	3854	108
2	3854	149
2	3854	346
2	3854	761
2	3857	279
2	3859	812
2	3860	311
2	3860	787
2	3860	892
2	3862	399
2	3862	431
2	3862	603
2	3862	760
2	3865	128
2	3866	138
2	3868	447
2	3869	321
2	3869	424
2	3869	694
2	3869	752
2	3870	202
2	3870	215
2	3870	291
2	3870	942
2	3870	963
2	3871	75
2	3871	236
2	3871	566
2	3873	658
2	3876	472
2	3876	596
2	3878	711
2	3879	805
2	3880	80
2	3881	301
2	3882	364
2	3883	18
2	3883	469
2	3883	529
2	3885	678
2	3886	403
2	3887	201
2	3889	838
2	3890	119
2	3890	579
2	3891	710
2	3892	214
2	3892	546
2	3894	273
2	3895	682
2	3896	3
2	3896	24
2	3896	101
2	3896	545
2	3897	457
2	3897	731
2	3899	413
2	3900	726
2	3901	288
2	3901	672
2	3901	896
2	3903	261
2	3903	542
2	3906	50
2	3906	408
2	3906	561
2	3906	927
2	3906	973
2	3907	937
2	3908	207
2	3909	389
2	3909	438
2	3909	901
2	3910	730
2	3910	895
2	3912	840
2	3915	87
2	3916	235
2	3919	649
2	3921	390
2	3922	16
2	3923	43
2	3923	339
2	3923	757
2	3925	538
2	3926	57
2	3927	777
2	3928	143
2	3928	773
2	3929	477
2	3930	135
2	3932	243
2	3933	45
2	3933	715
2	3934	350
2	3935	548
2	3935	864
2	3936	488
2	3936	960
2	3937	329
2	3937	437
2	3937	512
2	3942	106
2	3944	473
2	3945	330
2	3947	5
2	3951	340
2	3952	521
2	3953	308
2	3954	487
2	3954	679
2	3957	63
2	3957	176
2	3957	241
2	3957	741
2	3958	510
2	3958	613
2	3960	113
2	3960	519
2	3960	791
2	3961	227
2	3961	667
2	3963	633
2	3964	418
2	3964	863
2	3965	298
2	3966	252
2	3967	53
2	3968	96
2	3968	212
2	3968	374
2	3968	532
2	3969	188
2	3969	246
2	3969	405
2	3970	131
2	3970	504
2	3971	435
2	3975	130
2	3975	161
2	3976	436
2	3976	751
2	3976	845
2	3977	320
2	3978	98
2	3978	116
2	3979	871
2	3981	351
2	3982	216
2	3982	333
2	3982	531
2	3982	674
2	3982	758
2	3984	93
2	3985	236
2	3985	645
2	3986	180
2	3986	987
2	3987	544
2	3988	168
2	3988	483
2	3988	625
2	3989	44
2	3989	954
2	3990	68
2	3990	660
2	3991	356
2	3992	665
2	3992	688
2	3996	269
2	3998	631
2	3999	165
2	4000	102
2	4002	293
2	4006	506
2	4008	217
2	4009	478
2	4009	586
2	4009	734
2	4010	745
2	4011	422
2	4011	889
2	4015	793
2	4016	664
2	4017	38
2	4017	553
2	4019	765
2	4020	150
2	4020	282
2	4022	138
2	4022	484
2	4023	662
2	4025	513
2	4025	833
2	4026	263
2	4027	454
2	4028	801
2	4030	42
2	4031	730
2	4032	694
2	4033	328
2	4033	381
2	4034	21
2	4034	100
2	4035	141
2	4035	155
2	4035	748
2	4036	912
2	4036	972
2	4038	427
2	4039	453
2	4041	618
2	4043	412
2	4044	415
2	4044	455
2	4044	729
2	4044	768
2	4045	669
2	4046	34
2	4046	432
2	4046	592
2	4046	872
2	4047	48
2	4048	238
2	4049	421
2	4049	609
2	4050	360
2	4051	26
2	4051	60
2	4053	221
2	4054	137
2	4054	558
2	4054	623
2	4054	693
2	4054	959
2	4055	81
2	4059	119
2	4059	275
2	4059	968
2	4060	628
2	4061	248
2	4061	543
2	4063	303
2	4063	445
2	4064	425
2	4068	914
2	4069	283
2	4069	319
2	4071	754
2	4071	974
2	4072	368
2	4075	163
2	4075	215
2	4075	709
2	4075	786
2	4077	179
2	4077	922
2	4077	934
2	4078	273
2	4078	545
2	4079	695
2	4079	955
2	4080	863
2	4081	160
2	4082	128
2	4082	713
2	4083	433
2	4084	373
2	4085	446
2	4085	630
2	4085	756
2	4087	743
2	4088	770
2	4089	945
2	4090	46
2	4092	285
2	4092	701
2	4095	650
2	4096	460
2	4096	692
2	4097	429
2	4099	423
2	4099	621
2	4100	714
2	4102	262
2	4103	496
2	4104	384
2	4105	382
2	4106	110
2	4106	187
2	4107	488
2	4108	685
2	4109	795
2	4110	6
2	4110	190
2	4110	670
2	4111	152
2	4111	522
2	4112	114
2	4113	648
2	4115	476
2	4115	817
2	4116	379
2	4118	314
2	4119	762
2	4119	855
2	4124	274
2	4124	463
2	4125	822
2	4127	438
2	4127	450
2	4129	177
2	4129	198
2	4130	493
2	4132	106
2	4132	568
2	4133	510
2	4133	706
2	4134	345
2	4134	584
2	4134	665
2	4134	783
2	4137	58
2	4137	301
2	4138	199
2	4140	489
2	4141	485
2	4141	943
2	4142	327
2	4142	479
2	4144	169
2	4144	495
2	4145	13
2	4145	17
2	4145	831
2	4145	873
2	4146	974
2	4147	509
2	4150	907
2	4151	827
2	4153	23
2	4154	232
2	4155	233
2	4156	109
2	4156	958
2	4160	823
2	4160	975
2	4161	745
2	4162	914
2	4163	9
2	4164	73
2	4164	164
2	4164	185
2	4164	290
2	4165	652
2	4166	129
2	4166	662
2	4167	44
2	4168	258
2	4168	782
2	4170	281
2	4170	732
2	4171	294
2	4173	638
2	4174	751
2	4174	882
2	4175	563
2	4176	549
2	4178	451
2	4179	331
2	4179	633
2	4179	738
2	4180	514
2	4181	626
2	4183	724
2	4184	151
2	4184	594
2	4184	909
2	4185	225
2	4185	490
2	4185	681
2	4186	546
2	4186	848
2	4187	830
2	4192	252
2	4192	535
2	4193	141
2	4193	634
2	4195	554
2	4196	217
2	4199	699
2	4199	945
2	4200	804
2	4201	562
2	4201	587
2	4203	57
2	4203	742
2	4204	655
2	4205	182
2	4205	579
2	4207	492
2	4208	193
2	4208	409
2	4208	913
2	4210	4
2	4211	434
2	4212	725
2	4213	940
2	4214	318
2	4214	618
2	4215	24
2	4215	82
2	4215	877
2	4216	22
2	4216	153
2	4216	674
2	4216	703
2	4218	440
2	4219	43
2	4219	69
2	4220	219
2	4220	688
2	4221	16
2	4221	284
2	4221	552
2	4222	347
2	4222	551
2	4223	344
2	4225	722
2	4226	389
2	4228	425
2	4228	566
2	4229	792
2	4233	135
2	4233	513
2	4233	748
2	4235	582
2	4235	647
2	4237	366
2	4237	374
2	4238	398
2	4238	672
2	4240	213
2	4241	288
2	4241	834
2	4241	919
2	4242	631
2	4243	259
2	4243	854
2	4244	10
2	4244	320
2	4244	419
2	4245	214
2	4245	244
2	4246	605
2	4246	787
2	4246	799
2	4248	32
2	4249	117
2	4249	779
2	4249	941
2	4249	953
2	4250	669
2	4250	917
2	4251	329
2	4251	448
2	4254	480
2	4254	671
2	4254	993
2	4255	229
2	4257	7
2	4257	878
2	4258	330
2	4259	397
2	4259	981
2	4261	87
2	4261	467
2	4263	25
2	4263	596
2	4265	354
2	4266	802
2	4267	262
2	4270	269
2	4270	824
2	4271	500
2	4274	493
2	4274	598
2	4274	835
2	4275	405
2	4275	452
2	4275	794
2	4278	12
2	4279	49
2	4279	62
2	4279	196
2	4279	590
2	4280	103
2	4281	67
2	4282	30
2	4283	367
2	4283	388
2	4283	640
2	4284	992
2	4285	128
2	4285	377
2	4285	661
2	4286	407
2	4287	926
2	4288	91
2	4288	291
2	4290	142
2	4290	568
2	4293	834
2	4294	160
2	4294	406
2	4294	757
2	4296	436
2	4296	736
2	4297	20
2	4297	174
2	4297	264
2	4297	307
2	4298	334
2	4298	385
2	4298	415
2	4298	771
2	4298	830
2	4299	253
2	4299	352
2	4300	255
2	4301	243
2	4302	679
2	4302	782
2	4303	739
2	4304	266
2	4304	665
2	4305	750
2	4306	240
2	4306	592
2	4307	768
2	4308	238
2	4308	639
2	4309	251
2	4309	261
2	4309	490
2	4309	899
2	4310	601
2	4311	58
2	4311	550
2	4312	504
2	4313	287
2	4313	494
2	4313	658
2	4313	766
2	4315	108
2	4315	296
2	4316	811
2	4318	200
2	4318	350
2	4319	86
2	4319	753
2	4320	241
2	4321	21
2	4321	191
2	4322	306
2	4322	376
2	4323	2
2	4323	553
2	4324	327
2	4324	515
2	4324	685
2	4325	690
2	4326	808
2	4327	59
2	4327	158
2	4327	207
2	4329	633
2	4330	302
2	4330	555
2	4332	894
2	4334	559
2	4336	675
2	4338	94
2	4338	929
2	4339	254
2	4342	150
2	4343	689
2	4344	622
2	4345	780
2	4346	357
2	4346	404
2	4348	700
2	4348	740
2	4350	61
2	4350	112
2	4350	518
2	4351	941
2	4352	95
2	4352	516
2	4354	236
2	4355	465
2	4355	560
2	4357	386
2	4357	695
2	4358	401
2	4360	165
2	4360	396
2	4360	769
2	4361	343
2	4362	538
2	4362	591
2	4362	673
2	4362	738
2	4363	543
2	4363	684
2	4366	781
2	4368	790
2	4369	800
2	4369	841
2	4370	773
2	4371	502
2	4373	315
2	4374	612
2	4374	701
2	4376	156
2	4376	203
2	4376	246
2	4377	482
2	4379	488
2	4380	337
2	4383	183
2	4383	417
2	4383	495
2	4385	73
2	4385	365
2	4385	438
2	4385	759
2	4386	286
2	4387	803
2	4388	400
2	4388	708
2	4389	363
2	4389	480
2	4391	398
2	4393	772
2	4394	28
2	4394	474
2	4394	890
2	4396	989
2	4397	446
2	4398	213
2	4398	267
2	4400	101
2	4400	459
2	4400	579
2	4401	168
2	4401	855
2	4401	899
2	4402	27
2	4402	539
2	4402	795
2	4407	121
2	4407	552
2	4407	787
2	4408	763
2	4409	649
2	4410	176
2	4410	280
2	4410	355
2	4411	202
2	4412	41
2	4413	65
2	4413	424
2	4414	169
2	4415	208
2	4417	797
2	4418	92
2	4418	847
2	4419	36
2	4420	509
2	4421	289
2	4423	171
2	4423	575
2	4424	130
2	4425	520
2	4425	854
2	4425	903
2	4427	116
2	4427	371
2	4427	483
2	4427	526
2	4428	369
2	4428	505
2	4428	858
2	4429	19
2	4430	109
2	4431	57
2	4431	297
2	4431	643
2	4431	967
2	4432	106
2	4433	175
2	4434	161
2	4436	524
2	4437	896
2	4439	528
2	4441	521
2	4441	902
2	4442	672
2	4443	308
2	4443	399
2	4444	732
2	4445	47
2	4445	774
2	4447	499
2	4451	136
2	4452	922
2	4453	84
2	4455	69
2	4455	357
2	4456	834
2	4458	462
2	4459	415
2	4460	32
2	4460	194
2	4460	375
2	4460	557
2	4460	985
2	4461	748
2	4463	883
2	4465	245
2	4465	976
2	4466	51
2	4466	617
2	4466	840
2	4467	177
2	4467	218
2	4467	248
2	4467	660
2	4468	710
2	4469	510
2	4470	292
2	4472	330
2	4472	471
2	4473	368
2	4475	687
2	4475	904
2	4477	466
2	4478	875
2	4479	126
2	4479	290
2	4479	346
2	4480	453
2	4481	39
2	4483	523
2	4483	615
2	4484	783
2	4485	430
2	4485	757
2	4490	179
2	4490	501
2	4491	522
2	4491	623
2	4492	360
2	4493	185
2	4495	272
2	4496	186
2	4496	858
2	4497	761
2	4498	657
2	4501	152
2	4501	517
2	4501	855
2	4502	283
2	4502	794
2	4506	142
2	4506	533
2	4507	630
2	4509	173
2	4510	514
2	4510	683
2	4512	235
2	4513	905
2	4514	35
2	4514	743
2	4515	527
2	4516	580
2	4518	63
2	4518	115
2	4518	464
2	4520	882
2	4520	899
2	4521	587
2	4521	871
2	4523	223
2	4523	309
2	4523	811
2	4524	76
2	4524	125
2	4526	34
2	4526	641
2	4526	978
2	4528	120
2	4529	670
2	4529	808
2	4532	140
2	4532	745
2	4533	134
2	4533	182
2	4534	558
2	4536	628
2	4538	172
2	4538	497
2	4538	512
2	4539	621
2	4539	722
2	4540	804
2	4540	981
2	4542	374
2	4542	465
2	4544	662
2	4545	325
2	4549	960
2	4552	285
2	4553	625
2	4554	311
2	4554	817
2	4554	850
2	4555	842
2	4557	781
2	4559	582
2	4559	800
2	4560	17
2	4560	854
2	4561	425
2	4562	46
2	4563	108
2	4563	158
2	4563	915
2	4565	552
2	4566	68
2	4566	83
2	4568	386
2	4568	685
2	4568	786
2	4571	264
2	4572	383
2	4574	147
2	4574	684
2	4574	764
2	4574	959
2	4576	100
2	4578	268
2	4578	733
2	4582	433
2	4582	451
2	4584	351
2	4585	393
2	4587	528
2	4587	618
2	4588	546
2	4588	910
2	4590	675
2	4591	839
2	4592	693
2	4593	339
2	4593	793
2	4594	45
2	4594	105
2	4594	741
2	4595	420
2	4596	316
2	4597	321
2	4599	479
2	4600	24
2	4600	88
2	4603	180
2	4604	133
2	4604	904
2	4605	114
2	4605	645
2	4605	973
2	4606	449
2	4610	55
2	4610	437
2	4610	753
2	4611	877
2	4613	26
2	4613	700
2	4613	716
2	4616	545
2	4616	709
2	4617	159
2	4617	993
2	4620	440
2	4620	622
2	4621	50
2	4621	266
2	4621	547
2	4623	276
2	4623	396
2	4623	562
2	4626	838
2	4627	435
2	4628	1
2	4629	291
2	4630	238
2	4630	855
2	4631	78
2	4631	859
2	4634	208
2	4634	632
2	4635	153
2	4635	642
2	4636	905
2	4638	455
2	4639	117
2	4641	298
2	4641	851
2	4642	215
2	4643	139
2	4644	378
2	4645	850
2	4646	598
2	4646	710
2	4647	15
2	4647	277
2	4649	109
2	4649	410
2	4650	725
2	4651	261
2	4651	464
2	4651	564
2	4652	104
2	4652	468
2	4655	32
2	4655	614
2	4657	667
2	4657	697
2	4658	224
2	4658	526
2	4659	203
2	4660	131
2	4660	480
2	4661	866
2	4662	102
2	4662	116
2	4663	170
2	4664	210
2	4664	253
2	4664	786
2	4664	971
2	4666	715
2	4670	82
2	4671	783
2	4672	542
2	4673	282
2	4674	745
2	4678	119
2	4680	608
2	4682	756
2	4683	270
2	4686	144
2	4686	724
2	4686	774
2	4686	916
2	4687	74
2	4687	374
2	4689	737
2	4690	162
2	4690	299
2	4690	482
2	4691	123
2	4692	235
2	4692	362
2	4693	87
2	4694	220
2	4694	422
2	4694	649
2	4695	478
2	4697	506
2	4699	597
2	4699	673
2	4699	908
2	4700	304
2	4700	757
2	4701	284
2	4702	751
2	4702	782
2	4703	59
2	4703	400
2	4703	917
2	4704	356
2	4704	809
2	4705	335
2	4706	701
2	4706	844
2	4707	176
2	4712	275
2	4714	18
2	4714	167
2	4714	219
2	4715	234
2	4715	323
2	4715	327
2	4715	411
2	4715	635
2	4716	309
2	4716	729
2	4717	179
2	4717	244
2	4720	384
2	4720	732
2	4721	368
2	4721	371
2	4722	761
2	4723	42
2	4724	189
2	4725	804
2	4726	605
2	4726	798
2	4728	173
2	4729	884
2	4730	174
2	4735	81
2	4741	48
2	4741	273
2	4742	106
2	4742	624
2	4743	4
2	4743	723
2	4744	416
2	4745	389
2	4747	602
2	4749	3
2	4750	160
2	4750	188
2	4750	251
2	4750	256
2	4750	692
2	4750	993
2	4751	133
2	4752	483
2	4754	71
2	4754	505
2	4755	330
2	4757	192
2	4757	326
2	4758	340
2	4759	143
2	4759	801
2	4760	187
2	4761	955
2	4762	202
2	4764	103
2	4764	336
2	4764	557
2	4765	628
2	4766	64
2	4766	463
2	4767	364
2	4767	438
2	4768	549
2	4769	527
2	4769	567
2	4769	793
2	4771	17
2	4771	722
2	4773	426
2	4773	577
2	4775	385
2	4776	804
2	4779	919
2	4780	592
2	4781	643
2	4781	671
2	4782	486
2	4783	522
2	4785	2
2	4785	923
2	4786	85
2	4786	589
2	4790	613
2	4791	30
2	4791	655
2	4792	307
2	4792	530
2	4792	574
2	4794	92
2	4794	151
2	4794	525
2	4795	157
2	4798	121
2	4798	607
2	4799	451
2	4801	795
2	4803	819
2	4804	155
2	4804	718
2	4806	752
2	4807	7
2	4810	976
2	4813	166
2	4813	553
2	4813	910
2	4814	6
2	4814	528
2	4814	627
2	4815	328
2	4815	508
2	4816	604
2	4817	148
2	4817	213
2	4817	662
2	4818	171
2	4818	427
2	4818	706
2	4821	182
2	4821	928
2	4822	783
2	4822	970
2	4823	283
2	4823	874
2	4824	606
2	4825	403
2	4827	152
2	4828	268
2	4828	725
2	4829	518
2	4829	806
2	4832	19
2	4832	241
2	4832	820
2	4834	311
2	4834	857
2	4835	779
2	4836	159
2	4836	884
2	4837	653
2	4838	378
2	4839	408
2	4840	361
2	4842	453
2	4844	250
2	4845	656
2	4845	911
2	4846	12
2	4846	504
2	4847	43
2	4847	407
2	4848	769
2	4848	797
2	4850	149
2	4851	965
2	4852	651
2	4852	762
2	4853	53
2	4853	728
2	4854	512
2	4854	713
2	4857	399
2	4857	433
2	4862	101
2	4863	775
2	4865	37
2	4865	48
2	4865	205
2	4865	759
2	4866	338
2	4867	842
2	4867	879
2	4868	414
2	4868	772
2	4870	102
2	4870	228
2	4870	230
2	4870	743
2	4873	464
2	4874	271
2	4874	489
2	4874	560
2	4876	372
2	4877	26
2	4879	226
2	4879	670
2	4879	689
2	4880	33
2	4880	510
2	4880	630
2	4881	474
2	4882	562
2	4883	664
2	4883	745
2	4884	42
2	4884	441
2	4885	236
2	4885	550
2	4886	445
2	4886	450
2	4887	360
2	4887	471
2	4888	440
2	4888	973
2	4889	390
2	4891	585
2	4891	596
2	4892	981
2	4893	595
2	4894	34
2	4895	76
2	4895	163
2	4895	493
2	4896	582
2	4898	695
2	4901	184
2	4902	454
2	4903	731
2	4909	598
2	4910	766
2	4911	276
2	4911	544
2	4914	204
2	4915	687
2	4916	245
2	4917	322
2	4920	61
2	4921	229
2	4921	992
2	4922	430
2	4923	521
2	4924	67
2	4924	448
2	4924	751
2	4926	631
2	4929	900
2	4931	201
2	4931	498
2	4931	999
2	4932	537
2	4932	638
2	4933	128
2	4934	254
2	4934	274
2	4934	411
2	4934	523
2	4935	189
2	4937	738
2	4940	180
2	4942	83
2	4945	469
2	4946	9
2	4946	54
2	4946	352
2	4946	524
2	4948	306
2	4948	935
2	4950	272
2	4950	304
2	4950	620
2	4951	78
2	4951	120
2	4953	211
2	4953	966
2	4954	976
2	4955	413
2	4955	697
2	4955	847
2	4956	770
2	4957	23
2	4957	156
2	4959	35
2	4960	231
2	4960	964
2	4962	627
2	4964	410
2	4966	655
2	4967	246
2	4967	476
2	4967	732
2	4967	961
2	4969	70
2	4969	223
2	4970	958
2	4972	55
2	4973	637
2	4973	865
2	4975	827
2	4976	273
2	4977	682
2	4977	753
2	4978	206
2	4978	243
2	4978	541
2	4979	257
2	4980	175
2	4982	147
2	4982	756
2	4984	347
2	4985	341
2	4985	591
2	4986	345
2	4986	419
2	4986	808
2	4987	123
2	4987	449
2	4987	660
2	4988	141
2	4989	132
2	4990	191
2	4991	331
2	4991	555
2	4992	724
2	4993	719
2	4995	734
2	4996	214
2	4997	796
2	4999	693
2	5000	581
2	5000	702
