2	-1	0
2	1	100
2	1	610
2	3	362
2	3	376
2	3	686
2	4	603
2	4	888
2	5	912
2	6	356
2	7	810
2	8	348
2	8	938
2	9	214
2	9	762
2	10	685
2	11	38
2	11	578
2	12	15
2	12	47
2	12	964
2	14	109
2	16	67
2	16	443
2	17	507
2	21	605
2	22	403
2	25	78
2	25	793
2	26	770
2	27	407
2	27	634
2	28	249
2	29	36
2	30	584
2	31	157
2	31	583
2	32	727
2	37	133
2	37	226
2	37	880
2	38	87
2	38	223
2	38	989
2	40	55
2	40	981
2	42	124
2	42	222
2	42	377
2	43	319
2	43	970
2	44	152
2	46	21
2	49	344
2	49	697
2	49	739
2	49	829
2	51	484
2	51	548
2	53	631
2	54	304
2	54	766
2	54	890
2	54	897
2	57	545
2	57	746
2	59	117
2	60	351
2	61	341
2	64	754
2	64	792
2	65	19
2	65	529
2	65	683
2	66	91
2	70	543
2	71	576
2	71	629
2	72	557
2	72	887
2	74	379
2	74	607
2	74	691
2	79	434
2	79	883
2	80	168
2	82	2
2	83	114
2	84	719
2	84	782
2	85	556
2	85	606
2	86	728
2	87	306
2	87	338
2	88	331
2	88	919
2	89	503
2	90	254
2	91	242
2	92	166
2	92	180
2	93	454
2	96	22
2	99	199
2	100	269
2	101	141
2	102	397
2	103	387
2	104	126
2	104	602
2	106	41
2	106	411
2	106	632
2	107	85
2	108	219
2	108	620
2	108	960
2	109	419
2	110	227
2	111	194
2	111	506
2	112	594
2	112	714
2	113	296
2	113	508
2	113	912
2	114	487
2	114	788
2	115	515
2	116	20
2	116	846
2	117	221
2	117	582
2	117	911
2	118	564
2	118	975
2	120	128
2	121	577
2	121	973
2	124	6
2	124	555
2	126	210
2	126	255
2	127	211
2	128	618
2	128	716
2	130	48
2	130	433
2	133	942
2	134	587
2	134	773
2	134	966
2	135	816
2	136	442
2	137	724
2	138	924
2	139	805
2	140	514
2	141	104
2	141	362
2	142	301
2	144	283
2	144	285
2	145	399
2	145	568
2	147	445
2	147	738
2	149	465
2	149	996
2	151	458
2	151	615
2	151	812
2	153	280
2	153	520
2	154	189
2	156	476
2	156	512
2	156	581
2	157	416
2	157	909
2	160	125
2	160	663
2	163	513
2	163	756
2	164	639
2	167	117
2	167	709
2	167	926
2	168	647
2	168	648
2	170	93
2	170	446
2	171	175
2	172	735
2	172	946
2	173	30
2	174	495
2	177	554
2	177	566
2	180	983
2	181	120
2	181	682
2	183	396
2	183	986
2	184	116
2	184	179
2	184	193
2	184	959
2	186	353
2	186	588
2	187	669
2	188	224
2	190	152
2	190	381
2	190	676
2	191	68
2	191	375
2	191	703
2	192	239
2	194	163
2	195	262
2	195	637
2	196	52
2	196	794
2	197	519
2	198	178
2	199	251
2	199	327
2	199	330
2	201	19
2	202	403
2	202	473
2	204	14
2	205	667
2	205	798
2	206	390
2	209	787
2	211	113
2	211	246
2	213	407
2	214	321
2	215	622
2	216	372
2	219	765
2	221	310
2	222	713
2	223	74
2	225	863
2	225	903
2	226	42
2	226	358
2	228	102
2	229	741
2	230	377
2	231	642
2	232	287
2	232	319
2	232	689
2	233	721
2	233	752
2	233	959
2	234	24
2	234	531
2	234	850
2	235	366
2	235	384
2	236	707
2	237	612
2	240	469
2	240	593
2	242	145
2	242	649
2	242	839
2	243	281
2	244	485
2	245	553
2	246	231
2	246	576
2	246	841
2	247	814
2	248	346
2	249	998
2	250	151
2	250	278
2	252	351
2	253	96
2	253	745
2	253	768
2	254	98
2	255	758
2	256	619
2	259	245
2	259	529
2	260	899
2	261	628
2	262	317
2	262	633
2	264	350
2	264	646
2	266	83
2	266	579
2	268	49
2	268	470
2	268	785
2	269	249
2	269	876
2	270	25
2	271	356
2	271	907
2	272	367
2	274	371
2	274	662
2	274	925
2	275	158
2	275	243
2	275	297
2	275	302
2	275	436
2	275	861
2	276	43
2	276	141
2	277	26
2	280	270
2	280	546
2	281	29
2	281	51
2	282	763
2	282	948
2	283	213
2	283	656
2	284	20
2	284	153
2	284	432
2	285	534
2	286	146
2	286	316
2	286	547
2	286	691
2	287	144
2	288	578
2	288	956
2	289	140
2	289	220
2	289	455
2	289	659
2	289	698
2	290	932
2	291	45
2	292	556
2	292	791
2	295	953
2	296	342
2	297	772
2	298	796
2	298	865
2	299	434
2	299	442
2	299	918
2	300	47
2	303	80
2	303	383
2	303	580
2	305	190
2	305	472
2	306	300
2	306	650
2	306	921
2	307	36
2	309	3
2	309	13
2	309	253
2	310	733
2	311	119
2	312	149
2	312	770
2	313	606
2	315	5
2	316	813
2	317	136
2	317	989
2	321	60
2	321	332
2	321	605
2	321	999
2	322	46
2	322	786
2	323	834
2	324	202
2	324	211
2	326	150
2	326	396
2	326	404
2	327	708
2	328	732
2	329	522
2	330	795
2	333	34
2	334	206
2	336	489
2	337	596
2	338	499
2	340	286
2	341	234
2	341	868
2	342	762
2	345	233
2	348	832
2	351	260
2	352	458
2	352	550
2	353	947
2	354	934
2	356	712
2	357	601
2	358	201
2	358	222
2	359	280
2	359	373
2	362	692
2	362	749
2	364	971
2	365	283
2	365	833
2	365	870
2	366	449
2	366	679
2	367	444
2	369	312
2	369	326
2	372	823
2	374	169
2	374	292
2	375	931
2	378	66
2	378	585
2	378	683
2	380	459
2	380	497
2	380	705
2	380	841
2	381	125
2	381	767
2	381	935
2	385	137
2	386	59
2	387	50
2	388	349
2	388	748
2	390	259
2	390	420
2	391	782
2	392	603
2	394	81
2	394	496
2	395	130
2	395	159
2	395	570
2	395	836
2	396	686
2	398	310
2	398	627
2	400	801
2	401	170
2	401	208
2	402	108
2	402	257
2	403	87
2	404	389
2	405	11
2	406	185
2	406	437
2	406	445
2	406	509
2	406	645
2	406	681
2	406	754
2	407	106
2	408	388
2	408	719
2	409	711
2	410	847
2	411	76
2	411	348
2	411	439
2	412	572
2	413	112
2	414	24
2	414	69
2	414	214
2	415	525
2	415	600
2	416	7
2	416	407
2	418	16
2	418	412
2	419	160
2	420	658
2	421	579
2	422	457
2	422	469
2	422	611
2	423	25
2	423	386
2	423	480
2	423	518
2	424	803
2	425	197
2	425	743
2	426	272
2	428	528
2	428	609
2	428	825
2	429	443
2	430	430
2	432	212
2	432	934
2	432	936
2	433	929
2	434	657
2	434	714
2	435	498
2	435	532
2	435	667
2	435	747
2	436	661
2	440	974
2	444	279
2	444	855
2	445	309
2	447	88
2	448	55
2	448	455
2	448	637
2	451	553
2	452	299
2	453	473
2	455	256
2	458	117
2	458	337
2	458	824
2	459	806
2	460	223
2	461	436
2	461	755
2	461	764
2	462	656
2	463	61
2	463	565
2	464	545
2	464	618
2	464	794
2	466	612
2	467	152
2	472	308
2	472	321
2	472	513
2	474	103
2	474	399
2	474	976
2	474	993
2	475	416
2	475	980
2	477	46
2	477	327
2	478	111
2	478	378
2	479	184
2	481	316
2	481	842
2	485	728
2	486	45
2	487	689
2	488	406
2	489	225
2	489	332
2	489	892
2	491	161
2	494	9
2	495	241
2	495	557
2	496	66
2	496	427
2	497	124
2	497	734
2	498	2
2	498	249
2	498	533
2	499	463
2	499	671
2	500	614
2	503	271
2	503	760
2	503	788
2	504	713
2	505	380
2	505	440
2	506	71
2	506	769
2	508	838
2	510	702
2	512	482
2	513	408
2	516	5
2	516	983
2	517	194
2	518	879
2	518	885
2	520	709
2	520	982
2	521	269
2	522	231
2	523	690
2	524	663
2	526	542
2	527	616
2	529	566
2	529	770
2	529	798
2	532	641
2	534	168
2	535	17
2	536	314
2	537	371
2	537	460
2	538	116
2	538	131
2	540	25
2	541	718
2	542	505
2	543	776
2	545	115
2	545	599
2	546	31
2	546	202
2	546	592
2	548	192
2	548	235
2	549	520
2	549	619
2	551	325
2	552	707
2	553	159
2	553	485
2	553	724
2	554	345
2	559	381
2	559	622
2	560	781
2	561	468
2	564	393
2	566	82
2	566	746
2	566	882
2	568	176
2	568	554
2	569	860
2	570	725
2	574	540
2	574	639
2	576	947
2	578	452
2	579	551
2	580	890
2	581	49
2	582	165
2	582	762
2	583	171
2	583	292
2	585	233
2	587	254
2	588	300
2	588	660
2	588	732
2	589	377
2	590	240
2	591	346
2	592	956
2	593	809
2	594	268
2	594	859
2	595	413
2	596	177
2	596	711
2	597	703
2	600	383
2	601	684
2	602	437
2	604	66
2	604	172
2	606	118
2	606	164
2	607	210
2	607	412
2	607	466
2	609	500
2	610	919
2	613	287
2	613	730
2	616	585
2	617	569
2	618	57
2	618	294
2	618	544
2	618	722
2	619	334
2	619	526
2	619	947
2	620	229
2	620	298
2	621	674
2	622	26
2	625	95
2	625	780
2	626	784
2	627	846
2	628	224
2	628	448
2	628	681
2	629	267
2	629	904
2	630	166
2	632	163
2	632	529
2	633	79
2	633	921
2	634	283
2	634	436
2	636	518
2	637	618
2	637	683
2	639	237
2	639	312
2	639	654
2	640	203
2	641	135
2	641	230
2	641	514
2	642	378
2	642	623
2	643	7
2	643	550
2	645	35
2	645	199
2	647	316
2	648	94
2	649	238
2	649	665
2	649	856
2	650	3
2	650	512
2	653	222
2	657	54
2	657	439
2	657	884
2	659	397
2	664	89
2	664	209
2	665	90
2	665	309
2	666	434
2	667	407
2	669	83
2	669	801
2	673	22
2	673	786
2	674	29
2	674	86
2	674	557
2	674	664
2	675	139
2	676	657
2	677	127
2	677	148
2	679	912
2	680	16
2	680	289
2	680	579
2	680	608
2	684	215
2	684	467
2	684	753
2	684	763
2	684	933
2	685	116
2	685	418
2	685	459
2	685	513
2	686	428
2	687	601
2	687	751
2	688	124
2	688	789
2	689	731
2	690	451
2	690	560
2	690	947
2	690	957
2	691	510
2	693	322
2	694	12
2	695	415
2	698	182
2	703	288
2	704	319
2	704	474
2	705	278
2	706	915
2	708	483
2	708	714
2	709	282
2	709	795
2	709	863
2	710	247
2	710	738
2	710	768
2	712	954
2	713	33
2	713	747
2	715	9
2	715	173
2	715	305
2	715	620
2	715	914
2	716	251
2	717	739
2	719	228
2	719	339
2	719	597
2	720	887
2	721	662
2	722	741
2	726	196
2	728	69
2	729	154
2	731	91
2	731	356
2	731	679
2	733	239
2	735	205
2	735	377
2	735	617
2	736	462
2	737	331
2	737	649
2	739	489
2	740	390
2	740	983
2	741	893
2	742	663
2	742	801
2	743	19
2	743	235
2	743	575
2	743	590
2	744	119
2	744	252
2	745	263
2	745	373
2	745	761
2	750	636
2	750	778
2	752	577
2	753	370
2	756	179
2	756	774
2	760	455
2	760	680
2	762	737
2	763	168
2	763	515
2	767	25
2	768	531
2	769	245
2	770	429
2	771	138
2	771	580
2	772	611
2	772	793
2	774	476
2	774	674
2	775	970
2	776	45
2	776	257
2	777	490
2	778	521
2	779	106
2	779	128
2	782	438
2	782	776
2	782	978
2	784	894
2	785	307
2	785	574
2	786	481
2	786	556
2	788	42
2	790	757
2	794	612
2	794	910
2	795	24
2	795	470
2	797	478
2	798	503
2	801	170
2	802	317
2	805	530
2	808	126
2	808	240
2	809	492
2	811	394
2	811	658
2	811	703
2	812	603
2	812	604
2	812	806
2	813	696
2	814	419
2	814	523
2	814	642
2	815	425
2	816	39
2	816	535
2	816	582
2	816	985
2	818	290
2	819	216
2	819	376
2	819	682
2	820	393
2	821	26
2	822	831
2	823	616
2	824	656
2	825	514
2	825	628
2	825	733
2	826	208
2	827	217
2	827	255
2	828	576
2	830	347
2	831	667
2	832	742
2	833	671
2	833	867
2	834	133
2	834	253
2	834	559
2	835	581
2	836	387
2	837	645
2	842	355
2	844	407
2	846	525
2	846	558
2	850	599
2	850	918
2	851	324
2	852	292
2	854	66
2	854	634
2	854	809
2	854	833
2	855	893
2	856	571
2	857	395
2	857	665
2	858	144
2	858	195
2	858	299
2	858	602
2	866	417
2	868	265
2	869	762
2	871	348
2	872	423
2	874	280
2	874	375
2	875	194
2	875	201
2	875	584
2	876	385
2	876	622
2	877	344
2	877	794
2	878	179
2	879	214
2	879	820
2	880	978
2	881	579
2	882	973
2	883	920
2	884	15
2	884	209
2	884	637
2	885	230
2	885	752
2	886	52
2	887	305
2	888	177
2	890	270
2	891	107
2	892	620
2	897	746
2	897	872
2	899	723
2	899	922
2	899	972
2	900	851
2	903	46
2	903	798
2	905	101
2	907	188
2	907	193
2	909	615
2	910	73
2	910	840
2	911	485
2	912	156
2	913	164
2	914	797
2	915	371
2	915	781
2	916	123
2	917	65
2	917	78
2	917	569
2	918	67
2	918	122
2	922	120
2	922	392
2	922	789
2	923	540
2	923	874
2	924	303
2	925	180
2	925	822
2	926	281
2	926	498
2	927	354
2	929	760
2	930	389
2	931	138
2	931	245
2	932	1
2	933	426
2	934	474
2	934	564
2	934	691
2	935	198
2	935	440
2	939	353
2	939	357
2	939	662
2	939	726
2	941	250
2	941	470
2	943	672
2	943	719
2	944	114
2	944	338
2	944	405
2	944	503
2	944	630
2	944	739
2	944	775
2	948	451
2	948	987
2	949	196
2	950	902
2	951	592
2	952	130
2	952	500
2	953	125
2	953	842
2	954	468
2	954	560
2	955	247
2	955	692
2	957	676
2	958	334
2	959	585
2	959	840
2	960	191
2	961	674
2	962	401
2	963	753
2	964	83
2	964	457
2	964	889
2	965	153
2	965	295
2	966	792
2	967	773
2	968	372
2	968	748
2	969	142
2	970	232
2	970	260
2	970	516
2	971	124
2	973	80
2	974	936
2	975	330
2	976	238
2	977	172
2	979	701
2	980	33
2	980	553
2	981	751
2	982	220
2	982	221
2	982	699
2	983	573
2	986	397
2	987	955
2	988	541
2	988	563
2	989	246
2	990	551
2	991	31
2	991	981
2	992	287
2	997	410
2	1001	146
2	1001	580
2	1002	339
2	1004	41
2	1004	90
2	1005	199
2	1005	249
2	1006	152
2	1006	175
2	1006	486
2	1006	706
2	1006	808
2	1007	222
2	1007	258
2	1008	126
2	1009	313
2	1011	202
2	1013	215
2	1014	994
2	1016	212
2	1016	471
2	1017	350
2	1018	688
2	1020	17
2	1022	74
2	1023	24
2	1023	192
2	1023	659
2	1024	349
2	1024	384
2	1024	556
2	1024	907
2	1025	11
2	1027	140
2	1028	98
2	1028	552
2	1029	638
2	1031	55
2	1032	924
2	1033	363
2	1035	54
2	1035	555
2	1037	647
2	1038	32
2	1038	696
2	1039	233
2	1039	543
2	1040	711
2	1041	97
2	1045	582
2	1046	529
2	1046	646
2	1047	150
2	1049	8
2	1049	497
2	1049	722
2	1051	698
2	1052	112
2	1054	345
2	1054	744
2	1055	132
2	1055	527
2	1055	731
2	1055	874
2	1055	926
2	1059	69
2	1059	956
2	1060	86
2	1060	178
2	1062	276
2	1064	396
2	1064	715
2	1065	298
2	1068	433
2	1069	548
2	1070	603
2	1071	155
2	1071	415
2	1071	828
2	1072	830
2	1072	871
2	1073	95
2	1075	914
2	1076	60
2	1077	3
2	1077	660
2	1077	684
2	1078	489
2	1081	477
2	1082	107
2	1082	540
2	1082	705
2	1083	208
2	1083	560
2	1084	9
2	1084	143
2	1084	462
2	1086	578
2	1089	323
2	1089	355
2	1089	532
2	1089	554
2	1089	894
2	1091	48
2	1091	87
2	1091	973
2	1093	139
2	1093	374
2	1095	538
2	1096	671
2	1097	505
2	1097	672
2	1099	728
2	1102	449
2	1103	78
2	1103	420
2	1104	645
2	1105	322
2	1105	733
2	1106	542
2	1107	1000
2	1108	305
2	1108	316
2	1108	400
2	1108	886
2	1112	579
2	1113	855
2	1114	320
2	1116	812
2	1117	33
2	1118	700
2	1120	149
2	1122	823
2	1123	219
2	1123	535
2	1124	405
2	1124	547
2	1125	309
2	1126	92
2	1126	691
2	1127	359
2	1127	625
2	1128	389
2	1128	791
2	1129	88
2	1129	93
2	1131	442
2	1133	302
2	1133	516
2	1133	860
2	1133	958
2	1134	390
2	1135	959
2	1136	251
2	1136	724
2	1137	244
2	1138	499
2	1139	20
2	1140	10
2	1140	454
2	1141	225
2	1141	321
2	1142	525
2	1142	716
2	1142	725
2	1143	673
2	1145	340
2	1147	328
2	1148	73
2	1152	381
2	1153	378
2	1154	239
2	1155	308
2	1155	644
2	1157	207
2	1157	226
2	1158	15
2	1158	56
2	1158	783
2	1159	793
2	1161	465
2	1162	82
2	1162	825
2	1164	681
2	1169	623
2	1169	760
2	1170	352
2	1171	343
2	1171	985
2	1172	518
2	1172	612
2	1173	620
2	1174	288
2	1175	718
2	1176	707
2	1177	126
2	1177	385
2	1177	561
2	1178	102
2	1178	203
2	1179	379
2	1180	213
2	1180	482
2	1181	333
2	1181	802
2	1184	128
2	1185	197
2	1185	366
2	1185	628
2	1186	668
2	1186	683
2	1187	738
2	1187	882
2	1188	54
2	1188	679
2	1189	383
2	1191	858
2	1194	938
2	1196	479
2	1196	755
2	1197	622
2	1197	779
2	1199	471
2	1201	151
2	1203	445
2	1203	490
2	1203	844
2	1208	90
2	1208	98
2	1208	296
2	1209	705
2	1210	615
2	1212	76
2	1212	371
2	1213	537
2	1214	563
2	1215	81
2	1220	41
2	1220	459
2	1223	886
2	1223	953
2	1224	690
2	1226	285
2	1228	417
2	1230	481
2	1231	485
2	1231	641
2	1231	757
2	1234	936
2	1235	232
2	1235	514
2	1236	473
2	1237	231
2	1237	444
2	1237	846
2	1238	120
2	1238	478
2	1239	500
2	1239	810
2	1241	208
2	1241	655
2	1241	801
2	1243	154
2	1246	593
2	1248	881
2	1249	113
2	1251	796
2	1252	766
2	1253	201
2	1253	262
2	1253	701
2	1256	521
2	1256	772
2	1257	418
2	1259	19
2	1259	87
2	1260	17
2	1260	127
2	1260	497
2	1261	398
2	1261	767
2	1263	58
2	1263	607
2	1264	311
2	1267	334
2	1269	346
2	1271	464
2	1272	140
2	1272	576
2	1273	407
2	1273	901
2	1274	148
2	1275	236
2	1275	794
2	1278	240
2	1278	304
2	1282	357
2	1285	245
2	1286	63
2	1286	726
2	1287	186
2	1288	10
2	1290	801
2	1291	864
2	1291	969
2	1292	559
2	1293	24
2	1293	535
2	1293	580
2	1294	66
2	1294	187
2	1294	294
2	1296	664
2	1296	906
2	1297	494
2	1298	384
2	1298	510
2	1299	363
2	1299	448
2	1299	873
2	1300	331
2	1300	890
2	1301	257
2	1302	190
2	1302	374
2	1302	443
2	1303	88
2	1303	569
2	1304	220
2	1305	26
2	1305	508
2	1306	466
2	1307	506
2	1308	86
2	1308	502
2	1309	342
2	1309	495
2	1310	842
2	1313	8
2	1315	80
2	1316	447
2	1317	437
2	1320	206
2	1320	446
2	1321	844
2	1322	64
2	1324	904
2	1325	392
2	1325	434
2	1325	761
2	1325	881
2	1326	789
2	1327	981
2	1329	54
2	1329	596
2	1330	107
2	1330	183
2	1331	72
2	1332	115
2	1333	470
2	1334	971
2	1335	631
2	1335	735
2	1338	697
2	1339	14
2	1340	695
2	1340	833
2	1341	49
2	1341	388
2	1342	60
2	1342	709
2	1343	144
2	1343	736
2	1344	791
2	1347	380
2	1348	520
2	1348	658
2	1348	804
2	1350	293
2	1351	468
2	1351	499
2	1352	423
2	1353	123
2	1353	272
2	1353	501
2	1353	636
2	1354	108
2	1354	317
2	1354	940
2	1355	155
2	1356	720
2	1356	725
2	1358	420
2	1358	777
2	1359	226
2	1360	174
2	1361	306
2	1362	734
2	1365	608
2	1365	618
2	1366	85
2	1366	173
2	1367	537
2	1368	256
2	1368	604
2	1369	462
2	1371	276
2	1373	2
2	1373	583
2	1374	938
2	1375	18
2	1378	339
2	1380	329
2	1381	275
2	1385	637
2	1385	864
2	1386	483
2	1386	564
2	1390	345
2	1391	486
2	1391	515
2	1391	669
2	1392	50
2	1392	150
2	1392	350
2	1393	953
2	1394	185
2	1396	70
2	1398	716
2	1399	196
2	1399	616
2	1401	211
2	1401	477
2	1402	94
2	1403	323
2	1403	779
2	1406	799
2	1407	677
2	1407	707
2	1409	12
2	1409	83
2	1409	786
2	1410	751
2	1410	904
2	1411	650
2	1412	309
2	1412	672
2	1413	278
2	1413	428
2	1413	911
2	1414	239
2	1414	318
2	1414	321
2	1414	980
2	1415	301
2	1416	361
2	1417	162
2	1417	330
2	1417	619
2	1417	851
2	1419	29
2	1419	461
2	1419	511
2	1419	575
2	1420	300
2	1421	449
2	1421	693
2	1422	509
2	1422	770
2	1422	803
2	1425	687
2	1426	853
2	1427	269
2	1427	686
2	1428	126
2	1428	229
2	1428	348
2	1428	546
2	1429	96
2	1430	64
2	1431	565
2	1432	113
2	1432	313
2	1432	444
2	1432	721
2	1432	731
2	1436	584
2	1438	603
2	1438	607
2	1439	663
2	1439	800
2	1441	281
2	1443	139
2	1443	635
2	1444	652
2	1444	775
2	1445	209
2	1445	288
2	1445	445
2	1447	176
2	1447	385
2	1447	813
2	1450	140
2	1451	463
2	1452	549
2	1453	560
2	1453	963
2	1454	143
2	1454	154
2	1458	328
2	1461	723
2	1462	646
2	1462	811
2	1463	20
2	1463	905
2	1464	387
2	1466	283
2	1466	586
2	1467	792
2	1468	397
2	1472	146
2	1472	647
2	1473	378
2	1477	344
2	1478	490
2	1479	289
2	1479	609
2	1483	788
2	1484	531
2	1485	262
2	1486	240
2	1486	540
2	1488	327
2	1489	642
2	1489	879
2	1489	982
2	1490	617
2	1490	995
2	1491	877
2	1492	494
2	1492	568
2	1493	671
2	1495	866
2	1496	81
2	1497	9
2	1497	228
2	1498	335
2	1500	906
2	1501	118
2	1501	279
2	1501	605
2	1501	773
2	1503	97
2	1503	524
2	1505	235
2	1505	243
2	1506	177
2	1508	207
2	1508	516
2	1510	534
2	1511	794
2	1511	916
2	1512	376
2	1512	623
2	1512	931
2	1513	555
2	1513	868
2	1513	981
2	1514	57
2	1521	103
2	1521	222
2	1521	225
2	1524	158
2	1528	418
2	1528	667
2	1529	411
2	1529	766
2	1531	267
2	1532	98
2	1535	319
2	1536	515
2	1537	527
2	1538	186
2	1538	702
2	1539	616
2	1539	762
2	1541	346
2	1542	149
2	1542	373
2	1544	134
2	1545	264
2	1545	823
2	1546	695
2	1548	197
2	1548	406
2	1549	850
2	1551	53
2	1551	474
2	1552	749
2	1553	51
2	1553	690
2	1554	679
2	1554	878
2	1556	54
2	1558	594
2	1558	969
2	1559	296
2	1559	712
2	1563	565
2	1563	862
2	1564	602
2	1565	612
2	1566	482
2	1566	536
2	1567	577
2	1568	691
2	1568	692
2	1569	196
2	1570	539
2	1571	198
2	1571	764
2	1572	986
2	1573	242
2	1574	211
2	1574	424
2	1576	359
2	1576	636
2	1576	769
2	1577	93
2	1580	286
2	1580	673
2	1580	744
2	1581	187
2	1582	159
2	1582	929
2	1583	269
2	1584	786
2	1585	90
2	1585	941
2	1587	653
2	1587	898
2	1587	910
2	1588	446
2	1589	37
2	1589	596
2	1590	790
2	1591	874
2	1591	995
2	1592	62
2	1593	415
2	1593	492
2	1594	342
2	1595	768
2	1595	889
2	1596	174
2	1599	433
2	1600	279
2	1601	656
2	1602	325
2	1602	727
2	1602	956
2	1604	450
2	1604	483
2	1604	571
2	1605	320
2	1605	684
2	1607	102
2	1608	589
2	1609	13
2	1609	512
2	1610	525
2	1611	38
2	1612	714
2	1612	861
2	1613	23
2	1613	182
2	1613	842
2	1614	324
2	1615	370
2	1615	938
2	1616	455
2	1617	323
2	1617	389
2	1617	914
2	1617	985
2	1620	987
2	1622	136
2	1623	156
2	1624	46
2	1624	514
2	1625	479
2	1627	155
2	1628	735
2	1629	236
2	1629	983
2	1630	378
2	1631	72
2	1632	76
2	1632	252
2	1632	253
2	1632	741
2	1632	873
2	1635	143
2	1636	682
2	1637	349
2	1637	669
2	1638	434
2	1638	522
2	1638	674
2	1639	371
2	1641	710
2	1642	564
2	1642	957
2	1643	385
2	1645	799
2	1646	877
2	1647	787
2	1648	163
2	1648	538
2	1650	82
2	1650	778
2	1651	67
2	1651	427
2	1651	757
2	1652	121
2	1652	625
2	1652	658
2	1652	775
2	1653	138
2	1653	626
2	1654	100
2	1654	355
2	1655	178
2	1656	132
2	1659	364
2	1659	651
2	1659	872
2	1660	413
2	1662	260
2	1662	376
2	1663	297
2	1663	347
2	1663	480
2	1663	770
2	1664	239
2	1665	546
2	1665	563
2	1666	780
2	1667	423
2	1668	40
2	1668	403
2	1669	190
2	1669	276
2	1669	836
2	1670	507
2	1670	795
2	1671	593
2	1672	112
2	1673	79
2	1674	272
2	1674	728
2	1674	781
2	1675	32
2	1675	557
2	1675	663
2	1677	228
2	1677	419
2	1679	201
2	1682	545
2	1682	648
2	1683	495
2	1684	984
2	1686	609
2	1687	615
2	1689	570
2	1690	502
2	1692	488
2	1692	620
2	1693	372
2	1694	531
2	1698	134
2	1698	660
2	1701	48
2	1701	627
2	1702	435
2	1703	464
2	1703	821
2	1704	20
2	1704	456
2	1705	558
2	1705	939
2	1706	206
2	1706	220
2	1706	367
2	1706	387
2	1708	509
2	1708	690
2	1710	246
2	1711	63
2	1712	952
2	1714	506
2	1715	426
2	1715	510
2	1715	858
2	1716	360
2	1716	447
2	1716	612
2	1716	894
2	1718	199
2	1718	313
2	1718	476
2	1719	277
2	1721	77
2	1723	166
2	1723	754
2	1723	812
2	1725	85
2	1725	652
2	1727	341
2	1727	554
2	1729	595
2	1729	782
2	1730	263
2	1731	489
2	1731	577
2	1732	142
2	1732	733
2	1735	459
2	1736	129
2	1738	401
2	1739	58
2	1742	490
2	1744	535
2	1744	653
2	1746	137
2	1747	115
2	1747	259
2	1748	611
2	1749	990
2	1751	362
2	1752	629
2	1752	681
2	1753	108
2	1753	511
2	1754	161
2	1754	518
2	1754	526
2	1755	339
2	1756	322
2	1757	74
2	1757	704
2	1757	756
2	1758	712
2	1758	790
2	1759	18
2	1759	695
2	1759	718
2	1761	126
2	1762	35
2	1762	671
2	1763	316
2	1764	661
2	1765	369
2	1765	607
2	1765	715
2	1766	634
2	1766	871
2	1768	148
2	1769	851
2	1769	991
2	1770	160
2	1770	335
2	1770	422
2	1770	845
2	1771	575
2	1772	19
2	1773	761
2	1775	753
2	1776	328
2	1777	552
2	1779	229
2	1779	241
2	1779	679
2	1780	705
2	1784	564
2	1785	278
2	1786	81
2	1786	791
2	1788	365
2	1788	942
2	1789	57
2	1789	706
2	1789	751
2	1790	202
2	1790	559
2	1792	269
2	1793	453
2	1793	494
2	1793	774
2	1794	163
2	1797	227
2	1797	379
2	1797	481
2	1799	623
2	1801	56
2	1801	96
2	1801	999
2	1802	370
2	1802	708
2	1804	295
2	1804	800
2	1805	141
2	1805	906
2	1808	402
2	1808	560
2	1810	170
2	1810	923
2	1811	91
2	1811	700
2	1818	551
2	1820	687
2	1820	721
2	1821	38
2	1821	54
2	1821	600
2	1822	410
2	1822	750
2	1823	746
2	1823	834
2	1824	428
2	1824	497
2	1824	988
2	1825	436
2	1826	120
2	1828	351
2	1831	898
2	1832	212
2	1834	433
2	1834	458
2	1834	804
2	1834	975
2	1836	128
2	1836	154
2	1836	931
2	1838	693
2	1840	237
2	1842	10
2	1843	214
2	1843	616
2	1844	342
2	1844	735
2	1844	777
2	1845	267
2	1846	496
2	1847	539
2	1847	553
2	1848	345
2	1849	586
2	1849	870
2	1850	354
2	1851	425
2	1851	533
2	1851	628
2	1852	159
2	1853	24
2	1853	373
2	1856	388
2	1858	872
2	1859	244
2	1859	941
2	1860	176
2	1860	889
2	1862	90
2	1862	294
2	1862	334
2	1863	42
2	1863	147
2	1864	397
2	1865	632
2	1867	733
2	1868	204
2	1868	305
2	1870	639
2	1871	58
2	1872	12
2	1872	536
2	1873	292
2	1874	606
2	1874	646
2	1875	658
2	1875	698
2	1876	15
2	1877	107
2	1879	773
2	1880	277
2	1880	487
2	1881	442
2	1882	372
2	1883	786
2	1885	587
2	1887	93
2	1887	833
2	1888	904
2	1888	989
2	1889	464
2	1889	498
2	1889	627
2	1889	714
2	1891	216
2	1891	298
2	1893	221
2	1893	598
2	1894	399
2	1894	484
2	1895	145
2	1897	242
2	1898	401
2	1901	460
2	1903	810
2	1904	543
2	1904	689
2	1905	287
2	1905	655
2	1907	225
2	1907	448
2	1907	613
2	1907	785
2	1908	302
2	1908	879
2	1910	177
2	1910	211
2	1910	636
2	1910	710
2	1911	98
2	1911	106
2	1911	130
2	1911	437
2	1911	769
2	1912	361
2	1912	362
2	1912	579
2	1913	259
2	1913	679
2	1913	706
2	1913	722
2	1915	590
2	1917	555
2	1917	796
2	1917	821
2	1918	9
2	1918	164
2	1918	252
2	1919	155
2	1920	966
2	1921	187
2	1921	333
2	1921	678
2	1924	609
2	1926	149
2	1926	195
2	1926	991
2	1927	94
2	1927	478
2	1928	389
2	1929	336
2	1929	463
2	1930	576
2	1931	527
2	1932	205
2	1932	577
2	1932	771
2	1933	85
2	1933	201
2	1934	491
2	1934	723
2	1935	293
2	1937	324
2	1938	118
2	1938	648
2	1938	736
2	1939	207
2	1939	837
2	1940	270
2	1940	295
2	1940	650
2	1943	495
2	1943	514
2	1944	156
2	1945	337
2	1945	352
2	1945	585
2	1945	629
2	1947	168
2	1947	416
2	1947	929
2	1948	849
2	1949	780
2	1950	123
2	1950	984
2	1952	754
2	1955	256
2	1955	274
2	1957	589
2	1957	905
2	1958	479
2	1960	117
2	1960	525
2	1962	665
2	1962	974
2	1963	908
2	1964	922
2	1965	682
2	1966	300
2	1966	884
2	1967	179
2	1967	567
2	1969	131
2	1969	473
2	1970	82
2	1970	730
2	1972	420
2	1976	675
2	1977	477
2	1978	90
2	1978	846
2	1978	989
2	1980	282
2	1980	542
2	1980	782
2	1981	304
2	1981	342
2	1981	414
2	1981	608
2	1984	360
2	1984	783
2	1985	206
2	1987	549
2	1988	519
2	1989	799
2	1990	338
2	1990	409
2	1990	916
2	1991	286
2	1991	488
2	1992	174
2	1992	288
2	1993	755
2	1994	596
2	1994	762
2	1995	701
2	1998	743
2	1999	99
2	1999	538
2	1999	840
2	2001	154
2	2001	772
2	2002	457
2	2002	517
2	2003	363
2	2004	616
2	2005	115
2	2008	611
2	2008	924
2	2009	161
2	2009	469
2	2012	71
2	2012	618
2	2014	712
2	2016	470
2	2016	731
2	2017	46
2	2017	399
2	2017	652
2	2018	62
2	2018	419
2	2018	516
2	2019	301
2	2024	496
2	2025	79
2	2025	166
2	2025	276
2	2025	645
2	2026	331
2	2026	450
2	2026	683
2	2028	534
2	2028	568
2	2030	687
2	2030	862
2	2030	905
2	2031	266
2	2033	593
2	2036	552
2	2036	781
2	2038	128
2	2038	299
2	2038	345
2	2039	2
2	2040	380
2	2041	603
2	2041	760
2	2041	830
2	2043	404
2	2043	720
2	2045	624
2	2045	947
2	2046	216
2	2047	227
2	2047	598
2	2048	368
2	2048	467
2	2048	934
2	2052	184
2	2052	443
2	2052	684
2	2053	305
2	2054	369
2	2055	116
2	2055	432
2	2055	928
2	2058	666
2	2059	222
2	2060	422
2	2061	235
2	2062	553
2	2063	536
2	2065	96
2	2065	594
2	2067	546
2	2069	13
2	2070	169
2	2071	45
2	2072	565
2	2072	641
2	2073	575
2	2073	952
2	2074	54
2	2074	573
2	2074	868
2	2076	796
2	2077	31
2	2078	916
2	2079	267
2	2079	506
2	2079	512
2	2079	591
2	2079	695
2	2079	797
2	2080	513
2	2082	84
2	2083	220
2	2083	694
2	2085	228
2	2086	130
2	2087	165
2	2087	572
2	2087	965
2	2088	108
2	2088	124
2	2088	617
2	2089	103
2	2089	107
2	2092	24
2	2092	970
2	2093	291
2	2093	503
2	2094	142
2	2094	628
2	2094	758
2	2095	811
2	2097	733
2	2097	869
2	2099	25
2	2099	47
2	2100	111
2	2100	114
2	2100	193
2	2100	751
2	2102	145
2	2103	915
2	2104	180
2	2104	385
2	2105	439
2	2106	257
2	2106	482
2	2107	339
2	2108	52
2	2109	326
2	2109	438
2	2110	76
2	2110	224
2	2111	319
2	2113	102
2	2113	334
2	2113	646
2	2114	531
2	2115	604
2	2117	232
2	2117	526
2	2118	112
2	2118	324
2	2119	541
2	2120	746
2	2123	655
2	2126	56
2	2129	134
2	2131	88
2	2133	268
2	2135	29
2	2136	382
2	2136	451
2	2136	698
2	2137	253
2	2137	275
2	2138	98
2	2139	336
2	2141	289
2	2141	392
2	2141	707
2	2142	197
2	2142	740
2	2143	618
2	2143	674
2	2144	314
2	2144	397
2	2146	528
2	2146	600
2	2148	280
2	2148	285
2	2150	67
2	2151	651
2	2154	30
2	2154	123
2	2156	160
2	2158	188
2	2159	157
2	2159	810
2	2160	894
2	2161	242
2	2163	748
2	2163	941
2	2165	270
2	2166	177
2	2166	537
2	2167	278
2	2168	509
2	2170	547
2	2170	586
2	2171	405
2	2174	732
2	2175	386
2	2175	626
2	2176	72
2	2176	878
2	2177	344
2	2178	475
2	2181	58
2	2181	263
2	2181	637
2	2183	222
2	2184	580
2	2186	889
2	2187	244
2	2187	282
2	2188	290
2	2189	293
2	2189	664
2	2189	793
2	2191	239
2	2193	57
2	2194	431
2	2195	775
2	2195	988
2	2196	172
2	2196	182
2	2196	351
2	2198	71
2	2199	147
2	2199	406
2	2199	686
2	2201	424
2	2203	200
2	2203	341
2	2206	681
2	2208	43
2	2208	255
2	2208	641
2	2209	601
2	2210	335
2	2211	959
2	2215	912
2	2218	53
2	2218	378
2	2218	492
2	2223	212
2	2223	589
2	2224	36
2	2224	81
2	2224	228
2	2224	337
2	2225	80
2	2226	338
2	2226	622
2	2226	725
2	2227	700
2	2228	168
2	2229	504
2	2229	801
2	2230	7
2	2231	720
2	2232	261
2	2234	283
2	2234	298
2	2235	376
2	2236	158
2	2236	313
2	2236	469
2	2236	498
2	2236	596
2	2238	74
2	2239	474
2	2239	563
2	2239	880
2	2240	87
2	2242	120
2	2242	575
2	2243	446
2	2245	38
2	2246	490
2	2246	548
2	2248	746
2	2249	204
2	2252	784
2	2253	246
2	2254	817
2	2255	377
2	2257	375
2	2257	644
2	2261	207
2	2263	273
2	2263	569
2	2263	914
2	2264	213
2	2266	10
2	2267	23
2	2267	42
2	2268	810
2	2268	877
2	2269	332
2	2272	70
2	2274	803
2	2276	218
2	2278	124
2	2279	121
2	2279	316
2	2279	343
2	2279	730
2	2280	35
2	2281	79
2	2282	380
2	2282	705
2	2282	739
2	2283	181
2	2283	477
2	2283	691
2	2283	754
2	2284	297
2	2287	724
2	2288	247
2	2289	64
2	2290	215
2	2292	287
2	2292	464
2	2292	546
2	2292	928
2	2294	696
2	2294	788
2	2295	17
2	2295	567
2	2295	690
2	2296	381
2	2296	620
2	2298	170
2	2298	512
2	2299	660
2	2301	198
2	2301	638
2	2301	895
2	2303	741
2	2304	749
2	2305	556
2	2308	272
2	2308	536
2	2309	915
2	2310	717
2	2311	285
2	2313	466
2	2315	274
2	2316	634
2	2317	528
2	2319	114
2	2319	125
2	2319	461
2	2320	522
2	2321	382
2	2321	443
2	2321	699
2	2322	428
2	2322	737
2	2323	399
2	2323	440
2	2324	123
2	2326	97
2	2326	861
2	2327	394
2	2328	266
2	2330	249
2	2330	630
2	2330	786
2	2330	920
2	2332	938
2	2334	957
2	2337	86
2	2339	761
2	2340	472
2	2341	553
2	2341	923
2	2342	483
2	2345	718
2	2345	973
2	2347	465
2	2349	410
2	2349	454
2	2350	692
2	2351	294
2	2351	734
2	2354	102
2	2354	525
2	2356	999
2	2357	221
2	2358	152
2	2359	167
2	2359	398
2	2359	531
2	2360	478
2	2360	701
2	2361	288
2	2361	674
2	2362	822
2	2362	891
2	2363	280
2	2363	505
2	2366	841
2	2368	248
2	2370	163
2	2370	544
2	2372	974
2	2373	211
2	2373	282
2	2373	435
2	2381	843
2	2382	680
2	2383	386
2	2383	566
2	2384	570
2	2385	395
2	2386	541
2	2386	873
2	2388	672
2	2390	72
2	2390	357
2	2390	375
2	2390	666
2	2391	836
2	2391	928
2	2392	550
2	2392	722
2	2394	578
2	2394	807
2	2395	433
2	2396	564
2	2396	665
2	2396	912
2	2397	281
2	2397	673
2	2399	186
2	2401	404
2	2401	821
2	2402	298
2	2405	291
2	2408	134
2	2408	619
2	2408	988
2	2409	184
2	2409	220
2	2409	534
2	2410	48
2	2410	147
2	2410	321
2	2411	201
2	2412	506
2	2412	606
2	2414	87
2	2414	308
2	2414	617
2	2415	237
2	2415	320
2	2416	172
2	2416	503
2	2416	888
2	2418	400
2	2418	560
2	2419	195
2	2419	540
2	2420	28
2	2420	49
2	2420	708
2	2420	779
2	2421	745
2	2422	677
2	2424	196
2	2424	918
2	2425	326
2	2425	358
2	2425	791
2	2426	416
2	2426	587
2	2426	796
2	2429	419
2	2430	301
2	2430	476
2	2430	893
2	2431	412
2	2434	682
2	2435	51
2	2436	179
2	2436	746
2	2437	104
2	2437	161
2	2438	977
2	2439	501
2	2439	908
2	2441	262
2	2441	705
2	2443	450
2	2444	664
2	2445	67
2	2445	268
2	2450	132
2	2450	911
2	2451	158
2	2451	837
2	2454	434
2	2454	542
2	2456	293
2	2456	637
2	2457	81
2	2457	142
2	2458	13
2	2458	535
2	2459	148
2	2460	122
2	2461	336
2	2461	670
2	2461	899
2	2462	39
2	2463	244
2	2466	223
2	2467	54
2	2467	144
2	2467	921
2	2468	470
2	2469	586
2	2470	323
2	2471	459
2	2475	843
2	2476	58
2	2477	214
2	2477	519
2	2478	16
2	2478	136
2	2479	157
2	2480	42
2	2482	612
2	2482	630
2	2486	299
2	2487	37
2	2489	693
2	2489	989
2	2492	770
2	2493	582
2	2493	620
2	2493	768
2	2493	914
2	2495	446
2	2495	714
2	2496	608
2	2496	747
2	2496	865
2	2501	1
2	2501	116
2	2501	605
2	2502	165
2	2503	212
2	2503	455
2	2503	767
2	2504	290
2	2504	759
2	2505	151
2	2507	330
2	2507	411
2	2509	277
2	2509	661
2	2512	417
2	2512	547
2	2513	996
2	2514	392
2	2514	452
2	2515	681
2	2516	758
2	2517	367
2	2517	508
2	2520	595
2	2521	259
2	2521	365
2	2521	721
2	2524	19
2	2524	785
2	2525	317
2	2526	495
2	2526	793
2	2529	890
2	2530	8
2	2530	663
2	2531	10
2	2531	374
2	2533	477
2	2533	695
2	2533	944
2	2535	354
2	2535	463
2	2535	653
2	2536	588
2	2538	130
2	2538	297
2	2540	228
2	2540	274
2	2540	416
2	2540	516
2	2541	140
2	2541	166
2	2542	255
2	2542	347
2	2543	982
2	2545	139
2	2545	188
2	2547	639
2	2548	697
2	2549	648
2	2549	692
2	2550	221
2	2552	59
2	2552	141
2	2552	270
2	2552	968
2	2552	997
2	2554	383
2	2555	348
2	2556	393
2	2556	642
2	2556	647
2	2557	94
2	2557	312
2	2558	921
2	2559	893
2	2560	29
2	2562	424
2	2564	956
2	2565	946
2	2566	124
2	2567	436
2	2568	388
2	2568	473
2	2569	313
2	2570	873
2	2571	23
2	2571	51
2	2571	344
2	2571	572
2	2572	509
2	2572	804
2	2572	809
2	2573	886
2	2574	474
2	2574	548
2	2574	573
2	2575	475
2	2576	731
2	2576	798
2	2580	720
2	2581	410
2	2585	184
2	2585	334
2	2585	601
2	2585	673
2	2585	732
2	2586	715
2	2590	86
2	2590	622
2	2590	935
2	2591	373
2	2591	482
2	2592	172
2	2598	727
2	2599	835
2	2600	69
2	2600	643
2	2601	990
2	2602	704
2	2603	159
2	2604	57
2	2604	422
2	2604	646
2	2609	171
2	2609	248
2	2609	409
2	2613	103
2	2613	626
2	2613	784
2	2614	429
2	2615	90
2	2615	380
2	2615	861
2	2616	341
2	2616	614
2	2616	617
2	2617	320
2	2618	591
2	2619	705
2	2620	684
2	2621	187
2	2621	385
2	2621	402
2	2621	581
2	2622	109
2	2623	670
2	2625	394
2	2625	438
2	2627	484
2	2628	439
2	2628	578
2	2628	812
2	2629	95
2	2629	983
2	2630	345
2	2631	466
2	2633	289
2	2633	941
2	2639	285
2	2640	80
2	2640	213
2	2640	768
2	2641	366
2	2642	122
2	2642	835
2	2644	64
2	2644	740
2	2644	806
2	2645	504
2	2646	319
2	2647	749
2	2648	700
2	2650	531
2	2651	716
2	2652	677
2	2653	624
2	2655	269
2	2656	493
2	2657	4
2	2658	328
2	2658	751
2	2661	37
2	2661	519
2	2663	206
2	2664	667
2	2666	832
2	2666	958
2	2667	190
2	2668	518
2	2671	17
2	2672	563
2	2672	766
2	2672	965
2	2675	465
2	2676	132
2	2676	441
2	2676	808
2	2678	97
2	2679	671
2	2680	126
2	2681	148
2	2681	254
2	2682	48
2	2683	52
2	2684	931
2	2685	155
2	2685	452
2	2685	628
2	2685	726
2	2686	415
2	2687	203
2	2687	258
2	2688	39
2	2688	494
2	2690	750
2	2691	582
2	2691	593
2	2692	66
2	2692	382
2	2694	458
2	2695	165
2	2696	456
2	2700	154
2	2702	489
2	2704	545
2	2704	661
2	2706	502
2	2707	411
2	2708	851
2	2709	10
2	2709	25
2	2710	428
2	2711	20
2	2711	325
2	2712	992
2	2713	161
2	2713	583
2	2715	736
2	2716	3
2	2718	410
2	2722	604
2	2723	241
2	2725	68
2	2725	460
2	2725	685
2	2726	224
2	2727	106
2	2727	274
2	2728	177
2	2728	250
2	2729	1
2	2731	1000
2	2733	168
2	2733	361
2	2736	788
2	2737	985
2	2740	146
2	2741	46
2	2741	476
2	2741	798
2	2743	67
2	2743	263
2	2744	112
2	2746	299
2	2748	528
2	2748	665
2	2749	207
2	2749	484
2	2749	672
2	2749	713
2	2751	247
2	2751	638
2	2752	65
2	2752	343
2	2753	197
2	2753	772
2	2753	909
2	2754	419
2	2755	443
2	2755	520
2	2755	845
2	2755	901
2	2757	31
2	2759	675
2	2762	209
2	2766	128
2	2766	786
2	2768	478
2	2769	606
2	2770	29
2	2770	290
2	2771	446
2	2771	613
2	2772	114
2	2772	935
2	2773	284
2	2774	537
2	2775	24
2	2775	74
2	2775	516
2	2776	634
2	2777	139
2	2777	215
2	2780	352
2	2781	492
2	2782	129
2	2782	243
2	2782	532
2	2784	256
2	2785	517
2	2785	815
2	2785	834
2	2786	12
2	2786	141
2	2786	463
2	2786	849
2	2787	80
2	2787	451
2	2788	654
2	2788	783
2	2791	287
2	2791	773
2	2792	453
2	2793	741
2	2794	78
2	2794	611
2	2796	41
2	2797	87
2	2800	18
2	2800	387
2	2800	566
2	2801	236
2	2802	573
2	2804	775
2	2805	544
2	2806	762
2	2807	297
2	2807	547
2	2808	676
2	2809	131
2	2809	658
2	2809	744
2	2810	84
2	2810	248
2	2810	864
2	2811	167
2	2811	221
2	2811	437
2	2811	693
2	2813	253
2	2813	281
2	2814	702
2	2815	367
2	2815	662
2	2817	16
2	2817	296
2	2817	316
2	2818	71
2	2818	522
2	2818	725
2	2819	282
2	2819	337
2	2819	970
2	2821	285
2	2821	589
2	2821	590
2	2824	143
2	2824	633
2	2824	688
2	2824	777
2	2824	917
2	2824	958
2	2825	123
2	2825	759
2	2826	212
2	2828	162
2	2829	102
2	2829	615
2	2831	82
2	2831	185
2	2831	641
2	2832	200
2	2832	519
2	2834	525
2	2834	703
2	2836	342
2	2837	172
2	2838	488
2	2838	800
2	2839	246
2	2839	659
2	2841	974
2	2842	292
2	2844	706
2	2845	121
2	2845	145
2	2845	990
2	2846	508
2	2848	521
2	2849	94
2	2850	51
2	2850	79
2	2850	130
2	2850	673
2	2851	60
2	2851	158
2	2853	194
2	2853	276
2	2853	378
2	2854	344
2	2854	585
2	2855	127
2	2856	543
2	2857	152
2	2858	594
2	2859	466
2	2860	802
2	2863	657
2	2863	809
2	2865	168
2	2866	455
2	2866	695
2	2866	860
2	2868	157
2	2869	655
2	2869	699
2	2869	799
2	2871	339
2	2872	73
2	2872	491
2	2872	780
2	2874	622
2	2874	669
2	2875	553
2	2875	743
2	2877	475
2	2877	629
2	2878	561
2	2879	663
2	2879	883
2	2881	650
2	2883	602
2	2884	461
2	2884	623
2	2886	365
2	2886	373
2	2886	382
2	2886	435
2	2887	300
2	2888	232
2	2888	398
2	2888	811
2	2889	371
2	2890	72
2	2891	70
2	2891	272
2	2893	782
2	2894	350
2	2894	552
2	2894	636
2	2895	631
2	2896	211
2	2896	390
2	2896	454
2	2899	540
2	2899	644
2	2900	198
2	2900	608
2	2900	837
2	2900	945
2	2901	171
2	2902	9
2	2902	374
2	2903	926
2	2904	772
2	2905	531
2	2906	146
2	2908	948
2	2909	761
2	2910	257
2	2910	315
2	2911	416
2	2911	477
2	2912	288
2	2912	765
2	2913	660
2	2913	684
2	2913	918
2	2916	56
2	2916	626
2	2917	884
2	2917	914
2	2919	104
2	2920	63
2	2920	324
2	2920	557
2	2921	722
2	2923	275
2	2924	195
2	2924	604
2	2924	755
2	2925	857
2	2926	58
2	2927	678
2	2928	510
2	2928	995
2	2929	76
2	2930	712
2	2931	311
2	2935	357
2	2936	323
2	2937	613
2	2938	710
2	2939	731
2	2939	778
2	2940	569
2	2941	291
2	2942	313
2	2943	238
2	2946	154
2	2946	240
2	2946	642
2	2947	47
2	2949	931
2	2953	6
2	2953	166
2	2953	394
2	2953	605
2	2954	150
2	2954	262
2	2955	807
2	2956	766
2	2957	506
2	2958	80
2	2962	59
2	2962	271
2	2962	328
2	2962	787
2	2964	595
2	2965	132
2	2965	607
2	2966	841
2	2966	860
2	2966	898
2	2967	619
2	2968	670
2	2970	280
2	2970	976
2	2971	105
2	2971	335
2	2973	110
2	2973	402
2	2974	188
2	2975	405
2	2975	824
2	2977	45
2	2977	864
2	2979	162
2	2979	404
2	2982	143
2	2985	665
2	2986	74
2	2987	612
2	2987	949
2	2988	93
2	2988	733
2	2992	5
2	2993	101
2	2994	221
2	2997	889
2	2998	475
2	2998	689
2	3002	42
2	3002	201
2	3002	226
2	3002	419
2	3002	820
2	3003	466
2	3004	206
2	3005	213
2	3005	244
2	3006	622
2	3007	116
2	3007	707
2	3007	721
2	3008	52
2	3009	417
2	3010	774
2	3011	870
2	3011	931
2	3011	987
2	3014	392
2	3016	922
2	3017	13
2	3017	293
2	3018	165
2	3019	784
2	3021	503
2	3024	654
2	3025	227
2	3025	327
2	3026	115
2	3027	726
2	3028	94
2	3028	448
2	3031	11
2	3031	869
2	3033	19
2	3034	483
2	3034	701
2	3035	8
2	3036	41
2	3036	671
2	3037	609
2	3039	849
2	3040	495
2	3042	641
2	3043	260
2	3044	441
2	3044	479
2	3045	2
2	3045	946
2	3046	586
2	3047	579
2	3050	107
2	3050	616
2	3051	208
2	3052	57
2	3053	73
2	3057	486
2	3058	560
2	3060	501
2	3061	196
2	3065	127
2	3066	232
2	3066	314
2	3069	447
2	3070	561
2	3070	709
2	3072	29
2	3073	55
2	3073	927
2	3076	535
2	3076	826
2	3077	111
2	3077	156
2	3077	958
2	3081	443
2	3082	412
2	3083	618
2	3083	637
2	3083	795
2	3085	544
2	3087	88
2	3087	869
2	3088	742
2	3088	978
2	3089	668
2	3091	530
2	3092	539
2	3093	43
2	3093	299
2	3093	356
2	3096	311
2	3097	682
2	3097	765
2	3097	890
2	3098	241
2	3098	360
2	3100	389
2	3101	233
2	3101	451
2	3102	294
2	3102	309
2	3102	334
2	3105	32
2	3105	683
2	3107	48
2	3107	975
2	3109	458
2	3109	919
2	3110	204
2	3110	505
2	3110	884
2	3112	631
2	3112	781
2	3114	275
2	3114	312
2	3115	697
2	3116	253
2	3116	302
2	3116	730
2	3118	365
2	3121	202
2	3121	210
2	3122	293
2	3123	520
2	3124	754
2	3125	180
2	3125	685
2	3127	895
2	3128	226
2	3128	238
2	3130	218
2	3130	623
2	3130	798
2	3134	317
2	3134	564
2	3134	712
2	3134	861
2	3135	185
2	3137	628
2	3138	409
2	3138	429
2	3138	788
2	3139	638
2	3139	657
2	3140	500
2	3142	706
2	3143	26
2	3143	198
2	3146	777
2	3146	790
2	3146	864
2	3147	963
2	3148	474
2	3151	695
2	3152	388
2	3152	681
2	3152	715
2	3152	997
2	3153	276
2	3153	791
2	3155	770
2	3156	581
2	3157	295
2	3158	10
2	3158	108
2	3158	584
2	3158	962
2	3161	650
2	3162	609
2	3163	296
2	3163	919
2	3164	914
2	3167	115
2	3167	191
2	3167	199
2	3167	431
2	3168	944
2	3169	44
2	3169	417
2	3170	620
2	3173	350
2	3176	265
2	3180	97
2	3180	190
2	3182	47
2	3182	452
2	3185	340
2	3185	858
2	3186	283
2	3187	46
2	3187	669
2	3188	50
2	3189	432
2	3191	349
2	3193	761
2	3194	635
2	3195	881
2	3195	988
2	3198	464
2	3198	747
2	3201	746
2	3203	659
2	3203	918
2	3205	362
2	3207	608
2	3207	760
2	3208	30
2	3208	361
2	3208	456
2	3208	688
2	3209	323
2	3209	507
2	3211	634
2	3213	560
2	3214	229
2	3214	393
2	3216	356
2	3217	39
2	3217	617
2	3218	571
2	3219	157
2	3220	103
2	3220	380
2	3220	660
2	3220	817
2	3221	656
2	3223	890
2	3224	151
2	3226	367
2	3226	368
2	3226	540
2	3227	327
2	3227	644
2	3229	570
2	3230	414
2	3236	793
2	3237	80
2	3238	166
2	3239	72
2	3239	463
2	3239	541
2	3240	589
2	3240	599
2	3240	727
2	3242	230
2	3242	304
2	3243	268
2	3243	595
2	3244	563
2	3244	826
2	3245	87
2	3247	78
2	3249	214
2	3249	488
2	3249	607
2	3249	732
2	3249	911
2	3250	71
2	3250	149
2	3250	357
2	3250	596
2	3250	646
2	3251	903
2	3252	661
2	3253	354
2	3255	184
2	3255	195
2	3255	281
2	3255	652
2	3256	14
2	3256	140
2	3256	143
2	3256	545
2	3257	450
2	3257	642
2	3258	8
2	3258	93
2	3258	298
2	3261	404
2	3262	310
2	3262	973
2	3264	125
2	3265	376
2	3267	467
2	3268	963
2	3270	766
2	3271	253
2	3271	556
2	3272	208
2	3272	865
2	3273	694
2	3274	862
2	3275	316
2	3277	645
2	3278	730
2	3279	290
2	3279	893
2	3280	23
2	3281	330
2	3283	616
2	3283	750
2	3287	269
2	3289	181
2	3289	343
2	3289	743
2	3290	217
2	3291	528
2	3291	847
2	3292	133
2	3292	297
2	3293	336
2	3293	664
2	3293	813
2	3295	697
2	3296	568
2	3297	91
2	3298	666
2	3299	964
2	3300	728
2	3302	386
2	3303	890
2	3305	426
2	3305	555
2	3306	476
2	3306	785
2	3306	874
2	3307	959
2	3308	696
2	3310	535
2	3311	306
2	3311	459
2	3314	167
2	3314	755
2	3317	341
2	3317	958
2	3318	128
2	3318	221
2	3318	303
2	3318	628
2	3319	752
2	3320	106
2	3321	741
2	3324	552
2	3325	173
2	3325	720
2	3327	12
2	3328	375
2	3330	392
2	3331	685
2	3333	849
2	3334	378
2	3335	123
2	3335	266
2	3337	134
2	3338	795
2	3339	229
2	3339	427
2	3340	238
2	3340	331
2	3341	553
2	3343	609
2	3344	185
2	3344	256
2	3344	352
2	3345	415
2	3347	227
2	3347	258
2	3347	259
2	3348	199
2	3348	536
2	3349	251
2	3349	650
2	3350	209
2	3351	37
2	3351	161
2	3351	677
2	3352	374
2	3352	384
2	3353	194
2	3353	653
2	3356	937
2	3357	942
2	3358	264
2	3358	454
2	3359	197
2	3359	497
2	3360	680
2	3360	863
2	3362	383
2	3362	906
2	3363	145
2	3363	716
2	3367	625
2	3368	1
2	3370	707
2	3371	231
2	3371	724
2	3373	644
2	3375	782
2	3376	252
2	3377	584
2	3378	425
2	3379	112
2	3379	493
2	3379	859
2	3380	201
2	3380	294
2	3380	315
2	3380	515
2	3380	565
2	3380	944
2	3381	601
2	3382	302
2	3382	663
2	3383	345
2	3384	708
2	3386	311
2	3387	19
2	3387	540
2	3388	265
2	3388	658
2	3389	834
2	3390	432
2	3390	659
2	3391	820
2	3392	240
2	3392	245
2	3392	513
2	3393	257
2	3394	73
2	3395	325
2	3395	775
2	3397	839
2	3398	186
2	3399	175
2	3399	674
2	3399	865
2	3401	99
2	3401	713
2	3403	120
2	3403	790
2	3406	519
2	3406	621
2	3407	796
2	3408	719
2	3408	969
2	3409	62
2	3409	63
2	3411	280
2	3411	440
2	3411	711
2	3412	541
2	3412	563
2	3413	403
2	3413	477
2	3418	85
2	3418	146
2	3418	274
2	3418	732
2	3418	989
2	3419	379
2	3419	543
2	3420	632
2	3420	907
2	3421	166
2	3421	819
2	3422	293
2	3426	7
2	3426	357
2	3426	465
2	3427	109
2	3429	527
2	3430	526
2	3430	591
2	3431	111
2	3432	580
2	3433	56
2	3433	102
2	3433	429
2	3433	778
2	3434	323
2	3435	50
2	3435	501
2	3435	551
2	3436	237
2	3436	806
2	3439	80
2	3439	365
2	3439	747
2	3441	431
2	3442	223
2	3443	126
2	3444	154
2	3446	442
2	3447	319
2	3447	710
2	3449	667
2	3450	696
2	3451	277
2	3453	3
2	3454	702
2	3455	603
2	3456	731
2	3457	8
2	3457	430
2	3458	275
2	3458	299
2	3458	611
2	3459	954
2	3460	528
2	3460	615
2	3461	410
2	3463	137
2	3464	740
2	3464	793
2	3466	190
2	3466	212
2	3466	219
2	3467	14
2	3468	236
2	3468	706
2	3470	22
2	3470	222
2	3470	388
2	3471	69
2	3471	566
2	3472	409
2	3472	531
2	3472	544
2	3473	144
2	3473	187
2	3473	596
2	3474	418
2	3479	784
2	3481	839
2	3482	55
2	3482	394
2	3484	760
2	3486	746
2	3487	470
2	3487	638
2	3493	550
2	3494	67
2	3494	781
2	3494	963
2	3495	579
2	3496	670
2	3499	377
2	3499	398
2	3499	401
2	3500	714
2	3501	342
2	3501	574
2	3503	153
2	3505	441
2	3505	517
2	3507	351
2	3507	485
2	3507	717
2	3508	362
2	3508	852
2	3511	88
2	3511	534
2	3512	242
2	3512	355
2	3512	461
2	3513	149
2	3513	483
2	3514	199
2	3514	561
2	3517	230
2	3517	750
2	3518	378
2	3518	967
2	3519	481
2	3519	631
2	3520	697
2	3521	135
2	3521	338
2	3521	597
2	3522	13
2	3523	296
2	3523	535
2	3524	167
2	3525	962
2	3526	1
2	3529	264
2	3529	606
2	3531	196
2	3532	234
2	3533	938
2	3535	59
2	3537	86
2	3539	492
2	3539	576
2	3540	774
2	3540	811
2	3543	368
2	3544	36
2	3544	302
2	3545	366
2	3546	964
2	3548	140
2	3548	436
2	3548	472
2	3548	829
2	3548	895
2	3550	34
2	3550	92
2	3550	128
2	3550	194
2	3551	283
2	3552	546
2	3553	12
2	3553	46
2	3553	56
2	3553	103
2	3553	301
2	3554	188
2	3554	808
2	3557	28
2	3557	101
2	3557	583
2	3559	206
2	3560	742
2	3560	838
2	3561	108
2	3561	179
2	3561	314
2	3562	81
2	3562	504
2	3563	497
2	3565	35
2	3565	110
2	3565	490
2	3565	663
2	3566	171
2	3568	480
2	3568	623
2	3569	630
2	3569	783
2	3575	33
2	3575	309
2	3575	656
2	3575	852
2	3576	37
2	3576	580
2	3577	875
2	3578	278
2	3578	341
2	3578	420
2	3579	84
2	3579	613
2	3580	287
2	3580	443
2	3581	502
2	3582	359
2	3584	952
2	3586	290
2	3586	311
2	3586	644
2	3588	200
2	3588	220
2	3588	445
2	3588	645
2	3588	928
2	3588	991
2	3589	399
2	3590	995
2	3592	16
2	3592	980
2	3593	303
2	3594	856
2	3595	633
2	3597	723
2	3598	139
2	3598	146
2	3600	545
2	3603	690
2	3605	335
2	3606	192
2	3606	788
2	3607	935
2	3607	990
2	3608	680
2	3609	89
2	3609	469
2	3609	716
2	3610	348
2	3610	473
2	3610	555
2	3610	778
2	3611	90
2	3612	851
2	3615	797
2	3616	204
2	3617	570
2	3618	533
2	3620	13
2	3620	785
2	3621	49
2	3622	677
2	3622	698
2	3622	871
2	3623	396
2	3623	477
2	3624	293
2	3624	557
2	3625	173
2	3625	974
2	3626	166
2	3626	371
2	3627	405
2	3628	215
2	3629	76
2	3629	462
2	3629	741
2	3631	26
2	3633	381
2	3633	540
2	3638	346
2	3640	316
2	3640	719
2	3642	187
2	3642	992
2	3644	331
2	3645	385
2	3645	923
2	3645	998
2	3647	486
2	3647	506
2	3650	565
2	3650	627
2	3653	526
2	3654	250
2	3654	521
2	3654	764
2	3655	53
2	3655	634
2	3656	372
2	3658	912
2	3659	709
2	3660	21
2	3664	351
2	3664	590
2	3664	852
2	3665	370
2	3665	450
2	3666	158
2	3667	249
2	3667	824
2	3668	685
2	3669	636
2	3670	569
2	3671	471
2	3672	362
2	3673	601
2	3675	149
2	3675	288
2	3678	118
2	3678	162
2	3679	406
2	3681	225
2	3681	369
2	3681	734
2	3681	997
2	3683	357
2	3683	386
2	3685	229
2	3686	179
2	3686	779
2	3687	667
2	3691	428
2	3692	94
2	3692	232
2	3693	668
2	3694	156
2	3695	194
2	3695	728
2	3696	46
2	3696	205
2	3696	408
2	3697	379
2	3697	413
2	3697	586
2	3700	373
2	3701	191
2	3702	24
2	3702	639
2	3703	508
2	3708	411
2	3710	97
2	3710	182
2	3712	474
2	3713	310
2	3714	672
2	3715	195
2	3717	183
2	3717	378
2	3718	235
2	3718	733
2	3720	415
2	3721	185
2	3721	495
2	3725	25
2	3726	458
2	3726	801
2	3727	343
2	3728	708
2	3729	57
2	3730	169
2	3730	239
2	3730	502
2	3730	799
2	3731	338
2	3731	739
2	3731	771
2	3732	212
2	3736	267
2	3736	934
2	3738	572
2	3739	342
2	3739	689
2	3739	915
2	3740	112
2	3741	52
2	3741	695
2	3742	222
2	3742	551
2	3742	587
2	3743	609
2	3743	947
2	3744	285
2	3744	296
2	3745	226
2	3745	301
2	3746	280
2	3748	148
2	3748	304
2	3751	393
2	3751	463
2	3752	228
2	3752	350
2	3752	535
2	3753	22
2	3755	45
2	3755	93
2	3755	201
2	3755	352
2	3756	394
2	3756	773
2	3757	133
2	3757	746
2	3758	15
2	3758	33
2	3758	376
2	3758	582
2	3759	420
2	3759	839
2	3760	132
2	3761	404
2	3761	598
2	3762	559
2	3764	528
2	3765	102
2	3765	395
2	3766	665
2	3768	390
2	3768	804
2	3770	496
2	3771	755
2	3772	530
2	3777	35
2	3781	730
2	3783	608
2	3783	624
2	3785	957
2	3787	268
2	3790	261
2	3790	656
2	3790	907
2	3792	483
2	3792	790
2	3794	113
2	3795	442
2	3795	649
2	3796	257
2	3797	196
2	3797	640
2	3802	27
2	3802	440
2	3803	466
2	3803	775
2	3804	81
2	3804	307
2	3804	682
2	3807	117
2	3808	503
2	3809	515
2	3810	164
2	3811	650
2	3812	765
2	3814	580
2	3818	237
2	3820	144
2	3820	734
2	3821	204
2	3821	232
2	3821	899
2	3823	795
2	3825	398
2	3827	326
2	3827	803
2	3828	19
2	3828	335
2	3828	833
2	3829	328
2	3832	568
2	3832	718
2	3834	871
2	3835	481
2	3836	585
2	3837	42
2	3837	620
2	3838	980
2	3839	56
2	3845	103
2	3846	78
2	3846	631
2	3848	262
2	3848	937
2	3849	740
2	3850	186
2	3853	251
2	3853	322
2	3853	636
2	3854	175
2	3855	347
2	3856	337
2	3857	130
2	3857	784
2	3859	91
2	3860	359
2	3860	686
2	3860	729
2	3861	763
2	3863	115
2	3864	421
2	3865	460
2	3866	700
2	3867	211
2	3868	618
2	3869	683
2	3869	704
2	3871	406
2	3871	679
2	3872	320
2	3873	975
2	3875	518
2	3876	69
2	3877	255
2	3878	402
2	3878	424
2	3879	250
2	3879	277
2	3881	210
2	3881	921
2	3882	752
2	3883	97
2	3883	792
2	3884	163
2	3885	214
2	3887	131
2	3890	464
2	3890	605
2	3891	800
2	3892	66
2	3892	524
2	3893	290
2	3893	435
2	3893	848
2	3894	688
2	3896	991
2	3896	994
2	3897	24
2	3897	600
2	3898	9
2	3898	157
2	3898	334
2	3899	191
2	3899	438
2	3900	419
2	3901	150
2	3903	735
2	3904	396
2	3905	388
2	3905	413
2	3906	657
2	3907	189
2	3907	448
2	3908	417
2	3909	367
2	3909	498
2	3909	796
2	3910	67
2	3910	213
2	3910	465
2	3912	188
2	3913	280
2	3913	506
2	3913	661
2	3914	645
2	3915	64
2	3915	193
2	3915	822
2	3916	487
2	3917	47
2	3918	168
2	3918	957
2	3920	557
2	3921	282
2	3922	132
2	3922	139
2	3922	897
2	3923	587
2	3925	60
2	3925	244
2	3926	754
2	3927	38
2	3927	303
2	3927	321
2	3927	791
2	3927	864
2	3927	987
2	3928	476
2	3930	274
2	3931	260
2	3931	629
2	3931	640
2	3932	757
2	3934	914
2	3936	820
2	3937	582
2	3937	816
2	3939	412
2	3939	430
2	3940	678
2	3943	529
2	3943	707
2	3946	316
2	3947	49
2	3947	146
2	3948	371
2	3948	604
2	3949	915
2	3949	942
2	3950	216
2	3950	641
2	3951	272
2	3951	572
2	3952	716
2	3953	169
2	3953	496
2	3953	935
2	3956	324
2	3956	562
2	3958	15
2	3958	982
2	3962	851
2	3963	512
2	3964	73
2	3964	423
2	3964	453
2	3967	195
2	3971	16
2	3972	651
2	3972	783
2	3973	57
2	3973	217
2	3973	400
2	3974	153
2	3974	309
2	3974	768
2	3975	296
2	3975	643
2	3976	593
2	3977	27
2	3977	135
2	3980	599
2	3983	145
2	3983	687
2	3983	785
2	3985	653
2	3986	584
2	3986	777
2	3986	997
2	3988	99
2	3988	489
2	3989	179
2	3990	174
2	3990	749
2	3992	493
2	3992	951
2	3995	945
2	3997	298
2	3998	30
2	4000	458
2	4001	703
2	4002	389
2	4003	95
2	4003	442
2	4005	798
2	4005	972
2	4006	206
2	4006	365
2	4006	699
2	4008	805
2	4009	231
2	4009	799
2	4009	927
2	4010	209
2	4010	288
2	4010	692
2	4011	428
2	4011	596
2	4012	13
2	4012	636
2	4013	149
2	4013	336
2	4013	648
2	4014	414
2	4014	479
2	4015	656
2	4016	946
2	4017	760
2	4018	694
2	4019	627
2	4021	208
2	4023	307
2	4023	937
2	4024	647
2	4025	618
2	4025	764
2	4027	218
2	4028	66
2	4028	121
2	4029	586
2	4031	297
2	4031	863
2	4032	752
2	4033	8
2	4033	598
2	4034	83
2	4035	56
2	4035	337
2	4036	304
2	4037	36
2	4039	547
2	4039	710
2	4041	299
2	4041	590
2	4041	804
2	4044	676
2	4050	790
2	4051	555
2	4052	356
2	4053	103
2	4053	291
2	4054	672
2	4055	409
2	4058	24
2	4058	792
2	4059	110
2	4059	131
2	4060	29
2	4060	682
2	4060	704
2	4061	270
2	4062	175
2	4062	717
2	4062	825
2	4063	491
2	4064	613
2	4065	575
2	4066	240
2	4066	478
2	4066	487
2	4067	207
2	4067	508
2	4069	122
2	4071	256
2	4073	22
2	4073	34
2	4074	317
2	4074	330
2	4074	537
2	4074	797
2	4077	521
2	4078	187
2	4080	379
2	4081	771
2	4083	940
2	4084	935
2	4086	162
2	4087	3
2	4087	318
2	4088	610
2	4088	780
2	4091	180
2	4093	499
2	4094	677
2	4099	358
2	4100	216
2	4101	243
2	4103	96
2	4103	279
2	4103	824
2	4105	669
2	4106	449
2	4108	396
2	4108	786
2	4109	72
2	4109	90
2	4109	254
2	4109	723
2	4110	620
2	4113	773
2	4114	525
2	4116	570
2	4118	818
2	4118	964
2	4120	512
2	4121	225
2	4121	809
2	4123	53
2	4123	362
2	4124	535
2	4126	662
2	4129	932
2	4129	990
2	4131	901
2	4133	321
2	4133	732
2	4134	33
2	4134	41
2	4134	425
2	4134	883
2	4135	420
2	4136	628
2	4137	230
2	4139	183
2	4140	63
2	4140	825
2	4140	954
2	4141	465
2	4141	659
2	4141	834
2	4142	393
2	4143	568
2	4143	969
2	4145	603
2	4146	320
2	4146	395
2	4147	411
2	4147	845
2	4148	244
2	4149	264
2	4149	826
2	4150	426
2	4153	605
2	4153	871
2	4156	233
2	4157	413
2	4157	735
2	4158	783
2	4159	327
2	4161	464
2	4163	753
2	4163	878
2	4163	982
2	4165	382
2	4166	454
2	4167	287
2	4167	698
2	4168	57
2	4169	277
2	4170	496
2	4172	370
2	4173	588
2	4174	150
2	4176	855
2	4178	397
2	4179	2
2	4179	286
2	4179	452
2	4179	674
2	4180	194
2	4182	766
2	4184	200
2	4184	304
2	4184	522
2	4185	434
2	4188	534
2	4189	16
2	4189	87
2	4189	965
2	4190	31
2	4190	710
2	4191	639
2	4192	106
2	4192	125
2	4192	697
2	4194	178
2	4195	313
2	4195	670
2	4195	872
2	4196	913
2	4198	109
2	4198	497
2	4200	357
2	4201	800
2	4204	332
2	4204	401
2	4204	714
2	4206	50
2	4206	503
2	4206	571
2	4207	315
2	4207	784
2	4208	116
2	4209	4
2	4209	231
2	4209	402
2	4210	300
2	4211	408
2	4211	546
2	4212	167
2	4212	623
2	4214	558
2	4214	966
2	4215	121
2	4217	83
2	4217	431
2	4218	908
2	4219	439
2	4220	573
2	4222	9
2	4222	458
2	4223	384
2	4224	627
2	4228	509
2	4229	113
2	4229	326
2	4233	390
2	4233	443
2	4235	701
2	4237	290
2	4237	376
2	4238	252
2	4239	232
2	4241	158
2	4241	703
2	4242	103
2	4242	224
2	4243	418
2	4243	473
2	4244	98
2	4244	143
2	4245	28
2	4245	442
2	4246	88
2	4246	523
2	4251	161
2	4252	495
2	4252	499
2	4252	774
2	4252	985
2	4254	563
2	4255	660
2	4258	110
2	4258	538
2	4259	23
2	4259	97
2	4261	637
2	4262	111
2	4262	308
2	4262	581
2	4262	964
2	4264	195
2	4264	704
2	4265	20
2	4265	292
2	4267	478
2	4268	243
2	4268	543
2	4269	598
2	4271	257
2	4271	283
2	4271	552
2	4271	719
2	4274	709
2	4275	22
2	4280	164
2	4282	561
2	4283	267
2	4284	181
2	4286	836
2	4287	542
2	4287	702
2	4288	206
2	4288	529
2	4288	988
2	4289	867
2	4291	227
2	4291	352
2	4291	658
2	4291	751
2	4292	289
2	4294	625
2	4295	47
2	4296	368
2	4296	726
2	4296	779
2	4297	175
2	4297	396
2	4298	361
2	4299	162
2	4299	171
2	4301	364
2	4301	728
2	4302	828
2	4303	32
2	4304	303
2	4305	189
2	4305	622
2	4308	448
2	4308	750
2	4308	799
2	4310	286
2	4310	610
2	4311	462
2	4312	138
2	4313	564
2	4313	807
2	4314	777
2	4315	792
2	4317	172
2	4317	802
2	4320	69
2	4322	371
2	4323	259
2	4324	49
2	4326	978
2	4327	724
2	4329	187
2	4329	363
2	4330	75
2	4330	412
2	4331	95
2	4331	398
2	4331	631
2	4333	655
2	4333	825
2	4333	908
2	4334	482
2	4335	500
2	4337	25
2	4338	548
2	4339	211
2	4339	856
2	4340	391
2	4340	447
2	4340	676
2	4341	118
2	4341	650
2	4343	432
2	4344	11
2	4344	350
2	4347	126
2	4348	996
2	4349	256
2	4349	596
2	4351	145
2	4352	818
2	4352	977
2	4353	210
2	4353	787
2	4354	968
2	4357	45
2	4357	754
2	4358	586
2	4360	53
2	4360	649
2	4362	136
2	4362	505
2	4363	521
2	4364	155
2	4364	487
2	4364	527
2	4365	125
2	4365	592
2	4365	642
2	4365	748
2	4366	414
2	4369	906
2	4370	840
2	4370	992
2	4371	506
2	4372	124
2	4374	839
2	4377	322
2	4377	323
2	4377	669
2	4378	796
2	4380	40
2	4380	684
2	4381	562
2	4385	21
2	4385	151
2	4385	620
2	4386	369
2	4386	491
2	4386	776
2	4387	104
2	4388	522
2	4389	261
2	4390	149
2	4390	178
2	4391	240
2	4392	182
2	4393	165
2	4394	169
2	4394	287
2	4394	705
2	4395	86
2	4398	188
2	4399	624
2	4399	786
2	4399	832
2	4401	540
2	4402	917
2	4405	61
2	4406	39
2	4406	372
2	4407	523
2	4409	137
2	4409	654
2	4411	120
2	4413	476
2	4414	489
2	4414	571
2	4415	277
2	4415	778
2	4416	427
2	4416	559
2	4416	739
2	4417	661
2	4419	291
2	4420	468
2	4420	741
2	4421	301
2	4421	532
2	4423	249
2	4423	270
2	4423	858
2	4424	854
2	4425	395
2	4426	393
2	4426	729
2	4428	934
2	4429	159
2	4429	305
2	4429	513
2	4429	992
2	4430	237
2	4430	326
2	4430	459
2	4431	460
2	4431	501
2	4433	224
2	4433	228
2	4434	493
2	4435	595
2	4437	568
2	4438	245
2	4439	771
2	4440	49
2	4441	373
2	4444	140
2	4445	18
2	4445	275
2	4445	336
2	4446	121
2	4446	910
2	4448	475
2	4449	191
2	4450	71
2	4450	389
2	4451	918
2	4452	354
2	4453	246
2	4453	470
2	4454	134
2	4454	524
2	4455	415
2	4458	288
2	4460	481
2	4460	563
2	4463	6
2	4463	313
2	4463	756
2	4464	184
2	4464	215
2	4464	413
2	4464	471
2	4464	770
2	4465	17
2	4465	160
2	4466	422
2	4467	329
2	4467	412
2	4468	781
2	4470	359
2	4470	585
2	4471	205
2	4471	550
2	4472	50
2	4472	356
2	4472	680
2	4473	377
2	4473	417
2	4473	689
2	4473	964
2	4474	884
2	4475	933
2	4476	193
2	4476	264
2	4483	44
2	4483	405
2	4484	87
2	4484	398
2	4485	579
2	4488	70
2	4488	231
2	4490	337
2	4490	421
2	4491	518
2	4492	333
2	4492	423
2	4492	539
2	4493	846
2	4493	918
2	4494	129
2	4494	428
2	4495	658
2	4495	726
2	4496	239
2	4496	647
2	4496	797
2	4496	893
2	4497	284
2	4497	420
2	4498	432
2	4498	434
2	4498	713
2	4498	732
2	4499	746
2	4502	379
2	4503	409
2	4505	590
2	4505	612
2	4505	948
2	4506	618
2	4506	812
2	4507	1
2	4509	357
2	4511	58
2	4511	716
2	4511	813
2	4512	29
2	4515	154
2	4516	105
2	4516	582
2	4517	74
2	4517	605
2	4519	72
2	4519	183
2	4520	383
2	4520	392
2	4521	311
2	4522	381
2	4522	722
2	4523	118
2	4524	344
2	4525	664
2	4527	939
2	4529	133
2	4530	108
2	4532	260
2	4532	584
2	4532	752
2	4533	666
2	4535	576
2	4537	138
2	4538	694
2	4540	290
2	4541	614
2	4543	169
2	4543	315
2	4544	153
2	4544	670
2	4546	16
2	4546	226
2	4547	573
2	4548	765
2	4549	520
2	4549	759
2	4550	213
2	4550	282
2	4550	545
2	4552	506
2	4553	482
2	4555	157
2	4555	320
2	4555	983
2	4556	581
2	4557	82
2	4557	217
2	4558	758
2	4560	167
2	4560	340
2	4560	686
2	4560	913
2	4561	14
2	4561	640
2	4562	611
2	4563	24
2	4563	115
2	4563	328
2	4563	394
2	4563	599
2	4563	693
2	4563	731
2	4564	477
2	4568	519
2	4569	543
2	4570	150
2	4570	210
2	4570	355
2	4571	42
2	4571	553
2	4572	742
2	4574	536
2	4575	937
2	4575	947
2	4576	718
2	4576	806
2	4577	287
2	4577	411
2	4577	427
2	4577	650
2	4578	297
2	4578	714
2	4579	564
2	4579	634
2	4579	710
2	4580	325
2	4582	13
2	4582	192
2	4582	761
2	4582	800
2	4584	59
2	4585	147
2	4585	300
2	4585	639
2	4586	222
2	4587	691
2	4588	323
2	4589	104
2	4589	316
2	4589	374
2	4589	458
2	4590	256
2	4595	503
2	4596	55
2	4599	293
2	4600	208
2	4601	602
2	4602	172
2	4603	202
2	4604	12
2	4605	33
2	4605	490
2	4606	255
2	4606	736
2	4606	777
2	4608	69
2	4609	89
2	4609	552
2	4610	103
2	4617	595
2	4618	393
2	4621	534
2	4625	697
2	4626	36
2	4627	191
2	4627	896
2	4628	494
2	4630	588
2	4631	285
2	4631	764
2	4632	200
2	4634	709
2	4635	631
2	4636	370
2	4637	302
2	4638	481
2	4640	81
2	4640	321
2	4643	238
2	4643	342
2	4644	512
2	4644	625
2	4644	719
2	4646	174
2	4647	197
2	4648	413
2	4649	426
2	4649	848
2	4650	314
2	4651	571
2	4652	437
2	4652	622
2	4653	268
2	4654	471
2	4655	149
2	4656	415
2	4656	791
2	4657	538
2	4657	717
2	4659	96
2	4659	524
2	4660	563
2	4661	388
2	4662	21
2	4662	144
2	4662	770
2	4664	64
2	4665	122
2	4665	604
2	4665	692
2	4665	969
2	4666	783
2	4667	351
2	4668	35
2	4668	264
2	4668	680
2	4671	721
2	4672	424
2	4672	610
2	4673	445
2	4674	407
2	4678	139
2	4679	153
2	4679	715
2	4680	227
2	4680	476
2	4681	2
2	4682	636
2	4686	679
2	4687	71
2	4687	266
2	4688	273
2	4689	212
2	4689	914
2	4691	535
2	4691	700
2	4691	762
2	4693	95
2	4694	312
2	4694	332
2	4696	475
2	4697	848
2	4699	396
2	4699	643
2	4700	511
2	4701	594
2	4702	367
2	4703	605
2	4703	879
2	4704	141
2	4704	673
2	4706	309
2	4707	474
2	4707	938
2	4708	225
2	4708	676
2	4708	864
2	4712	330
2	4714	38
2	4714	245
2	4714	272
2	4714	488
2	4715	105
2	4716	795
2	4718	583
2	4719	169
2	4719	942
2	4720	189
2	4721	530
2	4721	540
2	4721	866
2	4723	123
2	4724	641
2	4726	412
2	4728	566
2	4732	219
2	4736	103
2	4737	381
2	4737	852
2	4738	142
2	4738	237
2	4739	739
2	4740	991
2	4744	186
2	4744	456
2	4745	27
2	4746	287
2	4747	281
2	4747	687
2	4752	848
2	4753	231
2	4753	290
2	4753	741
2	4754	901
2	4755	816
2	4757	642
2	4757	918
2	4760	727
2	4762	76
2	4762	985
2	4766	41
2	4767	161
2	4769	51
2	4770	788
2	4771	15
2	4771	794
2	4773	884
2	4776	621
2	4778	383
2	4779	50
2	4779	60
2	4779	385
2	4779	395
2	4779	820
2	4784	6
2	4784	203
2	4786	565
2	4787	98
2	4787	166
2	4787	283
2	4787	304
2	4789	508
2	4790	654
2	4791	522
2	4793	296
2	4794	904
2	4795	7
2	4795	441
2	4795	484
2	4797	515
2	4797	629
2	4797	808
2	4798	264
2	4798	561
2	4799	362
2	4800	464
2	4803	252
2	4804	132
2	4806	193
2	4806	210
2	4812	242
2	4812	834
2	4814	79
2	4816	119
2	4816	372
2	4817	925
2	4818	106
2	4818	318
2	4818	401
2	4819	836
2	4820	179
2	4821	541
2	4823	422
2	4824	5
2	4825	596
2	4825	901
2	4826	23
2	4826	534
2	4826	593
2	4828	457
2	4829	20
2	4829	146
2	4829	397
2	4829	544
2	4830	735
2	4831	45
2	4831	498
2	4832	386
2	4832	689
2	4832	706
2	4832	730
2	4832	985
2	4833	487
2	4834	485
2	4834	507
2	4836	246
2	4837	40
2	4837	403
2	4838	159
2	4838	462
2	4838	699
2	4839	297
2	4839	419
2	4839	471
2	4839	492
2	4839	542
2	4840	554
2	4841	350
2	4842	124
2	4844	90
2	4845	24
2	4845	614
2	4847	26
2	4847	91
2	4847	125
2	4847	528
2	4848	524
2	4849	630
2	4850	96
2	4850	578
2	4850	582
2	4851	138
2	4852	122
2	4852	521
2	4852	672
2	4854	440
2	4854	843
2	4857	539
2	4859	177
2	4860	164
2	4863	632
2	4864	83
2	4864	636
2	4865	480
2	4867	599
2	4868	592
2	4871	930
2	4872	104
2	4873	153
2	4873	426
2	4873	669
2	4874	512
2	4875	494
2	4875	523
2	4876	490
2	4876	683
2	4878	68
2	4878	686
2	4880	221
2	4880	825
2	4881	786
2	4883	664
2	4884	22
2	4888	682
2	4889	340
2	4889	738
2	4890	70
2	4890	782
2	4891	819
2	4892	584
2	4893	226
2	4893	824
2	4894	472
2	4894	622
2	4894	982
2	4895	415
2	4898	187
2	4898	774
2	4898	811
2	4899	1
2	4900	696
2	4902	272
2	4902	418
2	4902	865
2	4902	883
2	4903	228
2	4904	183
2	4905	391
2	4906	976
2	4910	790
2	4911	875
2	4912	247
2	4912	328
2	4913	428
2	4914	65
2	4914	72
2	4914	131
2	4914	313
2	4914	927
2	4916	135
2	4916	190
2	4918	137
2	4921	379
2	4921	708
2	4925	314
2	4926	315
2	4926	546
2	4926	643
2	4927	323
2	4927	639
2	4927	661
2	4928	413
2	4928	679
2	4928	829
2	4929	734
2	4933	260
2	4933	305
2	4933	996
2	4936	196
2	4936	460
2	4939	134
2	4941	198
2	4941	616
2	4941	756
2	4942	321
2	4943	411
2	4943	437
2	4944	803
2	4944	972
2	4947	235
2	4947	713
2	4947	914
2	4950	75
2	4951	553
2	4951	601
2	4952	353
2	4953	308
2	4954	796
2	4955	431
2	4956	729
2	4958	10
2	4958	380
2	4958	674
2	4959	595
2	4960	51
2	4961	388
2	4961	784
2	4961	886
2	4962	52
2	4962	719
2	4964	211
2	4964	505
2	4968	551
2	4969	48
2	4969	522
2	4971	36
2	4972	43
2	4973	805
2	4974	144
2	4974	605
2	4975	172
2	4975	465
2	4975	670
2	4976	176
2	4976	316
2	4976	824
2	4977	6
2	4977	645
2	4979	499
2	4979	626
2	4980	163
2	4980	329
2	4980	950
2	4981	69
2	4981	925
2	4983	491
2	4985	631
2	4988	233
2	4989	117
2	4989	712
2	4991	169
2	4991	573
2	4992	133
2	4992	863
2	4992	871
2	4993	28
2	4993	304
2	4995	155
2	4996	39
2	4996	116
2	4998	555
2	4998	720
2	5000	658
