2	-1	0
2	1	519
2	1	615
2	3	337
2	3	778
2	5	898
2	6	469
2	7	952
2	9	480
2	10	258
2	10	960
2	14	266
2	14	560
2	15	328
2	15	686
2	16	91
2	16	274
2	16	290
2	17	79
2	17	664
2	18	176
2	19	941
2	20	178
2	20	381
2	20	740
2	22	385
2	23	259
2	24	66
2	24	84
2	25	250
2	25	900
2	27	691
2	29	173
2	29	189
2	29	479
2	30	455
2	30	746
2	32	96
2	32	704
2	35	706
2	35	786
2	36	219
2	39	39
2	39	67
2	39	656
2	42	164
2	42	192
2	43	270
2	45	666
2	46	800
2	46	820
2	47	760
2	49	245
2	50	665
2	50	819
2	51	85
2	51	229
2	51	411
2	52	262
2	52	279
2	53	777
2	55	488
2	55	642
2	57	5
2	57	545
2	57	650
2	60	565
2	61	790
2	62	53
2	64	7
2	64	118
2	64	693
2	64	766
2	66	172
2	67	233
2	67	271
2	68	592
2	68	744
2	69	780
2	70	78
2	72	458
2	73	982
2	74	445
2	75	486
2	75	947
2	76	330
2	78	463
2	78	620
2	80	425
2	83	738
2	84	180
2	84	992
2	85	316
2	87	392
2	87	573
2	88	712
2	89	204
2	90	74
2	91	739
2	92	811
2	95	502
2	96	263
2	99	701
2	101	110
2	102	769
2	107	35
2	107	733
2	111	943
2	112	73
2	112	489
2	113	307
2	114	70
2	116	675
2	117	238
2	117	513
2	118	614
2	118	700
2	119	536
2	119	606
2	120	465
2	121	696
2	122	183
2	122	509
2	122	954
2	123	410
2	123	451
2	124	203
2	125	624
2	127	299
2	131	157
2	131	386
2	131	546
2	131	891
2	132	473
2	133	209
2	133	556
2	133	873
2	135	300
2	136	356
2	138	653
2	139	197
2	139	641
2	139	849
2	140	166
2	140	314
2	140	485
2	141	114
2	141	265
2	141	618
2	141	674
2	143	274
2	143	511
2	143	912
2	144	631
2	146	241
2	146	365
2	146	723
2	146	831
2	147	703
2	148	163
2	150	170
2	150	972
2	152	116
2	152	669
2	152	709
2	154	686
2	154	782
2	155	796
2	158	459
2	159	320
2	160	635
2	161	935
2	162	627
2	165	756
2	166	439
2	167	430
2	167	576
2	168	38
2	169	595
2	170	290
2	172	20
2	172	651
2	174	93
2	174	734
2	175	218
2	176	904
2	176	942
2	177	34
2	178	155
2	179	672
2	181	644
2	182	724
2	183	535
2	184	280
2	184	826
2	186	372
2	186	389
2	188	633
2	190	54
2	192	22
2	193	188
2	193	421
2	194	611
2	194	706
2	197	524
2	197	574
2	199	327
2	200	784
2	201	397
2	201	533
2	201	661
2	202	943
2	203	622
2	203	922
2	204	749
2	205	174
2	205	863
2	206	239
2	208	51
2	208	402
2	208	420
2	209	227
2	209	390
2	209	483
2	209	813
2	210	460
2	211	185
2	212	58
2	213	318
2	213	338
2	213	342
2	213	600
2	215	125
2	216	217
2	217	323
2	218	21
2	219	567
2	220	581
2	221	242
2	221	742
2	221	785
2	224	69
2	225	14
2	225	313
2	229	520
2	230	757
2	231	103
2	231	528
2	231	758
2	232	514
2	233	384
2	233	476
2	234	773
2	236	693
2	237	128
2	237	158
2	237	417
2	238	282
2	238	345
2	239	599
2	240	91
2	241	17
2	242	676
2	243	143
2	243	146
2	243	715
2	244	354
2	244	847
2	245	874
2	248	258
2	249	357
2	249	752
2	250	168
2	250	486
2	250	938
2	253	480
2	253	740
2	253	769
2	253	894
2	254	107
2	254	234
2	255	131
2	256	791
2	258	281
2	258	398
2	260	283
2	260	656
2	261	333
2	263	858
2	264	346
2	264	444
2	265	202
2	265	220
2	265	834
2	266	164
2	266	224
2	269	925
2	271	148
2	271	207
2	272	26
2	272	48
2	272	102
2	273	387
2	274	109
2	274	359
2	276	615
2	277	53
2	277	295
2	277	409
2	277	969
2	278	696
2	279	28
2	279	659
2	279	816
2	280	352
2	282	440
2	282	762
2	283	3
2	284	469
2	284	505
2	285	233
2	285	512
2	288	604
2	289	99
2	290	944
2	292	291
2	292	642
2	293	582
2	293	953
2	294	306
2	295	437
2	295	831
2	298	532
2	298	792
2	300	655
2	301	246
2	301	580
2	302	548
2	302	554
2	302	579
2	304	41
2	305	842
2	306	257
2	306	670
2	308	563
2	309	672
2	310	688
2	310	735
2	312	73
2	312	93
2	313	663
2	314	500
2	314	552
2	314	733
2	315	59
2	315	370
2	315	851
2	316	44
2	316	868
2	316	973
2	317	65
2	317	609
2	318	178
2	318	510
2	319	273
2	323	751
2	324	746
2	324	958
2	325	786
2	328	261
2	328	331
2	330	719
2	331	97
2	331	327
2	331	423
2	332	136
2	332	501
2	332	555
2	332	721
2	332	832
2	334	45
2	334	443
2	335	212
2	336	60
2	337	772
2	337	926
2	338	145
2	340	381
2	340	729
2	341	344
2	342	23
2	343	728
2	345	455
2	347	707
2	348	436
2	349	113
2	349	231
2	349	247
2	350	143
2	350	818
2	351	324
2	352	351
2	354	618
2	354	761
2	355	470
2	357	691
2	358	185
2	360	414
2	360	713
2	361	5
2	361	997
2	362	386
2	363	156
2	363	638
2	364	204
2	366	8
2	366	884
2	368	173
2	370	816
2	372	88
2	372	511
2	373	678
2	373	937
2	377	30
2	377	550
2	379	578
2	379	612
2	380	47
2	381	513
2	382	526
2	382	595
2	382	614
2	382	629
2	385	58
2	387	630
2	387	650
2	387	910
2	389	293
2	389	673
2	390	42
2	391	872
2	392	587
2	393	394
2	394	116
2	394	725
2	394	882
2	394	994
2	402	43
2	402	407
2	402	718
2	403	626
2	404	56
2	404	962
2	405	198
2	405	527
2	405	640
2	405	981
2	407	543
2	407	561
2	407	608
2	408	371
2	410	279
2	410	463
2	412	824
2	413	277
2	417	76
2	417	342
2	419	365
2	420	288
2	421	146
2	421	418
2	421	446
2	422	163
2	422	664
2	422	826
2	424	256
2	424	486
2	425	522
2	426	787
2	429	177
2	429	196
2	431	100
2	432	709
2	433	355
2	435	727
2	436	429
2	436	449
2	436	488
2	441	11
2	441	115
2	441	448
2	442	249
2	443	546
2	446	457
2	449	346
2	450	485
2	451	393
2	451	724
2	454	19
2	454	89
2	454	337
2	454	524
2	456	84
2	456	689
2	456	847
2	457	137
2	460	108
2	460	179
2	460	494
2	461	760
2	461	798
2	462	295
2	462	413
2	462	484
2	462	901
2	463	81
2	463	274
2	466	289
2	467	172
2	468	34
2	468	244
2	468	537
2	468	849
2	469	52
2	469	155
2	470	258
2	471	853
2	472	87
2	472	582
2	473	454
2	473	458
2	473	646
2	474	50
2	474	330
2	474	464
2	474	909
2	475	675
2	477	998
2	481	271
2	482	405
2	485	239
2	486	690
2	487	738
2	489	121
2	490	535
2	491	498
2	491	813
2	492	86
2	494	500
2	494	695
2	495	119
2	495	201
2	495	356
2	495	778
2	497	339
2	497	810
2	500	283
2	501	712
2	503	492
2	504	815
2	505	886
2	506	861
2	507	16
2	507	766
2	508	860
2	509	162
2	510	221
2	510	291
2	511	684
2	511	974
2	516	687
2	518	214
2	518	530
2	518	589
2	518	744
2	518	880
2	520	710
2	521	451
2	522	701
2	523	343
2	525	2
2	525	634
2	527	23
2	528	32
2	528	967
2	531	200
2	532	552
2	532	631
2	533	215
2	533	218
2	533	613
2	534	719
2	535	440
2	537	859
2	541	170
2	542	68
2	542	231
2	543	354
2	546	353
2	546	602
2	547	31
2	547	529
2	548	294
2	548	456
2	549	341
2	550	481
2	550	702
2	550	726
2	550	746
2	551	437
2	551	666
2	551	976
2	552	243
2	552	706
2	552	908
2	553	133
2	553	555
2	554	234
2	555	236
2	555	828
2	555	893
2	556	637
2	558	146
2	558	147
2	558	382
2	558	563
2	560	800
2	562	447
2	562	917
2	563	756
2	564	1
2	565	647
2	566	352
2	567	15
2	568	59
2	569	64
2	569	319
2	569	763
2	572	600
2	575	165
2	576	708
2	578	345
2	582	650
2	582	698
2	583	359
2	583	635
2	584	443
2	584	496
2	585	158
2	585	966
2	587	8
2	588	592
2	589	599
2	589	783
2	590	314
2	590	858
2	591	179
2	591	601
2	591	661
2	591	700
2	592	24
2	592	842
2	594	266
2	594	309
2	594	775
2	596	112
2	596	939
2	599	927
2	601	145
2	602	518
2	604	716
2	605	528
2	605	682
2	606	534
2	607	267
2	607	441
2	607	469
2	607	773
2	609	433
2	609	627
2	609	968
2	610	759
2	610	794
2	611	159
2	612	525
2	613	787
2	615	609
2	616	975
2	617	208
2	617	574
2	622	189
2	624	342
2	625	25
2	626	772
2	627	188
2	627	375
2	628	245
2	629	109
2	629	396
2	634	595
2	634	724
2	636	36
2	636	150
2	637	937
2	639	228
2	639	826
2	640	379
2	641	168
2	643	362
2	644	6
2	644	58
2	647	421
2	648	657
2	649	687
2	650	501
2	651	152
2	651	812
2	652	497
2	652	548
2	653	652
2	653	744
2	654	193
2	654	308
2	654	487
2	654	489
2	654	570
2	655	53
2	655	201
2	656	323
2	657	381
2	659	178
2	659	424
2	659	645
2	660	365
2	661	322
2	662	453
2	663	262
2	663	892
2	665	60
2	666	136
2	666	285
2	666	502
2	667	173
2	668	29
2	669	531
2	670	564
2	671	202
2	672	511
2	674	43
2	674	293
2	675	12
2	675	164
2	675	167
2	676	408
2	678	981
2	679	946
2	682	449
2	682	483
2	684	437
2	685	316
2	685	577
2	685	683
2	686	391
2	687	57
2	688	273
2	688	343
2	689	39
2	689	230
2	689	530
2	693	539
2	693	692
2	696	573
2	698	44
2	699	321
2	700	782
2	700	796
2	703	374
2	703	506
2	703	777
2	704	460
2	705	443
2	706	35
2	707	238
2	707	310
2	708	333
2	708	735
2	708	817
2	709	543
2	710	275
2	710	287
2	711	795
2	711	807
2	712	181
2	712	332
2	714	70
2	715	637
2	717	340
2	718	116
2	719	223
2	719	514
2	719	591
2	720	677
2	721	524
2	722	481
2	723	280
2	723	413
2	723	508
2	724	445
2	724	691
2	724	703
2	725	354
2	725	668
2	726	317
2	726	397
2	727	734
2	728	874
2	729	259
2	730	151
2	730	797
2	730	890
2	731	989
2	732	368
2	732	993
2	733	448
2	733	659
2	736	184
2	736	776
2	737	84
2	738	752
2	739	515
2	740	723
2	742	976
2	743	523
2	745	521
2	746	250
2	749	155
2	750	730
2	752	34
2	753	51
2	756	163
2	756	695
2	757	665
2	758	131
2	758	970
2	759	373
2	762	821
2	763	120
2	764	284
2	764	760
2	765	300
2	766	781
2	768	419
2	769	141
2	769	143
2	769	271
2	769	376
2	771	829
2	772	28
2	773	541
2	775	595
2	776	953
2	777	771
2	778	23
2	778	222
2	778	494
2	779	436
2	780	124
2	780	251
2	783	101
2	784	947
2	785	505
2	786	422
2	788	172
2	789	113
2	789	417
2	791	371
2	791	626
2	791	807
2	791	813
2	792	682
2	794	78
2	797	136
2	798	945
2	799	98
2	800	620
2	801	144
2	801	664
2	802	423
2	803	827
2	805	955
2	806	71
2	807	64
2	807	583
2	810	206
2	810	803
2	810	973
2	811	133
2	812	431
2	813	926
2	813	946
2	815	794
2	816	430
2	816	557
2	816	676
2	818	398
2	823	335
2	823	614
2	824	378
2	825	100
2	825	756
2	825	788
2	826	119
2	828	439
2	828	688
2	829	247
2	829	694
2	831	13
2	831	375
2	832	451
2	832	563
2	833	242
2	834	72
2	835	107
2	836	7
2	836	613
2	838	582
2	840	18
2	840	235
2	840	318
2	840	628
2	840	896
2	841	15
2	842	230
2	842	289
2	842	616
2	843	191
2	843	325
2	843	388
2	843	598
2	845	57
2	847	170
2	848	663
2	849	395
2	849	971
2	850	617
2	850	978
2	851	114
2	851	713
2	853	75
2	853	758
2	854	615
2	855	372
2	855	701
2	855	708
2	856	746
2	858	128
2	859	920
2	861	650
2	862	27
2	862	197
2	864	850
2	865	606
2	866	672
2	866	718
2	868	852
2	872	40
2	877	332
2	878	651
2	879	301
2	879	522
2	880	747
2	881	229
2	881	527
2	884	299
2	884	875
2	886	285
2	888	157
2	889	511
2	890	425
2	891	369
2	892	727
2	892	804
2	893	731
2	895	24
2	895	154
2	896	452
2	897	86
2	898	213
2	898	387
2	898	795
2	900	290
2	901	428
2	901	645
2	902	992
2	903	528
2	903	543
2	904	19
2	904	264
2	905	5
2	905	515
2	910	270
2	910	923
2	911	424
2	912	309
2	913	287
2	914	231
2	914	362
2	916	76
2	917	649
2	918	680
2	919	96
2	920	658
2	921	308
2	921	459
2	921	957
2	922	648
2	923	635
2	924	444
2	925	567
2	926	112
2	926	975
2	927	14
2	930	882
2	931	282
2	932	386
2	932	751
2	933	17
2	933	501
2	933	569
2	933	600
2	934	167
2	935	32
2	935	445
2	936	307
2	936	630
2	937	25
2	937	248
2	938	238
2	938	797
2	940	150
2	941	331
2	942	163
2	942	237
2	942	575
2	944	224
2	946	803
2	947	46
2	949	87
2	949	561
2	951	49
2	951	117
2	951	323
2	952	899
2	954	578
2	955	359
2	955	959
2	956	603
2	957	500
2	959	405
2	959	557
2	961	427
2	961	456
2	963	820
2	964	250
2	964	785
2	965	843
2	966	89
2	969	916
2	970	298
2	971	503
2	971	552
2	971	710
2	972	215
2	974	391
2	974	669
2	975	499
2	975	679
2	976	132
2	976	792
2	977	291
2	977	801
2	980	763
2	982	809
2	985	173
2	985	457
2	986	176
2	986	267
2	988	187
2	989	234
2	989	524
2	989	969
2	991	693
2	992	79
2	993	179
2	993	322
2	993	526
2	993	924
2	994	338
2	995	460
2	997	84
2	997	169
2	997	723
2	999	661
2	1000	127
2	1000	377
2	1001	328
2	1001	361
2	1003	580
2	1003	592
2	1004	702
2	1005	984
2	1006	432
2	1007	194
2	1008	108
2	1008	631
2	1011	268
2	1012	155
2	1013	812
2	1014	45
2	1015	97
2	1015	548
2	1015	642
2	1015	921
2	1016	9
2	1016	162
2	1017	13
2	1017	869
2	1019	195
2	1021	451
2	1023	239
2	1023	598
2	1024	325
2	1025	722
2	1027	863
2	1027	979
2	1028	398
2	1029	431
2	1030	39
2	1030	626
2	1031	30
2	1032	71
2	1032	733
2	1033	622
2	1037	284
2	1038	26
2	1038	534
2	1041	254
2	1041	662
2	1042	201
2	1042	374
2	1042	816
2	1044	138
2	1044	198
2	1045	368
2	1045	440
2	1047	701
2	1047	833
2	1048	969
2	1049	573
2	1049	826
2	1050	139
2	1050	805
2	1051	721
2	1051	897
2	1053	572
2	1055	691
2	1055	730
2	1055	966
2	1056	414
2	1057	191
2	1057	264
2	1057	667
2	1058	880
2	1059	222
2	1060	228
2	1061	523
2	1063	207
2	1064	276
2	1067	113
2	1067	677
2	1068	148
2	1068	891
2	1069	504
2	1069	690
2	1070	394
2	1072	295
2	1072	333
2	1072	736
2	1072	958
2	1074	181
2	1076	235
2	1076	315
2	1076	502
2	1076	697
2	1076	918
2	1077	922
2	1078	202
2	1079	492
2	1080	111
2	1081	204
2	1081	748
2	1083	842
2	1084	793
2	1084	887
2	1085	98
2	1085	317
2	1086	977
2	1089	91
2	1089	674
2	1092	103
2	1094	186
2	1094	287
2	1096	611
2	1096	738
2	1096	813
2	1097	859
2	1098	25
2	1098	446
2	1099	215
2	1099	686
2	1100	932
2	1106	350
2	1108	727
2	1110	926
2	1113	554
2	1114	627
2	1116	448
2	1116	613
2	1116	654
2	1116	775
2	1117	879
2	1118	531
2	1118	755
2	1120	685
2	1120	751
2	1121	285
2	1121	579
2	1122	788
2	1124	666
2	1125	352
2	1126	653
2	1128	58
2	1129	298
2	1129	890
2	1131	314
2	1132	980
2	1133	85
2	1133	637
2	1134	52
2	1134	992
2	1135	683
2	1137	657
2	1140	304
2	1142	115
2	1142	283
2	1142	388
2	1142	515
2	1142	620
2	1142	816
2	1142	918
2	1143	405
2	1143	490
2	1144	225
2	1144	256
2	1144	343
2	1144	582
2	1145	794
2	1146	62
2	1147	435
2	1148	316
2	1148	403
2	1149	489
2	1149	699
2	1150	6
2	1151	143
2	1151	167
2	1151	271
2	1152	525
2	1153	499
2	1153	720
2	1154	100
2	1154	330
2	1154	584
2	1154	616
2	1154	901
2	1156	259
2	1156	585
2	1156	737
2	1160	177
2	1160	328
2	1160	873
2	1161	130
2	1161	269
2	1161	359
2	1161	626
2	1161	990
2	1164	704
2	1165	4
2	1165	180
2	1166	488
2	1166	633
2	1167	514
2	1168	75
2	1168	676
2	1168	857
2	1170	134
2	1172	196
2	1172	732
2	1174	280
2	1174	810
2	1175	86
2	1177	95
2	1178	84
2	1178	170
2	1181	539
2	1183	83
2	1183	605
2	1184	346
2	1184	411
2	1185	725
2	1188	646
2	1191	529
2	1191	604
2	1192	987
2	1194	416
2	1194	476
2	1196	151
2	1196	689
2	1197	87
2	1197	493
2	1198	28
2	1198	820
2	1203	192
2	1204	891
2	1205	289
2	1205	1000
2	1206	829
2	1208	154
2	1208	412
2	1209	473
2	1213	550
2	1215	266
2	1216	201
2	1217	643
2	1218	799
2	1219	417
2	1221	112
2	1222	161
2	1222	338
2	1223	43
2	1223	590
2	1224	528
2	1225	54
2	1225	57
2	1225	73
2	1225	858
2	1226	222
2	1227	51
2	1227	323
2	1227	644
2	1228	250
2	1228	326
2	1229	31
2	1229	592
2	1230	409
2	1231	350
2	1232	21
2	1232	574
2	1232	848
2	1234	310
2	1236	49
2	1237	367
2	1237	516
2	1239	381
2	1243	693
2	1245	329
2	1245	365
2	1246	237
2	1247	449
2	1248	542
2	1249	20
2	1249	285
2	1250	99
2	1250	888
2	1251	297
2	1252	138
2	1252	475
2	1253	348
2	1253	559
2	1255	224
2	1255	662
2	1257	563
2	1258	342
2	1259	65
2	1259	197
2	1259	277
2	1260	699
2	1262	393
2	1262	709
2	1262	852
2	1263	311
2	1264	958
2	1268	629
2	1269	802
2	1270	491
2	1270	494
2	1273	360
2	1273	361
2	1274	119
2	1277	229
2	1277	875
2	1278	371
2	1278	471
2	1282	36
2	1282	587
2	1283	398
2	1283	708
2	1284	102
2	1288	533
2	1290	125
2	1290	179
2	1291	46
2	1295	474
2	1295	661
2	1296	761
2	1298	439
2	1298	560
2	1298	614
2	1298	772
2	1300	568
2	1301	158
2	1301	373
2	1302	12
2	1302	645
2	1303	135
2	1303	234
2	1304	828
2	1307	595
2	1307	970
2	1308	385
2	1308	639
2	1309	995
2	1310	106
2	1310	173
2	1311	798
2	1312	646
2	1313	60
2	1313	553
2	1313	657
2	1315	534
2	1316	484
2	1316	684
2	1318	353
2	1319	274
2	1319	747
2	1322	410
2	1323	305
2	1324	565
2	1324	589
2	1325	627
2	1326	59
2	1326	278
2	1327	730
2	1328	775
2	1331	50
2	1331	434
2	1333	640
2	1333	694
2	1334	111
2	1334	171
2	1334	302
2	1335	336
2	1335	441
2	1336	451
2	1336	460
2	1337	294
2	1338	631
2	1338	729
2	1339	521
2	1339	588
2	1341	200
2	1342	759
2	1343	182
2	1344	593
2	1345	848
2	1347	107
2	1347	671
2	1349	835
2	1350	753
2	1352	139
2	1352	168
2	1353	405
2	1355	355
2	1357	166
2	1359	715
2	1360	222
2	1360	569
2	1362	519
2	1363	110
2	1364	307
2	1365	908
2	1366	858
2	1367	380
2	1368	262
2	1370	187
2	1370	748
2	1370	760
2	1376	696
2	1377	62
2	1377	502
2	1378	218
2	1378	680
2	1382	757
2	1383	164
2	1383	544
2	1386	578
2	1386	750
2	1388	558
2	1389	323
2	1391	192
2	1393	148
2	1393	819
2	1396	687
2	1397	298
2	1400	26
2	1400	499
2	1400	898
2	1403	296
2	1405	213
2	1407	649
2	1407	799
2	1413	268
2	1413	374
2	1415	241
2	1416	97
2	1420	6
2	1421	41
2	1421	176
2	1424	924
2	1425	258
2	1425	591
2	1427	431
2	1431	571
2	1432	639
2	1434	35
2	1437	751
2	1438	542
2	1440	703
2	1441	688
2	1441	996
2	1442	280
2	1442	604
2	1442	961
2	1444	400
2	1445	809
2	1446	220
2	1446	532
2	1448	574
2	1449	710
2	1450	38
2	1450	520
2	1451	113
2	1452	590
2	1453	685
2	1454	341
2	1455	770
2	1455	870
2	1455	925
2	1456	210
2	1456	510
2	1457	101
2	1457	325
2	1457	444
2	1458	114
2	1458	299
2	1458	876
2	1463	810
2	1463	871
2	1465	473
2	1469	188
2	1471	286
2	1475	179
2	1477	39
2	1477	619
2	1478	56
2	1479	874
2	1480	186
2	1484	353
2	1484	564
2	1485	196
2	1485	614
2	1486	315
2	1488	252
2	1488	999
2	1489	417
2	1489	624
2	1490	599
2	1490	615
2	1490	765
2	1492	513
2	1492	693
2	1493	206
2	1497	402
2	1497	736
2	1498	207
2	1500	480
2	1500	871
2	1501	756
2	1505	323
2	1505	367
2	1505	908
2	1506	223
2	1507	692
2	1508	175
2	1508	459
2	1508	529
2	1508	699
2	1509	334
2	1509	539
2	1509	662
2	1510	888
2	1511	171
2	1511	655
2	1512	487
2	1513	234
2	1514	329
2	1514	622
2	1516	371
2	1516	840
2	1516	938
2	1517	195
2	1517	732
2	1517	743
2	1517	761
2	1517	792
2	1518	747
2	1519	84
2	1519	629
2	1520	700
2	1521	108
2	1522	544
2	1522	823
2	1522	979
2	1523	825
2	1524	232
2	1524	492
2	1526	266
2	1526	281
2	1527	625
2	1528	72
2	1531	17
2	1531	144
2	1531	394
2	1532	941
2	1533	811
2	1535	588
2	1536	868
2	1537	255
2	1538	152
2	1539	396
2	1541	32
2	1542	728
2	1543	146
2	1543	652
2	1544	143
2	1544	181
2	1544	314
2	1545	331
2	1547	36
2	1551	22
2	1552	672
2	1552	952
2	1554	392
2	1556	359
2	1556	397
2	1556	725
2	1558	740
2	1558	797
2	1559	172
2	1564	408
2	1565	275
2	1566	342
2	1566	682
2	1567	462
2	1568	58
2	1570	430
2	1571	535
2	1574	130
2	1575	246
2	1576	316
2	1576	496
2	1576	559
2	1577	38
2	1577	176
2	1577	226
2	1577	235
2	1577	729
2	1578	231
2	1578	540
2	1580	531
2	1583	133
2	1583	297
2	1584	551
2	1584	696
2	1587	771
2	1588	791
2	1595	585
2	1595	719
2	1595	773
2	1596	183
2	1596	871
2	1596	959
2	1597	202
2	1598	293
2	1598	439
2	1598	721
2	1598	883
2	1599	52
2	1602	379
2	1604	76
2	1604	254
2	1607	111
2	1608	866
2	1609	744
2	1611	675
2	1612	168
2	1612	428
2	1612	726
2	1612	999
2	1613	54
2	1613	59
2	1613	110
2	1614	387
2	1615	33
2	1617	28
2	1617	41
2	1618	360
2	1619	979
2	1620	115
2	1622	909
2	1623	405
2	1625	804
2	1626	534
2	1626	807
2	1626	957
2	1627	715
2	1629	320
2	1629	380
2	1629	617
2	1629	770
2	1632	706
2	1632	962
2	1639	116
2	1639	576
2	1642	924
2	1643	305
2	1649	441
2	1650	764
2	1651	517
2	1652	840
2	1655	688
2	1657	42
2	1657	788
2	1659	550
2	1659	614
2	1659	639
2	1660	223
2	1661	984
2	1662	543
2	1663	261
2	1664	800
2	1667	155
2	1669	311
2	1669	499
2	1669	508
2	1669	691
2	1671	303
2	1671	615
2	1671	738
2	1672	74
2	1672	561
2	1674	988
2	1675	500
2	1675	647
2	1677	69
2	1677	591
2	1678	426
2	1680	912
2	1681	249
2	1681	425
2	1681	850
2	1683	735
2	1684	192
2	1684	656
2	1685	654
2	1686	153
2	1686	584
2	1686	924
2	1687	160
2	1688	238
2	1688	876
2	1689	184
2	1690	251
2	1690	298
2	1691	197
2	1691	728
2	1692	123
2	1692	312
2	1692	351
2	1692	674
2	1692	734
2	1693	645
2	1695	56
2	1696	515
2	1697	147
2	1698	229
2	1699	297
2	1699	378
2	1699	389
2	1700	237
2	1701	527
2	1701	773
2	1702	127
2	1702	580
2	1702	637
2	1703	549
2	1703	655
2	1705	643
2	1706	286
2	1706	575
2	1707	869
2	1708	713
2	1708	737
2	1709	857
2	1710	525
2	1711	15
2	1711	294
2	1711	313
2	1711	314
2	1712	871
2	1713	240
2	1713	507
2	1713	720
2	1715	75
2	1715	135
2	1718	469
2	1718	536
2	1720	973
2	1721	646
2	1723	384
2	1723	410
2	1723	578
2	1725	296
2	1726	14
2	1726	889
2	1727	444
2	1728	702
2	1729	977
2	1730	128
2	1731	309
2	1738	792
2	1739	277
2	1739	587
2	1739	781
2	1740	892
2	1741	247
2	1741	290
2	1741	463
2	1742	420
2	1743	649
2	1744	740
2	1745	244
2	1746	583
2	1747	771
2	1748	595
2	1748	981
2	1750	233
2	1753	191
2	1754	652
2	1756	968
2	1759	234
2	1759	559
2	1760	97
2	1760	280
2	1760	628
2	1762	308
2	1762	516
2	1763	44
2	1763	683
2	1764	208
2	1766	291
2	1767	91
2	1768	417
2	1768	503
2	1769	7
2	1769	340
2	1769	540
2	1769	636
2	1769	946
2	1770	760
2	1772	319
2	1772	356
2	1772	582
2	1772	676
2	1773	650
2	1774	397
2	1774	497
2	1775	180
2	1775	490
2	1777	406
2	1779	432
2	1782	607
2	1783	498
2	1784	333
2	1785	568
2	1786	684
2	1786	853
2	1787	759
2	1787	810
2	1788	339
2	1789	154
2	1790	364
2	1793	126
2	1793	493
2	1793	768
2	1795	65
2	1795	129
2	1797	227
2	1797	573
2	1798	92
2	1798	756
2	1799	206
2	1799	600
2	1800	553
2	1801	612
2	1801	795
2	1801	963
2	1802	214
2	1802	823
2	1804	90
2	1804	576
2	1805	256
2	1806	64
2	1808	269
2	1808	328
2	1809	144
2	1809	642
2	1809	647
2	1809	932
2	1810	59
2	1810	149
2	1810	321
2	1810	341
2	1810	535
2	1812	255
2	1814	249
2	1814	630
2	1815	46
2	1815	329
2	1815	922
2	1816	80
2	1816	896
2	1818	617
2	1820	654
2	1820	819
2	1821	627
2	1822	577
2	1823	368
2	1824	15
2	1824	222
2	1825	439
2	1826	558
2	1826	779
2	1827	304
2	1827	547
2	1828	785
2	1829	104
2	1829	286
2	1829	564
2	1829	868
2	1830	537
2	1831	474
2	1831	541
2	1832	862
2	1833	581
2	1834	691
2	1835	619
2	1837	266
2	1837	687
2	1838	73
2	1838	330
2	1839	961
2	1840	185
2	1840	382
2	1843	457
2	1843	635
2	1844	942
2	1845	534
2	1847	486
2	1848	239
2	1848	461
2	1848	776
2	1849	322
2	1849	659
2	1851	451
2	1852	210
2	1852	471
2	1854	179
2	1855	609
2	1856	164
2	1858	402
2	1858	452
2	1858	551
2	1858	657
2	1859	962
2	1861	93
2	1862	947
2	1863	482
2	1863	780
2	1864	515
2	1865	5
2	1867	448
2	1867	585
2	1868	153
2	1870	175
2	1870	725
2	1871	548
2	1873	279
2	1874	81
2	1875	112
2	1875	267
2	1876	518
2	1878	392
2	1878	912
2	1880	580
2	1880	926
2	1883	479
2	1885	263
2	1887	385
2	1887	472
2	1888	159
2	1888	722
2	1890	726
2	1892	43
2	1892	391
2	1892	539
2	1895	327
2	1895	393
2	1896	554
2	1898	352
2	1899	44
2	1904	316
2	1904	372
2	1905	50
2	1905	475
2	1906	70
2	1906	493
2	1907	83
2	1907	976
2	1908	618
2	1908	989
2	1910	454
2	1910	718
2	1911	690
2	1913	225
2	1913	374
2	1914	778
2	1917	633
2	1919	115
2	1919	521
2	1919	964
2	1920	579
2	1922	285
2	1924	188
2	1925	492
2	1926	746
2	1928	489
2	1928	668
2	1929	21
2	1929	111
2	1931	931
2	1931	986
2	1933	298
2	1934	18
2	1936	700
2	1936	926
2	1937	895
2	1938	861
2	1941	624
2	1943	340
2	1943	458
2	1945	107
2	1945	570
2	1945	573
2	1946	755
2	1948	281
2	1949	616
2	1950	595
2	1950	741
2	1951	782
2	1953	762
2	1954	102
2	1954	631
2	1956	361
2	1956	685
2	1957	314
2	1958	10
2	1958	992
2	1960	560
2	1960	571
2	1960	681
2	1960	943
2	1961	343
2	1961	626
2	1962	840
2	1962	872
2	1963	669
2	1963	940
2	1965	978
2	1966	394
2	1966	671
2	1967	705
2	1967	775
2	1968	158
2	1968	170
2	1968	748
2	1970	800
2	1972	52
2	1972	507
2	1973	884
2	1974	369
2	1975	325
2	1976	229
2	1976	649
2	1977	89
2	1977	287
2	1977	613
2	1978	628
2	1978	719
2	1980	14
2	1980	302
2	1982	682
2	1983	253
2	1983	666
2	1984	157
2	1984	180
2	1986	62
2	1986	665
2	1987	219
2	1987	453
2	1988	749
2	1989	54
2	1990	511
2	1990	754
2	1991	17
2	1992	604
2	1993	341
2	1993	883
2	1993	963
2	1994	92
2	1994	139
2	1994	168
2	1994	536
2	1995	729
2	1996	299
2	1998	416
2	1998	696
2	1999	658
2	2000	739
2	2002	313
2	2002	751
2	2003	468
2	2005	398
2	2006	75
2	2006	953
2	2007	641
2	2009	186
2	2009	413
2	2009	497
2	2011	728
2	2014	103
2	2015	192
2	2015	737
2	2016	675
2	2017	134
2	2017	680
2	2017	942
2	2018	217
2	2019	190
2	2021	799
2	2022	259
2	2022	512
2	2023	199
2	2023	367
2	2024	653
2	2025	541
2	2026	417
2	2028	185
2	2028	694
2	2028	765
2	2031	959
2	2032	71
2	2032	283
2	2032	564
2	2032	961
2	2034	444
2	2035	25
2	2036	22
2	2036	57
2	2036	113
2	2037	11
2	2037	763
2	2039	634
2	2039	965
2	2040	12
2	2040	580
2	2041	32
2	2041	130
2	2042	806
2	2043	745
2	2044	623
2	2044	723
2	2046	292
2	2047	330
2	2049	590
2	2050	506
2	2051	405
2	2052	500
2	2054	81
2	2054	196
2	2055	308
2	2056	108
2	2056	282
2	2057	149
2	2058	26
2	2059	203
2	2060	42
2	2060	593
2	2061	425
2	2061	436
2	2063	238
2	2064	293
2	2066	935
2	2067	445
2	2067	773
2	2067	966
2	2068	66
2	2068	412
2	2069	603
2	2069	644
2	2071	713
2	2072	119
2	2073	769
2	2074	496
2	2076	210
2	2076	389
2	2078	532
2	2079	51
2	2080	3
2	2083	439
2	2084	526
2	2085	582
2	2086	178
2	2087	137
2	2090	4
2	2090	323
2	2092	84
2	2093	27
2	2093	484
2	2094	836
2	2095	759
2	2098	104
2	2101	226
2	2102	85
2	2102	372
2	2102	591
2	2102	677
2	2103	74
2	2107	860
2	2109	889
2	2110	182
2	2110	294
2	2112	647
2	2113	714
2	2114	954
2	2115	255
2	2116	80
2	2116	404
2	2116	727
2	2116	757
2	2116	975
2	2118	402
2	2120	841
2	2122	971
2	2125	426
2	2127	363
2	2128	984
2	2129	360
2	2129	1000
2	2130	260
2	2132	448
2	2136	406
2	2136	524
2	2137	117
2	2137	207
2	2137	685
2	2139	336
2	2139	856
2	2140	703
2	2141	355
2	2141	421
2	2141	483
2	2141	570
2	2142	464
2	2143	382
2	2143	900
2	2144	101
2	2145	92
2	2145	284
2	2146	173
2	2146	310
2	2147	988
2	2148	585
2	2148	989
2	2153	716
2	2154	346
2	2154	820
2	2155	146
2	2155	191
2	2155	246
2	2155	352
2	2155	531
2	2156	304
2	2157	631
2	2159	154
2	2161	430
2	2162	944
2	2163	702
2	2164	440
2	2164	624
2	2164	969
2	2167	45
2	2167	257
2	2168	40
2	2168	396
2	2168	879
2	2173	356
2	2175	539
2	2176	204
2	2176	205
2	2178	52
2	2180	153
2	2180	490
2	2181	414
2	2181	626
2	2182	280
2	2182	784
2	2183	424
2	2184	120
2	2184	666
2	2184	781
2	2187	499
2	2188	48
2	2188	328
2	2188	680
2	2189	121
2	2192	72
2	2192	950
2	2193	175
2	2193	348
2	2193	562
2	2194	741
2	2195	804
2	2198	761
2	2199	432
2	2202	90
2	2202	619
2	2203	29
2	2204	457
2	2204	545
2	2205	399
2	2206	597
2	2207	330
2	2207	409
2	2207	485
2	2210	359
2	2212	206
2	2212	373
2	2214	518
2	2214	783
2	2215	420
2	2215	568
2	2216	541
2	2217	229
2	2217	791
2	2218	61
2	2219	164
2	2219	662
2	2219	980
2	2220	556
2	2221	275
2	2221	338
2	2221	584
2	2222	455
2	2223	411
2	2223	437
2	2223	609
2	2224	2
2	2224	497
2	2224	592
2	2224	599
2	2224	867
2	2225	689
2	2225	758
2	2227	548
2	2228	343
2	2228	630
2	2229	929
2	2230	559
2	2230	838
2	2231	569
2	2233	566
2	2234	211
2	2234	334
2	2234	390
2	2234	491
2	2234	796
2	2234	887
2	2237	69
2	2238	429
2	2238	540
2	2238	839
2	2239	398
2	2240	653
2	2242	508
2	2243	451
2	2244	646
2	2244	679
2	2245	494
2	2245	830
2	2246	362
2	2247	6
2	2247	344
2	2248	50
2	2249	86
2	2249	219
2	2249	274
2	2249	296
2	2249	357
2	2250	953
2	2251	367
2	2252	309
2	2252	495
2	2255	651
2	2255	731
2	2256	116
2	2256	165
2	2257	517
2	2258	235
2	2258	445
2	2260	100
2	2260	746
2	2262	691
2	2263	166
2	2265	474
2	2265	567
2	2266	193
2	2266	435
2	2266	449
2	2266	638
2	2267	149
2	2267	325
2	2269	70
2	2272	579
2	2275	553
2	2276	8
2	2276	608
2	2276	780
2	2276	952
2	2277	959
2	2278	33
2	2278	187
2	2278	315
2	2278	972
2	2279	442
2	2281	259
2	2282	79
2	2284	717
2	2285	438
2	2286	224
2	2287	904
2	2288	623
2	2288	639
2	2289	333
2	2289	533
2	2290	39
2	2291	710
2	2292	828
2	2293	602
2	2294	23
2	2294	112
2	2295	547
2	2296	248
2	2298	56
2	2298	138
2	2298	287
2	2299	212
2	2300	124
2	2301	766
2	2303	450
2	2304	289
2	2304	636
2	2304	641
2	2304	802
2	2305	431
2	2305	441
2	2305	942
2	2308	269
2	2308	337
2	2309	930
2	2310	580
2	2313	405
2	2313	479
2	2314	64
2	2314	97
2	2314	853
2	2315	857
2	2316	223
2	2316	241
2	2316	627
2	2319	115
2	2319	318
2	2320	236
2	2322	12
2	2323	695
2	2323	713
2	2324	505
2	2324	586
2	2324	712
2	2325	426
2	2328	900
2	2329	27
2	2329	300
2	2331	793
2	2332	197
2	2332	669
2	2332	747
2	2337	854
2	2339	346
2	2340	791
2	2342	231
2	2342	448
2	2342	486
2	2343	911
2	2344	890
2	2345	727
2	2345	790
2	2346	9
2	2346	58
2	2346	634
2	2347	174
2	2347	260
2	2347	424
2	2347	993
2	2350	894
2	2351	176
2	2351	375
2	2351	396
2	2351	436
2	2351	664
2	2352	714
2	2352	745
2	2355	506
2	2356	291
2	2356	473
2	2357	674
2	2357	721
2	2359	273
2	2360	403
2	2360	466
2	2360	552
2	2361	92
2	2363	247
2	2364	687
2	2367	128
2	2367	665
2	2368	134
2	2369	281
2	2370	11
2	2370	803
2	2371	186
2	2371	629
2	2373	199
2	2374	534
2	2377	854
2	2378	955
2	2379	22
2	2379	582
2	2379	794
2	2380	593
2	2380	777
2	2380	866
2	2382	164
2	2382	662
2	2383	342
2	2385	472
2	2385	769
2	2386	302
2	2387	645
2	2387	772
2	2387	916
2	2389	372
2	2390	649
2	2391	192
2	2392	272
2	2392	1000
2	2394	985
2	2395	652
2	2396	363
2	2397	239
2	2397	471
2	2397	800
2	2398	973
2	2400	250
2	2401	283
2	2403	62
2	2405	530
2	2405	796
2	2405	799
2	2406	245
2	2406	655
2	2406	786
2	2407	725
2	2407	948
2	2408	7
2	2409	500
2	2409	914
2	2411	90
2	2411	402
2	2412	237
2	2412	485
2	2412	610
2	2415	282
2	2417	401
2	2418	455
2	2418	869
2	2419	416
2	2420	72
2	2420	718
2	2421	254
2	2422	484
2	2422	594
2	2422	939
2	2423	820
2	2425	152
2	2426	595
2	2426	724
2	2428	902
2	2429	408
2	2430	806
2	2431	723
2	2436	305
2	2436	874
2	2438	4
2	2438	858
2	2439	463
2	2440	63
2	2440	325
2	2441	365
2	2442	159
2	2442	491
2	2443	932
2	2444	682
2	2445	42
2	2445	70
2	2445	151
2	2448	557
2	2449	127
2	2451	34
2	2451	41
2	2451	180
2	2453	248
2	2453	823
2	2454	389
2	2454	632
2	2454	715
2	2455	719
2	2455	758
2	2456	55
2	2456	163
2	2456	647
2	2458	278
2	2459	870
2	2460	373
2	2460	581
2	2460	971
2	2462	89
2	2464	492
2	2465	382
2	2465	459
2	2465	679
2	2466	817
2	2469	259
2	2471	99
2	2471	417
2	2473	608
2	2473	863
2	2474	47
2	2475	356
2	2476	335
2	2477	332
2	2477	340
2	2479	542
2	2480	268
2	2481	35
2	2483	6
2	2484	508
2	2484	571
2	2484	740
2	2484	854
2	2486	394
2	2487	357
2	2487	648
2	2487	685
2	2487	815
2	2488	54
2	2488	539
2	2489	270
2	2489	660
2	2490	224
2	2491	160
2	2491	963
2	2492	509
2	2492	515
2	2492	904
2	2493	161
2	2493	185
2	2493	388
2	2494	238
2	2494	276
2	2494	858
2	2495	421
2	2497	761
2	2498	765
2	2499	423
2	2499	991
2	2500	760
2	2501	57
2	2501	339
2	2502	64
2	2503	878
2	2504	482
2	2505	334
2	2505	943
2	2507	86
2	2508	31
2	2508	439
2	2508	684
2	2508	731
2	2509	460
2	2511	109
2	2511	920
2	2513	866
2	2513	957
2	2514	902
2	2515	317
2	2516	208
2	2516	290
2	2516	547
2	2517	196
2	2518	428
2	2521	514
2	2522	15
2	2522	115
2	2522	677
2	2523	516
2	2523	554
2	2526	275
2	2527	301
2	2527	650
2	2528	154
2	2528	204
2	2528	453
2	2530	234
2	2530	473
2	2530	543
2	2531	734
2	2532	348
2	2533	391
2	2533	621
2	2533	778
2	2534	210
2	2536	43
2	2536	639
2	2537	157
2	2537	412
2	2537	860
2	2537	930
2	2538	888
2	2539	355
2	2539	411
2	2539	506
2	2539	949
2	2540	553
2	2540	575
2	2540	690
2	2541	249
2	2542	681
2	2543	688
2	2544	134
2	2544	407
2	2544	880
2	2546	975
2	2548	548
2	2549	651
2	2550	504
2	2551	74
2	2551	112
2	2551	497
2	2552	147
2	2552	663
2	2553	322
2	2553	343
2	2553	420
2	2553	693
2	2555	641
2	2556	323
2	2558	145
2	2559	17
2	2559	588
2	2559	833
2	2560	620
2	2560	782
2	2561	227
2	2561	441
2	2562	658
2	2563	613
2	2563	832
2	2565	784
2	2567	361
2	2568	352
2	2569	59
2	2569	110
2	2570	665
2	2571	687
2	2572	82
2	2572	284
2	2575	656
2	2576	579
2	2578	265
2	2578	694
2	2579	773
2	2580	126
2	2582	218
2	2583	405
2	2583	487
2	2584	236
2	2584	622
2	2586	671
2	2587	106
2	2587	378
2	2587	401
2	2587	887
2	2588	102
2	2589	365
2	2590	16
2	2590	187
2	2590	604
2	2591	545
2	2592	519
2	2593	336
2	2593	601
2	2594	33
2	2595	708
2	2596	966
2	2597	136
2	2598	429
2	2598	615
2	2598	752
2	2598	755
2	2599	983
2	2601	95
2	2604	373
2	2605	327
2	2605	618
2	2606	721
2	2607	173
2	2607	366
2	2607	619
2	2609	922
2	2611	380
2	2614	117
2	2615	670
2	2616	280
2	2616	587
2	2617	630
2	2618	349
2	2618	368
2	2620	141
2	2620	726
2	2621	640
2	2621	771
2	2622	440
2	2622	443
2	2623	302
2	2623	382
2	2624	418
2	2625	250
2	2626	399
2	2626	456
2	2626	480
2	2626	481
2	2626	730
2	2627	616
2	2629	503
2	2630	570
2	2630	955
2	2630	986
2	2632	489
2	2633	718
2	2633	963
2	2634	18
2	2634	446
2	2634	606
2	2635	842
2	2636	11
2	2636	565
2	2637	133
2	2637	702
2	2641	30
2	2641	569
2	2641	647
2	2641	739
2	2645	103
2	2645	583
2	2645	645
2	2646	278
2	2648	485
2	2649	260
2	2652	350
2	2652	509
2	2652	610
2	2652	903
2	2653	873
2	2654	68
2	2654	685
2	2655	835
2	2656	834
2	2658	224
2	2658	603
2	2659	798
2	2660	799
2	2661	609
2	2663	289
2	2663	985
2	2664	182
2	2664	345
2	2664	550
2	2666	710
2	2666	997
2	2667	286
2	2668	32
2	2669	222
2	2673	458
2	2675	50
2	2675	129
2	2676	63
2	2676	189
2	2676	857
2	2679	556
2	2680	907
2	2680	986
2	2681	493
2	2684	420
2	2684	689
2	2687	235
2	2687	580
2	2688	51
2	2690	70
2	2690	759
2	2691	760
2	2692	781
2	2694	274
2	2695	564
2	2695	684
2	2695	933
2	2696	93
2	2698	529
2	2698	659
2	2698	683
2	2700	228
2	2700	477
2	2701	698
2	2703	137
2	2703	764
2	2704	185
2	2704	255
2	2705	109
2	2705	342
2	2705	507
2	2706	231
2	2707	219
2	2707	705
2	2708	715
2	2709	211
2	2709	344
2	2711	14
2	2711	166
2	2713	75
2	2713	118
2	2713	755
2	2714	215
2	2714	617
2	2714	737
2	2714	831
2	2715	359
2	2715	814
2	2716	899
2	2718	24
2	2718	220
2	2718	283
2	2718	867
2	2719	479
2	2721	916
2	2722	613
2	2723	484
2	2724	78
2	2724	402
2	2724	574
2	2725	205
2	2725	673
2	2727	881
2	2728	445
2	2730	277
2	2732	491
2	2733	317
2	2733	774
2	2734	805
2	2735	521
2	2735	648
2	2735	709
2	2737	4
2	2737	695
2	2739	306
2	2742	242
2	2743	284
2	2747	600
2	2748	549
2	2749	416
2	2749	510
2	2751	331
2	2751	635
2	2752	516
2	2755	747
2	2756	520
2	2759	225
2	2760	733
2	2761	456
2	2761	753
2	2762	596
2	2763	388
2	2763	509
2	2763	953
2	2764	597
2	2765	226
2	2765	448
2	2766	190
2	2766	451
2	2772	641
2	2773	49
2	2775	435
2	2776	300
2	2776	486
2	2776	951
2	2782	152
2	2782	752
2	2783	28
2	2784	664
2	2784	735
2	2785	754
2	2786	560
2	2787	96
2	2787	432
2	2787	437
2	2788	418
2	2789	69
2	2790	582
2	2792	167
2	2792	328
2	2792	919
2	2793	216
2	2793	940
2	2795	207
2	2797	856
2	2798	127
2	2798	341
2	2798	541
2	2800	53
2	2800	594
2	2800	729
2	2800	779
2	2801	77
2	2801	923
2	2802	286
2	2802	488
2	2803	903
2	2804	647
2	2804	799
2	2805	90
2	2805	958
2	2807	29
2	2807	539
2	2807	911
2	2808	884
2	2813	526
2	2815	84
2	2815	693
2	2816	172
2	2816	288
2	2817	121
2	2818	395
2	2818	819
2	2819	450
2	2820	397
2	2820	854
2	2821	140
2	2822	249
2	2826	500
2	2826	621
2	2827	626
2	2830	723
2	2832	26
2	2832	351
2	2832	952
2	2835	327
2	2836	266
2	2836	347
2	2837	629
2	2837	893
2	2839	661
2	2840	243
2	2841	697
2	2842	831
2	2843	264
2	2844	315
2	2846	459
2	2846	564
2	2847	185
2	2847	669
2	2850	473
2	2851	879
2	2852	405
2	2853	430
2	2854	88
2	2855	269
2	2855	426
2	2855	964
2	2856	72
2	2856	322
2	2856	414
2	2857	60
2	2861	548
2	2864	217
2	2864	727
2	2867	178
2	2868	416
2	2869	114
2	2870	717
2	2870	800
2	2873	612
2	2874	55
2	2874	447
2	2875	361
2	2875	637
2	2876	653
2	2879	649
2	2882	183
2	2882	293
2	2882	369
2	2882	482
2	2882	656
2	2883	305
2	2884	36
2	2886	246
2	2886	379
2	2891	778
2	2892	382
2	2893	428
2	2894	116
2	2894	145
2	2896	506
2	2897	860
2	2898	475
2	2898	887
2	2900	640
2	2900	690
2	2901	342
2	2902	336
2	2903	67
2	2903	240
2	2903	248
2	2903	298
2	2903	401
2	2903	732
2	2905	672
2	2905	797
2	2907	961
2	2911	842
2	2912	555
2	2913	766
2	2914	681
2	2914	974
2	2916	292
2	2916	615
2	2922	91
2	2923	119
2	2923	620
2	2923	667
2	2925	267
2	2926	371
2	2928	354
2	2929	907
2	2930	137
2	2930	141
2	2933	538
2	2933	943
2	2936	17
2	2937	422
2	2938	56
2	2938	223
2	2940	328
2	2940	461
2	2940	850
2	2941	433
2	2941	712
2	2942	764
2	2945	631
2	2946	70
2	2947	313
2	2947	609
2	2949	58
2	2949	439
2	2950	736
2	2951	376
2	2951	576
2	2952	679
2	2953	108
2	2953	310
2	2953	441
2	2954	484
2	2954	906
2	2956	403
2	2957	750
2	2959	748
2	2959	884
2	2961	232
2	2962	273
2	2963	182
2	2963	614
2	2963	636
2	2966	968
2	2967	925
2	2972	804
2	2973	397
2	2974	308
2	2975	591
2	2977	514
2	2978	440
2	2978	737
2	2979	123
2	2980	645
2	2981	143
2	2982	791
2	2983	243
2	2984	427
2	2985	358
2	2987	462
2	2990	47
2	2990	854
2	2991	12
2	2991	100
2	2993	184
2	2994	147
2	2996	471
2	2996	710
2	2997	861
2	2998	139
2	2998	370
2	2998	584
2	3000	277
2	3000	478
2	3001	221
2	3001	330
2	3003	799
2	3004	185
2	3005	967
2	3007	339
2	3007	770
2	3008	473
2	3010	52
2	3010	876
2	3011	31
2	3012	963
2	3013	5
2	3013	523
2	3013	722
2	3014	41
2	3014	43
2	3014	199
2	3014	549
2	3014	877
2	3014	975
2	3015	50
2	3015	747
2	3016	953
2	3018	607
2	3018	943
2	3019	49
2	3020	664
2	3021	413
2	3022	278
2	3022	995
2	3025	16
2	3025	424
2	3025	642
2	3026	66
2	3028	492
2	3030	200
2	3030	822
2	3032	116
2	3033	379
2	3034	151
2	3034	499
2	3035	519
2	3035	792
2	3036	239
2	3036	733
2	3036	741
2	3038	443
2	3038	650
2	3039	618
2	3039	621
2	3040	332
2	3040	763
2	3044	248
2	3045	321
2	3046	57
2	3047	487
2	3048	290
2	3049	544
2	3051	192
2	3052	730
2	3053	372
2	3054	109
2	3055	340
2	3055	526
2	3056	299
2	3056	744
2	3057	129
2	3057	832
2	3058	752
2	3059	106
2	3060	497
2	3060	840
2	3060	861
2	3061	207
2	3061	967
2	3062	247
2	3062	477
2	3066	702
2	3066	807
2	3067	920
2	3068	753
2	3068	859
2	3069	217
2	3069	364
2	3069	781
2	3070	121
2	3070	261
2	3070	446
2	3070	669
2	3070	736
2	3071	657
2	3072	194
2	3072	260
2	3072	553
2	3073	130
2	3073	300
2	3074	14
2	3076	445
2	3077	417
2	3077	639
2	3078	272
2	3082	574
2	3084	365
2	3084	646
2	3086	228
2	3086	270
2	3086	292
2	3087	930
2	3089	794
2	3089	849
2	3091	72
2	3091	113
2	3091	428
2	3097	480
2	3098	981
2	3099	392
2	3101	187
2	3101	454
2	3103	241
2	3103	597
2	3104	306
2	3104	587
2	3105	935
2	3106	572
2	3107	101
2	3107	444
2	3109	204
2	3109	787
2	3110	429
2	3110	662
2	3112	512
2	3114	725
2	3114	757
2	3115	691
2	3117	999
2	3118	807
2	3120	77
2	3120	220
2	3122	240
2	3126	6
2	3126	318
2	3127	284
2	3127	617
2	3132	140
2	3132	547
2	3133	898
2	3134	69
2	3134	115
2	3135	421
2	3137	500
2	3139	525
2	3140	455
2	3140	555
2	3141	803
2	3142	329
2	3142	554
2	3142	570
2	3143	430
2	3143	469
2	3144	85
2	3145	22
2	3145	120
2	3146	694
2	3147	3
2	3147	231
2	3147	448
2	3148	550
2	3149	174
2	3149	711
2	3150	305
2	3151	371
2	3151	425
2	3151	624
2	3151	739
2	3153	578
2	3153	775
2	3154	168
2	3155	323
2	3157	766
2	3157	780
2	3158	797
2	3160	494
2	3161	170
2	3161	182
2	3162	541
2	3163	357
2	3163	383
2	3164	249
2	3166	334
2	3166	896
2	3167	412
2	3167	485
2	3167	685
2	3168	533
2	3169	912
2	3170	944
2	3172	762
2	3173	670
2	3174	528
2	3175	171
2	3176	464
2	3176	948
2	3178	281
2	3179	510
2	3179	731
2	3181	382
2	3182	449
2	3182	715
2	3183	180
2	3184	325
2	3184	342
2	3185	692
2	3187	373
2	3188	183
2	3190	969
2	3191	748
2	3192	434
2	3193	366
2	3196	145
2	3197	571
2	3199	175
2	3199	520
2	3200	197
2	3201	320
2	3201	399
2	3201	436
2	3202	390
2	3205	273
2	3206	593
2	3207	186
2	3208	668
2	3211	419
2	3212	607
2	3213	636
2	3213	999
2	3215	618
2	3216	441
2	3217	229
2	3217	339
2	3217	458
2	3217	761
2	3218	962
2	3220	335
2	3220	414
2	3221	172
2	3221	677
2	3222	133
2	3222	985
2	3224	605
2	3225	926
2	3226	103
2	3228	956
2	3229	17
2	3229	251
2	3231	400
2	3231	406
2	3233	297
2	3235	497
2	3237	107
2	3237	196
2	3237	238
2	3237	658
2	3239	438
2	3240	137
2	3240	267
2	3241	577
2	3242	56
2	3244	367
2	3245	278
2	3245	772
2	3246	213
2	3246	752
2	3246	828
2	3247	726
2	3247	977
2	3248	714
2	3249	386
2	3249	504
2	3249	816
2	3250	450
2	3250	676
2	3251	466
2	3251	492
2	3252	717
2	3257	499
2	3257	945
2	3259	266
2	3260	503
2	3260	521
2	3260	967
2	3261	660
2	3261	908
2	3262	548
2	3264	104
2	3264	301
2	3266	424
2	3268	99
2	3271	241
2	3271	697
2	3271	790
2	3273	919
2	3273	965
2	3274	226
2	3275	73
2	3275	315
2	3276	202
2	3277	223
2	3281	956
2	3282	158
2	3285	257
2	3286	759
2	3287	624
2	3289	535
2	3290	253
2	3290	947
2	3291	143
2	3293	435
2	3294	716
2	3294	902
2	3295	120
2	3295	517
2	3295	576
2	3296	6
2	3297	212
2	3299	625
2	3300	264
2	3300	490
2	3301	581
2	3302	200
2	3302	706
2	3303	51
2	3306	483
2	3306	851
2	3308	657
2	3308	707
2	3310	803
2	3310	907
2	3312	865
2	3312	874
2	3313	439
2	3314	261
2	3314	397
2	3315	317
2	3316	11
2	3318	800
2	3318	876
2	3319	724
2	3319	792
2	3322	181
2	3322	541
2	3323	690
2	3324	644
2	3325	893
2	3328	323
2	3330	440
2	3330	727
2	3331	520
2	3332	156
2	3332	192
2	3333	119
2	3333	327
2	3333	750
2	3333	883
2	3335	13
2	3335	328
2	3335	873
2	3336	3
2	3336	20
2	3336	464
2	3337	696
2	3339	661
2	3339	948
2	3341	431
2	3341	850
2	3342	462
2	3343	421
2	3343	968
2	3344	407
2	3345	971
2	3347	188
2	3347	305
2	3347	402
2	3348	632
2	3351	797
2	3352	618
2	3353	209
2	3353	578
2	3354	95
2	3354	628
2	3355	152
2	3355	592
2	3357	310
2	3358	128
2	3359	655
2	3360	433
2	3360	796
2	3361	82
2	3361	942
2	3363	766
2	3368	418
2	3368	979
2	3369	903
2	3372	874
2	3375	388
2	3376	363
2	3376	609
2	3377	367
2	3377	672
2	3381	353
2	3382	135
2	3385	117
2	3385	375
2	3386	931
2	3388	881
2	3390	68
2	3390	288
2	3390	637
2	3390	676
2	3391	591
2	3392	43
2	3393	477
2	3394	469
2	3395	525
2	3397	355
2	3398	228
2	3398	335
2	3398	718
2	3399	81
2	3400	565
2	3401	280
2	3402	887
2	3405	206
2	3405	475
2	3406	34
2	3407	309
2	3409	111
2	3409	347
2	3410	871
2	3411	205
2	3412	41
2	3412	489
2	3412	599
2	3413	409
2	3414	291
2	3415	5
2	3415	395
2	3415	426
2	3416	178
2	3416	858
2	3417	765
2	3419	444
2	3420	453
2	3422	653
2	3422	654
2	3423	325
2	3424	373
2	3425	593
2	3426	265
2	3427	658
2	3428	193
2	3430	141
2	3434	92
2	3435	519
2	3435	532
2	3435	749
2	3437	556
2	3438	671
2	3439	630
2	3439	860
2	3440	254
2	3440	285
2	3441	487
2	3443	356
2	3446	153
2	3446	952
2	3448	703
2	3449	448
2	3451	877
2	3452	539
2	3453	803
2	3453	853
2	3455	717
2	3456	669
2	3456	728
2	3457	118
2	3457	725
2	3458	256
2	3459	233
2	3459	682
2	3460	385
2	3461	685
2	3462	271
2	3462	366
2	3462	572
2	3463	382
2	3465	656
2	3465	886
2	3466	687
2	3466	769
2	3466	917
2	3467	260
2	3467	459
2	3468	211
2	3471	203
2	3472	434
2	3474	96
2	3475	74
2	3475	171
2	3477	639
2	3477	743
2	3479	94
2	3479	138
2	3479	422
2	3479	450
2	3480	160
2	3480	513
2	3481	244
2	3481	770
2	3482	216
2	3482	730
2	3484	668
2	3484	684
2	3485	273
2	3485	387
2	3485	492
2	3486	744
2	3487	144
2	3487	789
2	3488	259
2	3488	571
2	3490	736
2	3491	528
2	3494	552
2	3496	142
2	3496	180
2	3497	339
2	3499	421
2	3500	289
2	3500	522
2	3501	239
2	3501	360
2	3501	837
2	3502	37
2	3502	47
2	3502	458
2	3502	920
2	3503	64
2	3503	650
2	3506	131
2	3508	287
2	3508	660
2	3509	53
2	3510	876
2	3510	931
2	3511	11
2	3511	795
2	3513	398
2	3514	843
2	3516	212
2	3516	699
2	3516	778
2	3517	478
2	3519	208
2	3521	4
2	3521	499
2	3521	702
2	3523	176
2	3523	562
2	3524	512
2	3524	588
2	3524	701
2	3525	979
2	3526	524
2	3528	681
2	3529	3
2	3529	207
2	3529	566
2	3529	629
2	3530	2
2	3530	121
2	3530	457
2	3530	597
2	3533	109
2	3533	165
2	3533	181
2	3534	69
2	3538	29
2	3538	500
2	3539	179
2	3541	158
2	3541	420
2	3544	175
2	3545	486
2	3545	804
2	3546	105
2	3546	803
2	3547	78
2	3547	520
2	3548	326
2	3548	582
2	3548	632
2	3549	408
2	3550	822
2	3551	560
2	3555	38
2	3555	535
2	3555	654
2	3555	825
2	3556	183
2	3556	626
2	3559	410
2	3559	667
2	3560	584
2	3561	363
2	3562	986
2	3563	35
2	3563	376
2	3563	583
2	3564	372
2	3564	751
2	3567	333
2	3568	202
2	3568	576
2	3569	157
2	3570	30
2	3570	771
2	3571	124
2	3574	51
2	3575	504
2	3578	831
2	3579	731
2	3580	407
2	3582	344
2	3583	803
2	3587	226
2	3588	66
2	3588	538
2	3588	714
2	3589	263
2	3589	293
2	3591	40
2	3592	481
2	3594	785
2	3598	680
2	3600	178
2	3600	760
2	3602	447
2	3602	664
2	3603	466
2	3605	432
2	3605	850
2	3606	739
2	3607	76
2	3607	222
2	3607	307
2	3609	1
2	3611	662
2	3615	153
2	3618	242
2	3618	298
2	3619	716
2	3621	928
2	3622	304
2	3623	374
2	3625	754
2	3626	168
2	3626	184
2	3626	210
2	3627	647
2	3629	715
2	3630	244
2	3630	889
2	3631	763
2	3632	39
2	3634	250
2	3635	550
2	3636	234
2	3637	490
2	3637	544
2	3639	313
2	3639	464
2	3639	600
2	3640	710
2	3643	425
2	3645	916
2	3646	752
2	3646	999
2	3647	430
2	3647	787
2	3649	696
2	3653	196
2	3653	943
2	3657	784
2	3660	10
2	3662	33
2	3662	579
2	3663	267
2	3663	428
2	3663	925
2	3664	396
2	3665	502
2	3667	278
2	3667	839
2	3668	688
2	3669	618
2	3671	882
2	3672	416
2	3673	804
2	3676	272
2	3676	660
2	3676	835
2	3678	232
2	3678	527
2	3678	889
2	3680	741
2	3683	254
2	3685	95
2	3685	227
2	3685	802
2	3686	53
2	3686	597
2	3687	404
2	3688	21
2	3688	423
2	3690	310
2	3690	655
2	3691	670
2	3691	733
2	3691	786
2	3692	238
2	3693	663
2	3693	720
2	3694	493
2	3698	220
2	3700	73
2	3700	421
2	3701	259
2	3702	163
2	3703	487
2	3704	433
2	3705	48
2	3707	367
2	3707	876
2	3707	895
2	3708	616
2	3709	400
2	3709	521
2	3710	127
2	3710	755
2	3710	964
2	3711	233
2	3712	91
2	3714	338
2	3714	378
2	3716	78
2	3716	420
2	3716	983
2	3718	37
2	3721	351
2	3722	121
2	3722	363
2	3722	588
2	3723	485
2	3724	106
2	3725	661
2	3726	9
2	3726	181
2	3729	903
2	3730	343
2	3730	727
2	3731	182
2	3733	418
2	3733	737
2	3734	315
2	3735	3
2	3736	695
2	3736	954
2	3737	108
2	3737	561
2	3737	925
2	3738	395
2	3739	751
2	3740	247
2	3740	565
2	3740	799
2	3741	449
2	3741	931
2	3742	633
2	3743	131
2	3744	361
2	3744	949
2	3745	523
2	3746	573
2	3748	574
2	3748	636
2	3749	311
2	3750	585
2	3751	897
2	3752	149
2	3752	228
2	3753	180
2	3753	499
2	3754	151
2	3754	936
2	3755	35
2	3755	612
2	3755	819
2	3756	103
2	3756	694
2	3756	718
2	3756	887
2	3757	424
2	3757	584
2	3757	722
2	3757	783
2	3761	334
2	3761	359
2	3762	392
2	3763	213
2	3763	252
2	3764	384
2	3764	510
2	3765	872
2	3765	937
2	3766	440
2	3766	448
2	3766	657
2	3767	788
2	3770	645
2	3771	540
2	3774	536
2	3775	93
2	3776	728
2	3776	764
2	3777	80
2	3777	81
2	3777	99
2	3778	864
2	3779	102
2	3779	682
2	3780	98
2	3780	446
2	3780	723
2	3781	582
2	3782	290
2	3782	309
2	3782	529
2	3783	1
2	3783	237
2	3783	649
2	3783	674
2	3783	691
2	3784	568
2	3784	716
2	3785	150
2	3785	876
2	3786	677
2	3788	329
2	3788	625
2	3789	391
2	3789	762
2	3790	105
2	3790	117
2	3790	128
2	3791	262
2	3791	273
2	3791	372
2	3792	100
2	3792	481
2	3793	450
2	3793	504
2	3795	192
2	3795	289
2	3795	969
2	3796	200
2	3796	490
2	3796	630
2	3796	1000
2	3797	634
2	3798	107
2	3798	201
2	3798	901
2	3801	800
2	3802	370
2	3802	987
2	3803	40
2	3803	126
2	3803	518
2	3804	155
2	3804	203
2	3804	434
2	3807	336
2	3807	714
2	3808	268
2	3809	335
2	3809	538
2	3810	653
2	3810	731
2	3810	774
2	3810	917
2	3812	884
2	3813	453
2	3814	178
2	3814	769
2	3816	134
2	3816	352
2	3821	676
2	3822	371
2	3822	548
2	3822	598
2	3823	742
2	3825	497
2	3826	88
2	3826	904
2	3830	266
2	3832	279
2	3832	992
2	3834	465
2	3838	42
2	3838	726
2	3839	475
2	3840	776
2	3841	115
2	3843	171
2	3844	68
2	3844	539
2	3845	457
2	3848	706
2	3848	709
2	3848	782
2	3849	28
2	3851	293
2	3852	828
2	3854	868
2	3855	365
2	3855	915
2	3856	632
2	3856	753
2	3859	470
2	3860	69
2	3860	185
2	3862	898
2	3863	609
2	3864	746
2	3864	781
2	3865	65
2	3865	569
2	3865	791
2	3868	604
2	3870	14
2	3870	337
2	3871	209
2	3872	501
2	3873	616
2	3873	699
2	3874	678
2	3876	784
2	3876	977
2	3877	204
2	3877	655
2	3878	349
2	3878	871
2	3879	19
2	3879	193
2	3879	613
2	3880	297
2	3883	346
2	3884	881
2	3885	15
2	3885	281
2	3886	143
2	3886	379
2	3886	642
2	3887	310
2	3888	686
2	3889	163
2	3889	472
2	3889	516
2	3889	760
2	3889	930
2	3890	182
2	3893	261
2	3893	857
2	3893	957
2	3895	324
2	3896	225
2	3898	435
2	3899	82
2	3899	702
2	3900	53
2	3902	47
2	3903	707
2	3904	748
2	3904	888
2	3905	374
2	3906	751
2	3907	389
2	3907	994
2	3908	705
2	3911	572
2	3911	664
2	3912	197
2	3912	732
2	3913	211
2	3913	593
2	3914	354
2	3914	406
2	3917	317
2	3917	889
2	3919	953
2	3919	965
2	3922	575
2	3923	108
2	3924	1
2	3924	622
2	3924	700
2	3925	86
2	3926	231
2	3926	848
2	3927	207
2	3927	618
2	3928	138
2	3928	868
2	3929	416
2	3929	469
2	3929	797
2	3930	223
2	3931	57
2	3933	34
2	3933	884
2	3934	384
2	3936	562
2	3936	827
2	3937	215
2	3937	466
2	3938	210
2	3938	743
2	3938	757
2	3941	174
2	3941	551
2	3941	903
2	3941	940
2	3942	447
2	3942	731
2	3944	584
2	3944	669
2	3946	543
2	3946	573
2	3946	672
2	3948	277
2	3950	495
2	3950	630
2	3951	152
2	3951	348
2	3952	186
2	3952	493
2	3953	21
2	3953	91
2	3953	114
2	3954	902
2	3955	40
2	3955	458
2	3955	1000
2	3956	644
2	3957	187
2	3958	357
2	3963	46
2	3963	145
2	3964	545
2	3965	799
2	3966	641
2	3967	13
2	3967	944
2	3967	964
2	3970	689
2	3972	667
2	3973	383
2	3975	366
2	3975	612
2	3975	647
2	3976	214
2	3976	535
2	3977	103
2	3977	247
2	3977	841
2	3978	422
2	3978	967
2	3979	396
2	3979	885
2	3980	500
2	3982	596
2	3983	2
2	3983	512
2	3984	30
2	3985	144
2	3987	27
2	3987	49
2	3988	923
2	3989	35
2	3989	591
2	3990	132
2	3990	192
2	3990	295
2	3991	820
2	3992	638
2	3994	654
2	3995	381
2	3996	304
2	3997	850
2	3998	398
2	3998	484
2	4000	263
2	4001	134
2	4001	403
2	4001	725
2	4003	468
2	4005	948
2	4007	80
2	4007	896
2	4008	33
2	4008	530
2	4009	51
2	4009	388
2	4010	523
2	4011	29
2	4011	716
2	4012	474
2	4014	736
2	4015	631
2	4018	782
2	4019	266
2	4020	100
2	4020	884
2	4021	549
2	4022	118
2	4024	20
2	4024	67
2	4026	605
2	4027	260
2	4028	434
2	4028	457
2	4028	934
2	4029	769
2	4030	714
2	4030	778
2	4030	901
2	4030	968
2	4031	490
2	4032	311
2	4032	603
2	4033	730
2	4034	456
2	4034	637
2	4037	655
2	4038	37
2	4038	127
2	4038	939
2	4039	977
2	4040	58
2	4041	395
2	4042	482
2	4046	198
2	4046	216
2	4049	965
2	4050	505
2	4051	402
2	4052	120
2	4052	272
2	4052	321
2	4053	300
2	4053	534
2	4053	851
2	4055	155
2	4057	83
2	4057	224
2	4057	382
2	4057	522
2	4058	116
2	4060	180
2	4060	322
2	4060	877
2	4064	332
2	4065	386
2	4065	419
2	4065	780
2	4067	235
2	4067	276
2	4071	95
2	4071	351
2	4071	650
2	4072	149
2	4072	173
2	4072	443
2	4072	470
2	4074	281
2	4074	336
2	4076	387
2	4076	759
2	4076	866
2	4077	60
2	4078	230
2	4078	438
2	4081	397
2	4082	57
2	4082	754
2	4086	420
2	4088	74
2	4089	510
2	4090	503
2	4090	519
2	4091	122
2	4092	16
2	4092	405
2	4093	158
2	4094	86
2	4094	832
2	4096	90
2	4097	43
2	4097	626
2	4099	569
2	4100	6
2	4100	98
2	4100	168
2	4100	169
2	4103	732
2	4104	447
2	4105	781
2	4106	686
2	4107	545
2	4108	587
2	4108	741
2	4109	364
2	4110	520
2	4111	646
2	4111	999
2	4112	176
2	4112	553
2	4112	794
2	4113	439
2	4116	56
2	4116	225
2	4117	502
2	4117	586
2	4117	695
2	4118	76
2	4119	63
2	4119	600
2	4120	688
2	4121	952
2	4122	125
2	4122	875
2	4122	942
2	4124	563
2	4124	700
2	4125	150
2	4125	681
2	4128	609
2	4129	50
2	4129	379
2	4129	621
2	4133	676
2	4134	770
2	4136	217
2	4137	295
2	4137	715
2	4138	70
2	4138	808
2	4141	388
2	4142	140
2	4142	307
2	4143	191
2	4143	299
2	4143	691
2	4143	993
2	4144	582
2	4146	323
2	4146	649
2	4146	821
2	4147	137
2	4147	152
2	4147	338
2	4147	708
2	4147	783
2	4147	926
2	4148	517
2	4148	565
2	4149	410
2	4150	592
2	4152	142
2	4152	369
2	4153	544
2	4154	477
2	4155	373
2	4155	914
2	4155	957
2	4157	337
2	4158	493
2	4159	8
2	4159	105
2	4159	595
2	4159	635
2	4162	424
2	4163	154
2	4163	244
2	4163	374
2	4164	536
2	4167	791
2	4168	147
2	4168	325
2	4169	409
2	4169	674
2	4169	838
2	4172	2
2	4172	172
2	4173	134
2	4173	573
2	4174	68
2	4174	151
2	4174	378
2	4175	254
2	4175	389
2	4175	458
2	4175	644
2	4176	733
2	4177	498
2	4177	648
2	4177	714
2	4178	839
2	4179	21
2	4179	380
2	4180	184
2	4180	290
2	4181	206
2	4181	745
2	4182	488
2	4183	657
2	4183	711
2	4184	132
2	4184	340
2	4184	744
2	4185	668
2	4186	411
2	4186	717
2	4187	109
2	4188	296
2	4189	446
2	4189	534
2	4190	851
2	4191	119
2	4192	78
2	4192	474
2	4193	272
2	4193	345
2	4193	928
2	4193	971
2	4194	51
2	4194	684
2	4196	597
2	4196	902
2	4197	286
2	4197	567
2	4197	760
2	4198	3
2	4199	157
2	4201	820
2	4202	601
2	4202	734
2	4203	722
2	4204	293
2	4204	705
2	4207	41
2	4209	633
2	4210	61
2	4210	471
2	4214	501
2	4215	261
2	4216	958
2	4218	797
2	4219	203
2	4219	665
2	4220	45
2	4221	542
2	4222	590
2	4228	240
2	4228	576
2	4230	751
2	4232	653
2	4233	112
2	4233	762
2	4234	472
2	4235	102
2	4236	642
2	4237	946
2	4238	231
2	4238	287
2	4240	326
2	4240	500
2	4242	20
2	4244	25
2	4244	460
2	4245	81
2	4246	421
2	4248	707
2	4250	575
2	4251	118
2	4251	406
2	4252	468
2	4253	77
2	4255	889
2	4256	343
2	4257	42
2	4257	262
2	4257	407
2	4257	593
2	4258	170
2	4259	59
2	4259	392
2	4261	351
2	4262	71
2	4262	624
2	4264	452
2	4264	470
2	4264	490
2	4264	997
2	4265	7
2	4265	882
2	4267	841
2	4268	313
2	4268	647
2	4268	811
2	4268	873
2	4269	9
2	4269	357
2	4270	557
2	4271	75
2	4273	484
2	4275	276
2	4275	986
2	4276	774
2	4277	90
2	4277	454
2	4278	442
2	4280	52
2	4281	359
2	4281	948
2	4282	826
2	4284	207
2	4284	747
2	4285	497
2	4285	704
2	4288	37
2	4288	318
2	4289	358
2	4289	755
2	4290	531
2	4292	370
2	4293	473
2	4294	161
2	4294	956
2	4297	214
2	4297	239
2	4297	508
2	4297	591
2	4297	883
2	4298	521
2	4299	738
2	4299	796
2	4300	639
2	4301	376
2	4301	412
2	4304	506
2	4306	429
2	4307	188
2	4307	927
2	4310	385
2	4312	559
2	4312	968
2	4313	236
2	4316	159
2	4317	104
2	4317	405
2	4318	146
2	4321	18
2	4321	737
2	4322	145
2	4323	476
2	4323	587
2	4324	672
2	4325	338
2	4325	514
2	4326	563
2	4327	47
2	4327	297
2	4327	726
2	4328	209
2	4330	394
2	4331	34
2	4331	331
2	4333	352
2	4333	478
2	4333	893
2	4334	192
2	4334	947
2	4335	133
2	4335	699
2	4336	637
2	4338	86
2	4339	687
2	4341	534
2	4342	346
2	4342	885
2	4343	94
2	4346	678
2	4347	616
2	4349	266
2	4350	294
2	4350	709
2	4351	11
2	4351	390
2	4351	631
2	4351	895
2	4353	335
2	4354	243
2	4355	765
2	4357	63
2	4358	838
2	4360	292
2	4360	347
2	4363	553
2	4364	89
2	4364	303
2	4365	396
2	4366	855
2	4367	753
2	4368	10
2	4368	953
2	4369	485
2	4369	934
2	4370	475
2	4372	655
2	4373	300
2	4374	839
2	4375	369
2	4379	752
2	4380	586
2	4382	770
2	4383	143
2	4383	264
2	4384	113
2	4384	114
2	4384	365
2	4385	408
2	4386	215
2	4387	84
2	4387	197
2	4388	62
2	4389	134
2	4392	312
2	4393	148
2	4394	21
2	4395	57
2	4397	440
2	4398	372
2	4399	448
2	4400	2
2	4401	573
2	4402	706
2	4402	785
2	4403	336
2	4404	468
2	4404	652
2	4405	367
2	4405	502
2	4405	734
2	4407	790
2	4408	75
2	4408	107
2	4408	142
2	4410	526
2	4410	556
2	4410	896
2	4411	126
2	4413	12
2	4413	127
2	4413	477
2	4413	562
2	4414	317
2	4414	486
2	4414	840
2	4416	602
2	4416	629
2	4417	746
2	4418	274
2	4418	724
2	4420	271
2	4420	443
2	4422	648
2	4422	671
2	4424	234
2	4424	575
2	4424	633
2	4425	166
2	4425	194
2	4425	626
2	4426	24
2	4426	49
2	4426	457
2	4426	464
2	4426	595
2	4426	640
2	4426	984
2	4427	140
2	4427	834
2	4427	935
2	4430	529
2	4430	668
2	4433	565
2	4435	393
2	4435	861
2	4436	517
2	4437	73
2	4437	198
2	4437	220
2	4439	718
2	4440	258
2	4445	93
2	4445	99
2	4445	714
2	4446	594
2	4446	874
2	4447	992
2	4449	174
2	4449	181
2	4449	538
2	4456	887
2	4457	40
2	4457	728
2	4458	190
2	4460	211
2	4460	361
2	4460	933
2	4461	119
2	4461	716
2	4461	772
2	4462	213
2	4463	284
2	4465	94
2	4468	48
2	4468	823
2	4470	650
2	4470	663
2	4471	149
2	4471	787
2	4472	66
2	4472	482
2	4472	904
2	4473	855
2	4474	635
2	4475	600
2	4477	285
2	4477	315
2	4478	245
2	4478	377
2	4478	586
2	4479	52
2	4479	766
2	4480	667
2	4480	682
2	4480	690
2	4481	141
2	4483	144
2	4483	326
2	4484	307
2	4485	405
2	4485	431
2	4486	552
2	4487	673
2	4489	508
2	4491	470
2	4491	568
2	4491	628
2	4491	885
2	4492	454
2	4493	116
2	4493	157
2	4496	54
2	4496	282
2	4496	378
2	4496	550
2	4497	131
2	4498	882
2	4499	23
2	4500	224
2	4500	342
2	4501	525
2	4502	341
2	4503	203
2	4503	466
2	4504	582
2	4505	407
2	4505	559
2	4506	231
2	4506	624
2	4506	751
2	4507	371
2	4507	769
2	4508	102
2	4509	452
2	4509	715
2	4509	737
2	4511	654
2	4512	374
2	4512	658
2	4516	373
2	4516	490
2	4517	672
2	4518	625
2	4519	150
2	4520	870
2	4520	978
2	4521	764
2	4523	270
2	4523	343
2	4523	353
2	4523	416
2	4524	784
2	4525	87
2	4525	711
2	4527	733
2	4528	185
2	4529	296
2	4529	779
2	4530	370
2	4530	527
2	4530	678
2	4531	167
2	4531	289
2	4531	744
2	4533	670
2	4534	145
2	4534	1000
2	4535	212
2	4535	451
2	4535	905
2	4536	5
2	4536	824
2	4539	693
2	4540	695
2	4541	503
2	4542	665
2	4543	168
2	4544	278
2	4544	339
2	4544	421
2	4545	521
2	4546	963
2	4547	814
2	4548	417
2	4549	641
2	4550	426
2	4550	666
2	4551	262
2	4552	688
2	4552	748
2	4553	51
2	4553	386
2	4554	281
2	4555	750
2	4556	762
2	4557	656
2	4558	835
2	4559	500
2	4560	313
2	4560	997
2	4562	510
2	4564	3
2	4565	437
2	4565	496
2	4566	489
2	4566	743
2	4567	160
2	4568	676
2	4572	674
2	4572	860
2	4573	125
2	4573	498
2	4573	745
2	4574	741
2	4581	852
2	4582	44
2	4587	723
2	4588	156
2	4593	298
2	4594	564
2	4595	366
2	4596	154
2	4596	247
2	4598	464
2	4601	448
2	4601	859
2	4602	430
2	4603	232
2	4604	522
2	4605	683
2	4606	362
2	4606	868
2	4607	80
2	4607	81
2	4607	105
2	4607	336
2	4607	774
2	4608	272
2	4609	43
2	4612	188
2	4612	379
2	4612	765
2	4613	754
2	4615	297
2	4615	406
2	4616	100
2	4616	415
2	4616	588
2	4617	26
2	4617	935
2	4622	324
2	4622	791
2	4624	162
2	4625	916
2	4626	179
2	4627	465
2	4628	63
2	4629	439
2	4629	842
2	4629	914
2	4630	691
2	4632	248
2	4633	952
2	4635	634
2	4637	617
2	4638	518
2	4638	755
2	4639	114
2	4639	547
2	4643	223
2	4644	12
2	4644	361
2	4645	376
2	4645	519
2	4648	714
2	4649	679
2	4650	121
2	4650	198
2	4651	72
2	4651	189
2	4652	29
2	4652	903
2	4653	182
2	4654	460
2	4656	280
2	4656	481
2	4657	183
2	4657	352
2	4658	781
2	4658	798
2	4659	796
2	4662	345
2	4662	389
2	4663	846
2	4664	763
2	4665	457
2	4665	556
2	4666	494
2	4668	21
2	4670	312
2	4670	915
2	4670	962
2	4672	470
2	4673	391
2	4674	762
2	4675	95
2	4676	543
2	4676	673
2	4676	690
2	4676	703
2	4676	905
2	4678	637
2	4680	607
2	4680	786
2	4681	782
2	4682	89
2	4682	429
2	4682	689
2	4682	849
2	4683	316
2	4688	218
2	4688	600
2	4689	111
2	4689	733
2	4690	290
2	4693	627
2	4695	957
2	4697	227
2	4697	724
2	4698	33
2	4698	398
2	4699	124
2	4701	228
2	4701	612
2	4702	331
2	4704	579
2	4705	307
2	4705	508
2	4705	682
2	4706	234
2	4707	595
2	4708	751
2	4709	130
2	4712	11
2	4712	197
2	4712	385
2	4712	775
2	4712	812
2	4713	445
2	4715	357
2	4715	486
2	4715	971
2	4717	202
2	4717	522
2	4717	527
2	4718	155
2	4718	626
2	4718	636
2	4719	337
2	4721	268
2	4721	681
2	4723	601
2	4723	748
2	4725	101
2	4729	243
2	4729	287
2	4729	380
2	4729	483
2	4731	614
2	4732	756
2	4733	495
2	4735	118
2	4736	908
2	4737	260
2	4737	769
2	4738	9
2	4738	792
2	4739	222
2	4745	548
2	4747	47
2	4747	412
2	4747	758
2	4750	141
2	4752	214
2	4752	294
2	4754	263
2	4755	365
2	4756	173
2	4756	238
2	4756	458
2	4756	913
2	4758	18
2	4759	52
2	4760	350
2	4760	499
2	4761	271
2	4761	293
2	4761	339
2	4764	672
2	4765	341
2	4767	687
2	4767	800
2	4768	678
2	4768	793
2	4769	123
2	4769	432
2	4770	749
2	4772	761
2	4773	550
2	4774	120
2	4774	469
2	4775	609
2	4775	776
2	4776	177
2	4776	395
2	4777	149
2	4777	485
2	4777	663
2	4777	704
2	4780	15
2	4780	190
2	4780	669
2	4780	929
2	4781	477
2	4781	767
2	4782	193
2	4782	473
2	4784	885
2	4787	790
2	4788	734
2	4791	505
2	4792	276
2	4793	153
2	4793	829
2	4795	292
2	4798	43
2	4800	50
2	4800	615
2	4801	454
2	4801	978
2	4803	278
2	4803	472
2	4804	511
2	4805	284
2	4807	25
2	4808	363
2	4809	128
2	4809	340
2	4809	399
2	4809	651
2	4810	175
2	4810	418
2	4810	634
2	4812	562
2	4812	934
2	4813	226
2	4815	642
2	4815	876
2	4818	620
2	4820	169
2	4822	280
2	4824	604
2	4824	644
2	4825	661
2	4826	757
2	4829	233
2	4830	691
2	4831	136
2	4831	898
2	4832	901
2	4833	552
2	4833	719
2	4834	44
2	4834	219
2	4834	586
2	4838	708
2	4839	441
2	4840	720
2	4841	143
2	4844	87
2	4845	858
2	4846	632
2	4846	747
2	4847	703
2	4847	968
2	4848	34
2	4850	180
2	4850	269
2	4851	733
2	4854	625
2	4855	258
2	4855	509
2	4856	523
2	4856	700
2	4856	971
2	4859	14
2	4859	210
2	4861	165
2	4862	32
2	4862	563
2	4863	694
2	4863	906
2	4864	8
2	4865	245
2	4865	531
2	4867	147
2	4868	28
2	4868	317
2	4868	583
2	4870	67
2	4870	598
2	4871	335
2	4872	105
2	4872	164
2	4872	992
2	4873	424
2	4874	298
2	4874	471
2	4874	654
2	4877	368
2	4878	390
2	4881	150
2	4882	41
2	4882	665
2	4883	740
2	4884	74
2	4885	358
2	4885	728
2	4886	413
2	4887	930
2	4888	22
2	4888	155
2	4890	616
2	4891	378
2	4893	306
2	4893	680
2	4895	478
2	4896	643
2	4897	35
2	4898	281
2	4898	712
2	4899	181
2	4900	244
2	4900	736
2	4909	54
2	4909	484
2	4910	951
2	4911	9
2	4913	99
2	4913	370
2	4913	499
2	4914	505
2	4914	676
2	4915	494
2	4916	145
2	4918	288
2	4918	913
2	4919	574
2	4920	36
2	4920	137
2	4921	778
2	4922	297
2	4924	911
2	4926	189
2	4926	749
2	4926	940
2	4927	459
2	4927	738
2	4931	156
2	4932	338
2	4932	938
2	4936	24
2	4936	453
2	4936	994
2	4937	61
2	4938	55
2	4938	85
2	4938	801
2	4940	655
2	4943	81
2	4943	926
2	4944	551
2	4944	677
2	4945	619
2	4945	741
2	4946	701
2	4946	795
2	4947	139
2	4948	27
2	4949	88
2	4952	739
2	4952	866
2	4954	426
2	4959	160
2	4959	352
2	4960	117
2	4961	523
2	4961	764
2	4964	38
2	4965	250
2	4965	440
2	4966	487
2	4969	414
2	4969	543
2	4972	565
2	4972	623
2	4973	211
2	4973	259
2	4973	723
2	4974	79
2	4974	102
2	4974	430
2	4975	313
2	4975	432
2	4976	5
2	4976	362
2	4976	445
2	4976	761
2	4976	797
2	4977	53
2	4977	321
2	4977	387
2	4979	336
2	4979	633
2	4980	114
2	4981	166
2	4984	329
2	4984	732
2	4985	31
2	4985	644
2	4985	688
2	4985	772
2	4986	13
2	4986	51
2	4986	125
2	4986	763
2	4986	784
2	4986	818
2	4987	20
2	4988	371
2	4989	203
2	4990	229
2	4991	278
2	4991	735
2	4991	820
2	4992	501
2	4993	651
2	4993	782
2	4994	692
2	4994	705
2	4995	928
2	4996	439
2	4998	30
2	4998	292
2	4998	666
2	4999	69
2	4999	191
2	4999	420
2	5000	716
