2	-1	0
2	1	425
2	2	690
2	3	219
2	5	431
2	5	460
2	5	991
2	6	78
2	6	226
2	6	681
2	6	819
2	7	40
2	7	573
2	7	776
2	8	340
2	9	218
2	9	285
2	11	14
2	11	270
2	13	73
2	14	158
2	15	186
2	16	116
2	19	305
2	19	376
2	19	737
2	22	140
2	22	297
2	23	576
2	23	879
2	23	965
2	24	688
2	26	842
2	26	982
2	28	89
2	28	197
2	28	802
2	28	977
2	30	231
2	31	855
2	32	614
2	33	946
2	34	758
2	35	646
2	35	658
2	35	670
2	35	792
2	38	59
2	38	895
2	39	28
2	39	229
2	42	22
2	42	764
2	42	970
2	44	816
2	45	33
2	47	902
2	48	838
2	52	443
2	52	518
2	52	814
2	53	789
2	54	300
2	55	10
2	55	15
2	59	26
2	60	94
2	61	548
2	61	834
2	62	171
2	64	240
2	64	434
2	65	77
2	66	486
2	66	874
2	67	189
2	67	575
2	70	528
2	71	598
2	73	968
2	74	249
2	74	351
2	74	625
2	75	2
2	75	233
2	76	45
2	76	239
2	76	361
2	77	13
2	79	185
2	83	255
2	84	296
2	84	444
2	85	135
2	85	570
2	86	522
2	86	580
2	86	769
2	87	184
2	87	253
2	87	788
2	88	388
2	88	790
2	88	845
2	90	112
2	92	113
2	92	128
2	93	850
2	94	909
2	95	662
2	97	146
2	97	232
2	98	563
2	99	858
2	101	120
2	101	271
2	102	832
2	104	290
2	104	404
2	105	474
2	105	562
2	107	51
2	107	538
2	110	27
2	111	725
2	111	849
2	112	360
2	114	453
2	116	282
2	116	317
2	116	912
2	117	183
2	119	635
2	121	427
2	122	371
2	123	634
2	123	791
2	123	838
2	124	66
2	124	966
2	127	85
2	127	324
2	127	819
2	128	398
2	130	236
2	130	752
2	131	533
2	132	510
2	133	394
2	135	749
2	136	380
2	139	163
2	139	689
2	140	217
2	140	419
2	141	500
2	142	293
2	142	502
2	143	246
2	144	159
2	144	447
2	147	63
2	147	550
2	150	578
2	154	212
2	155	200
2	156	275
2	156	559
2	158	353
2	160	460
2	160	499
2	161	186
2	161	378
2	162	674
2	162	713
2	165	139
2	166	514
2	169	999
2	171	44
2	171	471
2	174	811
2	176	672
2	177	307
2	177	410
2	177	737
2	178	87
2	179	512
2	180	334
2	184	104
2	184	133
2	184	247
2	185	705
2	185	996
2	188	110
2	189	977
2	190	266
2	190	482
2	192	203
2	192	818
2	192	843
2	193	31
2	193	180
2	193	878
2	194	448
2	196	742
2	197	481
2	198	4
2	199	316
2	200	53
2	200	780
2	203	352
2	204	948
2	204	949
2	205	973
2	206	310
2	206	409
2	206	615
2	207	364
2	209	377
2	209	704
2	209	880
2	212	354
2	212	691
2	213	56
2	213	799
2	216	265
2	216	721
2	217	810
2	217	963
2	218	93
2	218	801
2	220	768
2	221	260
2	222	805
2	223	451
2	223	605
2	224	190
2	226	74
2	226	368
2	227	300
2	228	389
2	229	3
2	229	727
2	230	207
2	231	960
2	233	350
2	233	779
2	233	990
2	235	731
2	236	237
2	238	65
2	238	250
2	238	524
2	238	993
2	239	706
2	241	70
2	242	6
2	243	772
2	244	215
2	244	470
2	245	105
2	245	160
2	245	222
2	245	359
2	246	581
2	246	899
2	249	782
2	250	610
2	251	608
2	251	679
2	251	748
2	252	393
2	252	456
2	254	83
2	258	40
2	258	767
2	259	2
2	259	917
2	261	720
2	262	11
2	263	77
2	264	613
2	264	716
2	266	313
2	267	166
2	267	298
2	270	628
2	272	598
2	277	711
2	278	520
2	279	496
2	282	145
2	284	342
2	286	656
2	287	436
2	289	468
2	289	536
2	290	236
2	290	494
2	291	478
2	292	113
2	293	874
2	294	234
2	294	811
2	295	753
2	298	311
2	299	382
2	300	443
2	300	518
2	301	307
2	301	320
2	303	738
2	305	10
2	305	426
2	307	945
2	309	210
2	310	634
2	311	803
2	313	309
2	314	591
2	314	918
2	315	664
2	315	683
2	317	312
2	319	191
2	319	777
2	320	926
2	321	69
2	321	521
2	321	544
2	322	259
2	323	34
2	323	696
2	324	499
2	326	55
2	326	57
2	326	120
2	327	798
2	329	72
2	330	589
2	332	164
2	332	401
2	332	483
2	332	585
2	333	506
2	334	346
2	335	352
2	338	114
2	339	122
2	339	602
2	340	318
2	342	458
2	343	794
2	343	975
2	344	429
2	346	152
2	348	475
2	350	486
2	351	764
2	355	275
2	355	830
2	356	43
2	357	425
2	361	340
2	361	397
2	361	689
2	362	685
2	364	115
2	364	575
2	365	592
2	365	823
2	366	745
2	367	744
2	368	136
2	370	182
2	370	289
2	370	724
2	370	902
2	371	228
2	373	61
2	374	192
2	374	523
2	375	102
2	376	985
2	377	439
2	378	174
2	379	454
2	381	95
2	381	299
2	381	682
2	381	933
2	383	491
2	383	999
2	384	135
2	384	362
2	384	712
2	384	715
2	386	147
2	386	339
2	386	384
2	387	21
2	387	618
2	388	780
2	389	615
2	389	853
2	390	285
2	391	16
2	391	892
2	393	943
2	397	855
2	397	973
2	398	495
2	398	924
2	399	559
2	401	156
2	401	597
2	401	701
2	402	860
2	403	540
2	403	558
2	404	944
2	405	616
2	405	654
2	406	572
2	407	293
2	407	552
2	407	566
2	407	867
2	408	510
2	409	980
2	410	516
2	410	640
2	412	99
2	412	194
2	412	356
2	413	326
2	415	154
2	415	669
2	416	25
2	416	519
2	416	625
2	416	778
2	416	786
2	417	186
2	417	733
2	418	74
2	418	151
2	418	607
2	419	673
2	420	199
2	420	434
2	421	805
2	421	908
2	422	732
2	423	31
2	423	226
2	423	279
2	424	291
2	426	581
2	426	587
2	427	17
2	428	414
2	430	238
2	431	51
2	431	960
2	432	542
2	433	692
2	434	229
2	434	869
2	435	111
2	439	342
2	440	83
2	440	198
2	443	18
2	443	567
2	443	864
2	446	35
2	446	722
2	447	359
2	448	402
2	450	527
2	452	82
2	452	142
2	452	578
2	454	551
2	454	861
2	455	178
2	455	209
2	457	196
2	458	270
2	460	466
2	460	658
2	461	979
2	463	191
2	466	349
2	466	986
2	467	336
2	468	819
2	469	53
2	470	537
2	471	750
2	472	511
2	474	781
2	475	203
2	475	479
2	476	58
2	476	369
2	476	740
2	477	631
2	481	850
2	484	386
2	487	867
2	487	904
2	488	32
2	489	62
2	490	248
2	490	325
2	490	373
2	490	832
2	491	14
2	491	184
2	491	541
2	492	694
2	493	44
2	493	177
2	493	417
2	493	555
2	495	592
2	496	583
2	497	689
2	497	794
2	498	128
2	498	647
2	499	875
2	500	77
2	502	371
2	502	784
2	502	849
2	504	306
2	504	346
2	504	486
2	504	490
2	504	505
2	504	579
2	504	711
2	505	684
2	506	907
2	507	7
2	507	569
2	509	383
2	509	888
2	510	242
2	510	725
2	510	920
2	511	416
2	512	873
2	513	506
2	513	610
2	514	157
2	515	211
2	515	327
2	516	375
2	517	3
2	517	549
2	518	48
2	518	568
2	519	207
2	519	773
2	519	801
2	519	899
2	520	855
2	521	232
2	522	222
2	522	660
2	524	271
2	525	523
2	526	66
2	526	288
2	527	865
2	528	311
2	528	637
2	529	400
2	529	952
2	530	680
2	530	889
2	531	424
2	531	546
2	534	223
2	536	54
2	536	347
2	536	501
2	538	23
2	538	106
2	538	584
2	538	954
2	540	389
2	541	9
2	541	230
2	541	820
2	541	994
2	542	240
2	542	632
2	543	303
2	544	798
2	545	329
2	545	695
2	546	454
2	547	55
2	547	894
2	548	234
2	549	144
2	549	428
2	549	853
2	550	545
2	550	791
2	551	787
2	553	439
2	554	353
2	555	563
2	556	602
2	558	25
2	558	80
2	558	379
2	558	796
2	559	310
2	561	246
2	563	241
2	563	605
2	564	719
2	565	390
2	565	606
2	567	977
2	569	194
2	569	224
2	569	817
2	574	280
2	577	24
2	578	217
2	578	442
2	579	604
2	579	993
2	580	493
2	580	864
2	581	585
2	582	205
2	582	883
2	585	422
2	585	628
2	586	113
2	586	126
2	586	531
2	588	587
2	589	376
2	590	345
2	590	488
2	590	636
2	591	154
2	591	308
2	591	567
2	592	461
2	594	666
2	594	692
2	594	873
2	595	267
2	595	508
2	597	708
2	600	672
2	602	571
2	602	650
2	602	693
2	602	954
2	603	459
2	605	614
2	605	737
2	607	73
2	607	743
2	607	761
2	608	348
2	611	405
2	611	458
2	612	84
2	615	477
2	616	314
2	616	536
2	616	967
2	617	629
2	618	153
2	618	489
2	619	211
2	619	556
2	620	714
2	621	837
2	622	59
2	622	145
2	622	200
2	623	841
2	625	674
2	627	391
2	627	682
2	628	377
2	628	726
2	629	820
2	630	973
2	631	65
2	631	630
2	633	662
2	635	720
2	636	500
2	637	520
2	638	907
2	639	355
2	639	712
2	641	307
2	647	484
2	647	762
2	648	187
2	648	565
2	648	686
2	649	254
2	651	386
2	651	981
2	654	163
2	655	109
2	656	102
2	657	185
2	657	516
2	659	985
2	662	564
2	666	266
2	668	839
2	670	579
2	671	157
2	672	63
2	672	431
2	674	258
2	674	957
2	675	160
2	675	521
2	676	755
2	677	425
2	678	770
2	679	118
2	679	315
2	679	821
2	680	625
2	680	823
2	681	421
2	683	698
2	684	312
2	684	526
2	685	603
2	686	201
2	688	518
2	689	742
2	691	705
2	691	730
2	692	611
2	693	290
2	693	669
2	693	863
2	698	356
2	699	789
2	700	149
2	700	988
2	701	499
2	703	107
2	703	297
2	704	95
2	704	116
2	704	228
2	704	432
2	706	121
2	706	475
2	707	445
2	708	632
2	708	980
2	709	143
2	709	608
2	709	775
2	710	34
2	710	584
2	711	574
2	711	777
2	712	9
2	712	91
2	712	893
2	714	10
2	714	443
2	714	543
2	715	680
2	715	970
2	719	78
2	721	213
2	725	42
2	725	622
2	726	293
2	727	139
2	728	757
2	729	734
2	729	788
2	731	463
2	733	547
2	734	115
2	734	119
2	735	652
2	735	793
2	736	985
2	737	823
2	738	210
2	738	333
2	738	375
2	738	419
2	739	85
2	740	283
2	740	512
2	740	710
2	740	831
2	742	8
2	742	405
2	742	709
2	743	37
2	744	886
2	745	440
2	747	166
2	747	179
2	747	284
2	747	460
2	748	392
2	749	20
2	751	820
2	752	626
2	752	917
2	753	487
2	755	323
2	756	585
2	756	738
2	757	697
2	758	433
2	759	291
2	761	628
2	763	932
2	764	418
2	764	754
2	767	601
2	768	964
2	771	339
2	772	378
2	773	313
2	774	404
2	775	708
2	776	287
2	777	3
2	777	507
2	777	596
2	780	108
2	780	503
2	781	472
2	784	495
2	784	658
2	786	169
2	786	321
2	786	816
2	787	663
2	788	123
2	788	314
2	789	412
2	792	591
2	793	271
2	793	446
2	795	408
2	795	767
2	797	68
2	798	387
2	799	488
2	802	125
2	803	896
2	805	325
2	806	689
2	807	750
2	807	794
2	808	148
2	808	975
2	810	57
2	811	244
2	811	615
2	814	892
2	816	242
2	816	692
2	816	786
2	818	411
2	818	745
2	819	273
2	819	471
2	819	544
2	823	565
2	824	187
2	824	491
2	825	51
2	826	245
2	828	280
2	828	978
2	829	799
2	831	134
2	832	74
2	832	382
2	833	6
2	834	618
2	835	464
2	835	500
2	835	772
2	836	616
2	837	342
2	837	573
2	840	185
2	841	498
2	841	931
2	843	754
2	845	120
2	845	853
2	846	603
2	847	89
2	848	856
2	850	990
2	851	505
2	851	605
2	853	331
2	853	341
2	854	151
2	854	425
2	855	307
2	856	506
2	856	624
2	856	839
2	858	723
2	863	276
2	863	327
2	863	900
2	864	782
2	865	137
2	865	999
2	866	100
2	867	28
2	868	454
2	868	880
2	869	394
2	872	406
2	872	886
2	873	357
2	873	724
2	875	63
2	875	143
2	875	719
2	877	687
2	877	890
2	879	508
2	881	190
2	881	401
2	882	768
2	883	7
2	883	66
2	884	599
2	885	102
2	885	337
2	885	986
2	886	363
2	888	686
2	890	586
2	891	309
2	891	502
2	892	676
2	893	373
2	894	17
2	894	690
2	896	608
2	899	349
2	900	811
2	901	522
2	903	27
2	903	525
2	904	24
2	904	546
2	906	174
2	907	727
2	908	256
2	910	627
2	911	133
2	912	31
2	912	474
2	913	123
2	913	528
2	915	715
2	916	725
2	919	171
2	919	179
2	919	407
2	919	559
2	920	720
2	921	55
2	921	111
2	921	157
2	921	278
2	921	630
2	922	447
2	924	149
2	925	317
2	925	521
2	925	718
2	925	722
2	927	211
2	928	937
2	930	163
2	931	195
2	932	649
2	932	925
2	933	192
2	935	292
2	935	372
2	936	172
2	937	716
2	938	577
2	939	288
2	939	639
2	940	416
2	941	196
2	941	576
2	942	386
2	943	388
2	944	557
2	946	431
2	947	753
2	948	626
2	949	247
2	949	878
2	953	664
2	954	875
2	955	339
2	955	496
2	955	604
2	955	757
2	957	315
2	957	853
2	958	371
2	959	378
2	959	977
2	960	23
2	960	512
2	961	497
2	962	655
2	963	138
2	963	235
2	965	162
2	965	823
2	966	587
2	966	944
2	967	191
2	967	732
2	967	736
2	968	265
2	969	213
2	970	263
2	970	306
2	970	338
2	970	705
2	970	825
2	971	744
2	973	326
2	974	128
2	975	267
2	976	207
2	976	542
2	976	620
2	976	838
2	978	41
2	978	193
2	978	729
2	979	741
2	982	215
2	984	219
2	984	284
2	988	713
2	990	585
2	992	516
2	995	569
2	996	124
2	998	555
2	998	695
2	999	675
2	1000	844
2	1001	89
2	1001	891
2	1004	549
2	1005	231
2	1005	366
2	1005	990
2	1009	624
2	1010	293
2	1012	132
2	1012	903
2	1014	688
2	1016	349
2	1018	297
2	1018	934
2	1019	71
2	1019	985
2	1020	862
2	1023	365
2	1028	336
2	1028	389
2	1029	240
2	1029	422
2	1030	509
2	1032	504
2	1032	631
2	1034	592
2	1035	530
2	1036	348
2	1036	395
2	1037	465
2	1039	854
2	1040	568
2	1040	578
2	1041	657
2	1042	60
2	1042	229
2	1042	677
2	1043	316
2	1044	398
2	1045	951
2	1046	4
2	1047	647
2	1049	72
2	1049	239
2	1050	252
2	1050	439
2	1050	457
2	1053	550
2	1055	603
2	1056	140
2	1057	16
2	1058	241
2	1060	276
2	1060	573
2	1062	57
2	1062	414
2	1063	743
2	1065	708
2	1067	10
2	1067	86
2	1069	485
2	1071	105
2	1071	262
2	1071	432
2	1072	109
2	1072	135
2	1072	411
2	1075	498
2	1075	857
2	1075	858
2	1076	494
2	1077	441
2	1078	689
2	1078	926
2	1079	598
2	1081	728
2	1083	185
2	1083	452
2	1083	540
2	1083	662
2	1084	473
2	1085	200
2	1085	211
2	1085	562
2	1086	14
2	1086	611
2	1087	182
2	1088	288
2	1089	582
2	1090	203
2	1090	916
2	1091	886
2	1092	187
2	1092	629
2	1093	659
2	1094	694
2	1094	729
2	1096	27
2	1096	253
2	1096	681
2	1096	738
2	1096	899
2	1097	379
2	1098	108
2	1098	443
2	1098	755
2	1099	786
2	1100	548
2	1101	218
2	1102	242
2	1104	679
2	1108	65
2	1108	556
2	1109	48
2	1109	446
2	1109	630
2	1111	701
2	1112	918
2	1114	188
2	1115	220
2	1116	833
2	1116	885
2	1117	269
2	1118	63
2	1119	96
2	1120	531
2	1123	117
2	1123	897
2	1125	124
2	1126	771
2	1127	307
2	1128	462
2	1129	179
2	1130	317
2	1130	958
2	1131	159
2	1132	70
2	1132	255
2	1133	94
2	1134	410
2	1136	537
2	1137	234
2	1138	198
2	1139	98
2	1139	166
2	1140	125
2	1141	235
2	1142	431
2	1142	555
2	1143	163
2	1144	999
2	1145	62
2	1145	286
2	1146	391
2	1149	282
2	1151	320
2	1151	553
2	1152	132
2	1152	437
2	1153	907
2	1154	217
2	1156	102
2	1156	983
2	1157	370
2	1157	420
2	1158	778
2	1161	106
2	1161	402
2	1161	682
2	1163	533
2	1163	683
2	1164	507
2	1164	581
2	1164	801
2	1166	777
2	1167	766
2	1169	101
2	1170	331
2	1170	336
2	1170	605
2	1171	377
2	1173	519
2	1174	40
2	1174	147
2	1174	246
2	1174	528
2	1176	212
2	1176	319
2	1176	855
2	1177	361
2	1178	349
2	1178	549
2	1178	818
2	1179	456
2	1182	291
2	1182	397
2	1183	968
2	1184	285
2	1184	719
2	1186	197
2	1186	782
2	1187	138
2	1187	873
2	1188	97
2	1189	357
2	1190	613
2	1191	697
2	1192	80
2	1192	574
2	1194	990
2	1195	88
2	1195	672
2	1199	37
2	1199	707
2	1200	111
2	1200	151
2	1201	13
2	1201	115
2	1202	249
2	1202	454
2	1203	256
2	1203	547
2	1203	700
2	1204	673
2	1206	641
2	1207	128
2	1208	486
2	1209	827
2	1211	52
2	1211	176
2	1212	194
2	1212	284
2	1212	991
2	1213	157
2	1213	685
2	1213	710
2	1214	313
2	1217	919
2	1218	596
2	1219	387
2	1219	594
2	1220	78
2	1220	479
2	1222	509
2	1224	339
2	1224	868
2	1226	36
2	1226	119
2	1228	18
2	1228	511
2	1230	126
2	1232	612
2	1233	463
2	1235	165
2	1235	322
2	1236	60
2	1237	621
2	1241	275
2	1242	113
2	1245	579
2	1246	821
2	1247	510
2	1248	112
2	1250	557
2	1251	252
2	1251	809
2	1252	206
2	1252	270
2	1252	785
2	1253	536
2	1253	844
2	1254	58
2	1255	107
2	1255	308
2	1257	84
2	1257	842
2	1259	770
2	1259	955
2	1260	297
2	1260	340
2	1260	381
2	1261	570
2	1261	761
2	1264	110
2	1264	951
2	1266	39
2	1266	161
2	1266	982
2	1267	783
2	1268	604
2	1270	499
2	1271	652
2	1272	310
2	1272	909
2	1273	269
2	1274	556
2	1276	416
2	1277	712
2	1278	765
2	1279	429
2	1279	752
2	1280	484
2	1281	401
2	1282	122
2	1282	642
2	1283	154
2	1284	564
2	1284	956
2	1285	192
2	1285	539
2	1287	271
2	1287	407
2	1288	759
2	1289	211
2	1289	395
2	1291	72
2	1291	790
2	1292	545
2	1292	740
2	1292	854
2	1293	263
2	1293	779
2	1294	309
2	1294	888
2	1295	601
2	1297	44
2	1298	334
2	1299	742
2	1299	838
2	1300	273
2	1300	497
2	1303	69
2	1303	403
2	1303	619
2	1304	460
2	1307	374
2	1307	571
2	1308	750
2	1309	95
2	1309	670
2	1310	640
2	1311	686
2	1311	986
2	1312	791
2	1313	139
2	1314	930
2	1315	356
2	1315	760
2	1316	195
2	1316	630
2	1317	68
2	1317	798
2	1318	474
2	1320	390
2	1320	764
2	1322	379
2	1323	675
2	1324	150
2	1324	575
2	1325	743
2	1325	858
2	1326	359
2	1327	207
2	1328	162
2	1332	717
2	1335	446
2	1336	584
2	1336	875
2	1338	9
2	1338	29
2	1338	385
2	1338	824
2	1339	572
2	1342	436
2	1342	519
2	1346	17
2	1346	490
2	1347	508
2	1348	433
2	1349	289
2	1349	386
2	1349	804
2	1350	772
2	1352	137
2	1352	415
2	1352	540
2	1352	768
2	1352	803
2	1353	232
2	1353	997
2	1354	112
2	1355	422
2	1358	773
2	1359	287
2	1362	697
2	1364	656
2	1364	701
2	1365	665
2	1365	704
2	1365	942
2	1366	507
2	1366	542
2	1367	428
2	1367	469
2	1367	486
2	1368	248
2	1372	733
2	1372	815
2	1373	242
2	1373	324
2	1373	388
2	1373	710
2	1374	784
2	1376	292
2	1376	471
2	1377	393
2	1379	391
2	1379	907
2	1380	544
2	1381	8
2	1381	462
2	1383	20
2	1383	237
2	1383	258
2	1383	852
2	1384	6
2	1384	442
2	1384	527
2	1384	702
2	1385	853
2	1390	15
2	1391	73
2	1392	90
2	1392	628
2	1393	928
2	1394	541
2	1395	345
2	1397	492
2	1398	223
2	1400	241
2	1400	741
2	1401	923
2	1402	420
2	1402	494
2	1403	488
2	1404	636
2	1405	103
2	1405	998
2	1408	568
2	1411	182
2	1411	303
2	1412	12
2	1414	735
2	1414	821
2	1415	406
2	1415	518
2	1416	424
2	1417	94
2	1417	520
2	1417	977
2	1419	461
2	1419	806
2	1420	372
2	1420	430
2	1421	472
2	1421	761
2	1422	703
2	1423	634
2	1424	322
2	1424	569
2	1424	799
2	1425	128
2	1427	771
2	1428	173
2	1428	751
2	1429	684
2	1430	167
2	1431	991
2	1432	5
2	1432	28
2	1432	351
2	1432	394
2	1432	439
2	1434	272
2	1434	639
2	1435	46
2	1435	638
2	1437	435
2	1437	762
2	1438	591
2	1439	384
2	1439	526
2	1439	668
2	1440	146
2	1442	285
2	1443	404
2	1443	698
2	1443	840
2	1445	88
2	1445	605
2	1447	217
2	1447	347
2	1448	74
2	1448	666
2	1449	366
2	1449	536
2	1450	334
2	1450	547
2	1451	31
2	1451	556
2	1452	713
2	1453	590
2	1456	779
2	1459	776
2	1460	917
2	1461	96
2	1461	496
2	1463	230
2	1464	10
2	1464	737
2	1465	506
2	1465	562
2	1465	679
2	1466	626
2	1467	315
2	1468	744
2	1470	418
2	1470	575
2	1474	598
2	1474	665
2	1474	732
2	1475	650
2	1478	574
2	1480	397
2	1481	33
2	1481	409
2	1481	729
2	1482	937
2	1483	402
2	1483	588
2	1484	695
2	1484	849
2	1486	101
2	1487	554
2	1489	282
2	1490	509
2	1492	880
2	1493	617
2	1494	80
2	1495	234
2	1495	711
2	1496	256
2	1496	664
2	1496	673
2	1498	438
2	1500	918
2	1502	401
2	1503	202
2	1504	343
2	1504	353
2	1507	525
2	1509	692
2	1509	804
2	1510	593
2	1511	586
2	1512	43
2	1513	595
2	1514	579
2	1515	369
2	1516	207
2	1516	969
2	1518	40
2	1519	510
2	1520	500
2	1522	302
2	1522	792
2	1524	53
2	1524	715
2	1525	533
2	1526	150
2	1526	174
2	1526	201
2	1527	685
2	1528	621
2	1532	78
2	1532	803
2	1533	521
2	1533	686
2	1534	196
2	1534	212
2	1536	59
2	1539	115
2	1539	616
2	1540	210
2	1540	646
2	1541	806
2	1542	85
2	1543	687
2	1544	381
2	1545	539
2	1546	331
2	1547	294
2	1547	334
2	1548	392
2	1549	610
2	1554	148
2	1554	445
2	1555	502
2	1557	615
2	1559	511
2	1559	712
2	1560	14
2	1560	77
2	1561	132
2	1561	412
2	1562	670
2	1562	861
2	1562	959
2	1565	203
2	1565	332
2	1566	32
2	1566	125
2	1567	432
2	1567	474
2	1568	145
2	1568	243
2	1569	860
2	1570	653
2	1571	482
2	1572	358
2	1574	17
2	1574	666
2	1575	314
2	1575	527
2	1576	83
2	1577	19
2	1577	361
2	1577	448
2	1580	263
2	1580	328
2	1580	600
2	1581	458
2	1582	721
2	1583	44
2	1583	717
2	1584	568
2	1584	766
2	1585	317
2	1586	797
2	1586	902
2	1588	601
2	1589	440
2	1590	299
2	1590	807
2	1592	491
2	1592	798
2	1592	898
2	1593	581
2	1595	34
2	1595	226
2	1595	444
2	1595	775
2	1596	166
2	1600	90
2	1602	216
2	1603	488
2	1605	64
2	1605	429
2	1605	642
2	1609	841
2	1610	290
2	1611	750
2	1612	371
2	1612	577
2	1617	380
2	1618	814
2	1620	31
2	1621	46
2	1621	49
2	1621	144
2	1621	656
2	1622	37
2	1622	778
2	1622	822
2	1623	175
2	1623	450
2	1623	785
2	1624	791
2	1625	938
2	1625	995
2	1627	747
2	1628	138
2	1628	759
2	1630	880
2	1631	463
2	1631	714
2	1633	336
2	1635	106
2	1636	42
2	1636	176
2	1636	453
2	1636	631
2	1637	270
2	1637	531
2	1638	443
2	1639	423
2	1640	893
2	1642	173
2	1642	295
2	1642	534
2	1642	875
2	1644	357
2	1644	739
2	1645	728
2	1646	274
2	1646	854
2	1648	35
2	1649	92
2	1650	560
2	1651	181
2	1651	204
2	1652	836
2	1653	318
2	1654	630
2	1655	691
2	1656	119
2	1656	608
2	1658	215
2	1658	857
2	1660	905
2	1661	253
2	1661	671
2	1662	754
2	1663	156
2	1664	296
2	1664	402
2	1668	124
2	1671	55
2	1672	157
2	1672	520
2	1672	624
2	1673	618
2	1674	442
2	1674	466
2	1675	969
2	1676	469
2	1676	726
2	1678	580
2	1678	658
2	1678	883
2	1679	644
2	1679	888
2	1680	198
2	1680	461
2	1680	842
2	1680	928
2	1681	583
2	1681	638
2	1682	200
2	1682	478
2	1683	146
2	1683	326
2	1686	93
2	1686	471
2	1686	917
2	1687	13
2	1689	286
2	1689	971
2	1691	285
2	1693	375
2	1694	400
2	1695	287
2	1699	209
2	1699	330
2	1699	688
2	1700	2
2	1701	206
2	1701	793
2	1702	447
2	1704	784
2	1705	383
2	1707	44
2	1707	108
2	1707	746
2	1708	249
2	1710	122
2	1710	425
2	1711	59
2	1711	191
2	1711	528
2	1712	222
2	1712	732
2	1713	349
2	1714	715
2	1715	54
2	1715	115
2	1718	685
2	1720	632
2	1721	579
2	1721	678
2	1723	120
2	1723	265
2	1723	370
2	1724	640
2	1724	818
2	1724	882
2	1725	877
2	1727	197
2	1727	559
2	1729	228
2	1732	58
2	1732	465
2	1732	507
2	1732	876
2	1734	430
2	1735	734
2	1735	865
2	1736	149
2	1740	40
2	1741	641
2	1743	850
2	1744	319
2	1744	337
2	1745	567
2	1746	524
2	1746	997
2	1747	909
2	1748	564
2	1749	690
2	1750	11
2	1752	786
2	1754	170
2	1754	788
2	1754	825
2	1755	264
2	1755	660
2	1756	193
2	1758	223
2	1758	468
2	1758	797
2	1759	178
2	1759	321
2	1760	392
2	1760	459
2	1760	523
2	1761	729
2	1763	516
2	1764	86
2	1764	602
2	1765	75
2	1765	241
2	1765	308
2	1765	585
2	1765	801
2	1767	436
2	1768	419
2	1770	172
2	1771	297
2	1772	50
2	1772	328
2	1773	203
2	1776	443
2	1776	617
2	1776	800
2	1777	263
2	1779	73
2	1779	229
2	1781	106
2	1781	642
2	1781	951
2	1782	514
2	1785	717
2	1786	199
2	1786	675
2	1786	921
2	1788	668
2	1790	674
2	1791	6
2	1791	712
2	1792	502
2	1793	494
2	1793	802
2	1794	186
2	1794	244
2	1794	250
2	1796	405
2	1796	562
2	1797	716
2	1798	590
2	1798	634
2	1801	463
2	1802	554
2	1802	770
2	1804	798
2	1805	897
2	1807	792
2	1808	248
2	1808	455
2	1810	803
2	1812	583
2	1812	677
2	1812	686
2	1813	315
2	1813	359
2	1813	636
2	1815	91
2	1816	380
2	1817	555
2	1818	944
2	1819	166
2	1819	449
2	1819	907
2	1820	483
2	1825	762
2	1826	158
2	1826	236
2	1826	266
2	1827	234
2	1828	298
2	1828	336
2	1828	522
2	1828	561
2	1830	344
2	1830	414
2	1832	174
2	1832	737
2	1832	774
2	1835	540
2	1835	548
2	1835	557
2	1836	211
2	1837	689
2	1838	282
2	1838	790
2	1839	859
2	1840	506
2	1842	320
2	1843	221
2	1844	34
2	1845	448
2	1846	710
2	1850	558
2	1852	705
2	1853	784
2	1855	352
2	1855	432
2	1855	572
2	1856	121
2	1857	135
2	1858	89
2	1858	112
2	1860	49
2	1862	153
2	1862	985
2	1863	749
2	1863	755
2	1864	683
2	1865	931
2	1866	310
2	1866	759
2	1867	474
2	1867	758
2	1868	500
2	1869	76
2	1869	435
2	1869	542
2	1869	550
2	1871	345
2	1872	119
2	1872	472
2	1872	752
2	1876	428
2	1876	948
2	1877	47
2	1877	295
2	1877	403
2	1877	539
2	1879	586
2	1879	676
2	1880	280
2	1880	850
2	1882	162
2	1882	291
2	1884	35
2	1884	88
2	1884	407
2	1885	429
2	1885	508
2	1886	302
2	1887	72
2	1887	481
2	1887	515
2	1889	655
2	1890	685
2	1892	406
2	1892	460
2	1892	730
2	1893	196
2	1893	687
2	1896	324
2	1898	128
2	1898	962
2	1899	133
2	1900	19
2	1901	137
2	1902	452
2	1904	132
2	1904	840
2	1904	991
2	1906	658
2	1907	415
2	1909	198
2	1910	778
2	1911	214
2	1912	488
2	1913	64
2	1913	146
2	1913	721
2	1914	204
2	1914	379
2	1915	637
2	1916	756
2	1916	922
2	1918	820
2	1919	356
2	1919	552
2	1920	701
2	1920	862
2	1921	325
2	1921	684
2	1922	18
2	1922	340
2	1924	383
2	1926	235
2	1926	620
2	1927	157
2	1928	563
2	1928	733
2	1929	767
2	1934	44
2	1934	181
2	1934	258
2	1934	975
2	1936	293
2	1937	315
2	1938	197
2	1940	961
2	1941	288
2	1941	323
2	1943	113
2	1945	60
2	1947	139
2	1947	373
2	1950	439
2	1951	715
2	1952	216
2	1953	610
2	1954	150
2	1955	364
2	1957	640
2	1958	423
2	1958	720
2	1959	519
2	1959	830
2	1961	40
2	1961	311
2	1961	884
2	1962	740
2	1962	841
2	1963	278
2	1965	647
2	1968	626
2	1969	224
2	1969	541
2	1971	223
2	1972	347
2	1972	828
2	1974	516
2	1975	875
2	1977	68
2	1982	458
2	1983	706
2	1984	556
2	1984	642
2	1984	926
2	1985	759
2	1986	240
2	1986	399
2	1986	495
2	1987	256
2	1988	220
2	1990	250
2	1990	445
2	1991	8
2	1991	697
2	1992	502
2	1994	17
2	1994	772
2	1997	15
2	1997	152
2	1997	531
2	1998	120
2	1998	613
2	1999	165
2	1999	723
2	1999	776
2	2000	10
2	2003	800
2	2004	11
2	2004	296
2	2004	716
2	2005	82
2	2005	496
2	2008	28
2	2008	587
2	2009	90
2	2009	294
2	2010	747
2	2011	546
2	2011	631
2	2012	766
2	2014	138
2	2015	612
2	2015	793
2	2015	940
2	2016	303
2	2021	313
2	2022	221
2	2022	859
2	2023	291
2	2023	408
2	2023	482
2	2025	56
2	2025	276
2	2025	905
2	2026	268
2	2027	23
2	2027	123
2	2028	381
2	2028	669
2	2028	947
2	2029	464
2	2031	267
2	2032	58
2	2033	121
2	2033	168
2	2034	59
2	2034	396
2	2034	467
2	2035	2
2	2036	382
2	2038	106
2	2038	529
2	2039	538
2	2041	938
2	2043	359
2	2043	907
2	2045	251
2	2045	699
2	2046	593
2	2047	449
2	2048	655
2	2050	886
2	2051	425
2	2052	663
2	2052	958
2	2054	547
2	2055	602
2	2056	273
2	2056	591
2	2056	624
2	2056	632
2	2061	161
2	2062	348
2	2062	754
2	2064	167
2	2064	259
2	2064	422
2	2064	428
2	2065	183
2	2065	366
2	2065	842
2	2067	617
2	2068	823
2	2070	385
2	2070	625
2	2071	122
2	2071	668
2	2071	678
2	2072	791
2	2073	147
2	2075	905
2	2076	542
2	2077	69
2	2079	175
2	2079	898
2	2080	9
2	2081	35
2	2082	7
2	2082	66
2	2082	605
2	2082	619
2	2083	274
2	2084	390
2	2085	703
2	2087	760
2	2087	854
2	2088	115
2	2088	635
2	2089	129
2	2090	361
2	2091	135
2	2091	943
2	2093	551
2	2093	558
2	2093	600
2	2093	696
2	2094	110
2	2095	136
2	2095	283
2	2095	585
2	2095	820
2	2096	118
2	2097	368
2	2097	415
2	2097	606
2	2099	685
2	2101	43
2	2103	916
2	2106	674
2	2107	22
2	2109	598
2	2111	544
2	2117	185
2	2118	765
2	2119	363
2	2119	555
2	2120	570
2	2122	89
2	2122	375
2	2123	190
2	2124	741
2	2125	105
2	2125	671
2	2128	208
2	2129	418
2	2131	666
2	2133	211
2	2134	436
2	2135	12
2	2135	545
2	2136	170
2	2137	804
2	2138	742
2	2139	735
2	2142	343
2	2142	596
2	2142	639
2	2143	399
2	2144	588
2	2145	917
2	2146	623
2	2148	761
2	2149	213
2	2150	75
2	2151	226
2	2152	49
2	2157	119
2	2157	315
2	2158	730
2	2160	386
2	2160	704
2	2160	767
2	2161	278
2	2161	752
2	2164	102
2	2164	890
2	2165	808
2	2166	520
2	2168	143
2	2169	201
2	2169	560
2	2170	90
2	2170	270
2	2171	48
2	2171	451
2	2173	550
2	2174	30
2	2174	271
2	2175	54
2	2175	645
2	2175	768
2	2176	282
2	2176	474
2	2177	126
2	2177	160
2	2178	1
2	2178	47
2	2178	243
2	2179	794
2	2179	948
2	2180	392
2	2180	440
2	2180	750
2	2183	656
2	2183	778
2	2185	6
2	2189	152
2	2190	613
2	2191	62
2	2191	960
2	2193	477
2	2195	184
2	2196	801
2	2197	631
2	2198	682
2	2198	711
2	2199	566
2	2199	577
2	2202	68
2	2202	540
2	2204	746
2	2204	766
2	2205	3
2	2205	322
2	2206	687
2	2207	572
2	2207	780
2	2209	308
2	2209	717
2	2211	306
2	2211	709
2	2211	775
2	2212	689
2	2212	749
2	2216	607
2	2216	942
2	2219	346
2	2219	420
2	2219	492
2	2219	820
2	2220	265
2	2220	368
2	2221	288
2	2223	575
2	2223	654
2	2223	865
2	2224	634
2	2225	982
2	2226	266
2	2226	873
2	2227	17
2	2227	739
2	2229	70
2	2231	381
2	2233	468
2	2234	116
2	2234	557
2	2235	72
2	2235	272
2	2235	586
2	2237	285
2	2237	432
2	2240	524
2	2241	715
2	2242	328
2	2243	276
2	2243	665
2	2246	839
2	2247	678
2	2249	239
2	2249	969
2	2250	104
2	2250	378
2	2251	450
2	2251	971
2	2252	706
2	2253	553
2	2253	686
2	2253	808
2	2256	349
2	2256	543
2	2256	573
2	2257	722
2	2258	467
2	2258	669
2	2260	146
2	2260	938
2	2264	81
2	2264	256
2	2264	710
2	2264	762
2	2265	460
2	2266	110
2	2270	662
2	2270	719
2	2272	470
2	2272	519
2	2272	658
2	2273	39
2	2273	417
2	2273	523
2	2275	158
2	2277	131
2	2279	198
2	2279	559
2	2280	836
2	2282	403
2	2283	64
2	2283	817
2	2285	8
2	2285	593
2	2289	87
2	2289	200
2	2289	736
2	2290	11
2	2290	542
2	2292	428
2	2293	626
2	2293	829
2	2294	770
2	2295	747
2	2297	411
2	2299	311
2	2300	179
2	2301	508
2	2301	696
2	2302	363
2	2302	718
2	2303	123
2	2303	458
2	2304	174
2	2305	731
2	2307	319
2	2308	118
2	2308	614
2	2310	590
2	2311	546
2	2312	756
2	2313	434
2	2316	579
2	2316	880
2	2317	193
2	2319	268
2	2319	290
2	2320	307
2	2321	186
2	2321	209
2	2321	324
2	2323	651
2	2323	786
2	2326	864
2	2326	967
2	2327	67
2	2327	286
2	2327	429
2	2328	499
2	2329	618
2	2329	933
2	2331	283
2	2333	258
2	2333	441
2	2335	535
2	2339	29
2	2339	163
2	2339	211
2	2339	353
2	2339	659
2	2340	91
2	2340	794
2	2341	372
2	2341	726
2	2342	738
2	2343	18
2	2343	280
2	2343	805
2	2344	369
2	2345	679
2	2346	115
2	2346	391
2	2347	99
2	2348	317
2	2348	581
2	2351	547
2	2352	151
2	2352	671
2	2353	536
2	2354	189
2	2355	96
2	2355	562
2	2357	683
2	2358	657
2	2359	526
2	2360	513
2	2361	380
2	2362	117
2	2362	383
2	2362	970
2	2364	382
2	2364	757
2	2367	664
2	2368	445
2	2370	422
2	2371	721
2	2371	730
2	2372	155
2	2372	889
2	2373	345
2	2373	503
2	2377	240
2	2378	418
2	2378	482
2	2379	23
2	2380	97
2	2380	694
2	2381	101
2	2381	488
2	2382	938
2	2383	287
2	2384	252
2	2385	33
2	2385	800
2	2386	263
2	2386	329
2	2386	357
2	2386	399
2	2387	93
2	2387	206
2	2388	45
2	2388	539
2	2390	439
2	2391	275
2	2391	779
2	2392	644
2	2393	31
2	2393	121
2	2393	188
2	2393	221
2	2394	511
2	2396	565
2	2397	529
2	2397	795
2	2399	133
2	2399	678
2	2399	869
2	2399	984
2	2403	509
2	2403	674
2	2403	692
2	2404	552
2	2405	192
2	2405	638
2	2405	781
2	2407	289
2	2407	771
2	2407	899
2	2408	272
2	2408	724
2	2410	707
2	2411	88
2	2411	248
2	2413	69
2	2414	223
2	2415	501
2	2418	517
2	2419	437
2	2420	87
2	2420	798
2	2422	120
2	2422	524
2	2423	169
2	2423	447
2	2424	406
2	2425	466
2	2425	919
2	2426	334
2	2427	194
2	2428	222
2	2430	5
2	2430	94
2	2431	577
2	2431	743
2	2432	339
2	2433	993
2	2435	389
2	2436	256
2	2436	974
2	2437	893
2	2438	60
2	2439	801
2	2439	887
2	2440	543
2	2441	342
2	2441	722
2	2444	3
2	2444	350
2	2444	933
2	2445	320
2	2445	401
2	2446	449
2	2446	575
2	2446	597
2	2446	761
2	2447	898
2	2448	293
2	2448	625
2	2448	640
2	2449	75
2	2450	360
2	2450	371
2	2453	405
2	2453	559
2	2454	176
2	2454	573
2	2454	938
2	2456	555
2	2456	739
2	2459	490
2	2459	520
2	2459	941
2	2460	752
2	2465	230
2	2468	649
2	2470	316
2	2472	104
2	2475	40
2	2475	541
2	2475	688
2	2478	312
2	2478	763
2	2479	341
2	2479	704
2	2480	264
2	2480	712
2	2481	51
2	2481	170
2	2482	348
2	2482	397
2	2484	411
2	2484	666
2	2484	697
2	2485	467
2	2487	274
2	2487	485
2	2487	489
2	2487	981
2	2488	507
2	2488	812
2	2489	434
2	2489	648
2	2489	951
2	2490	751
2	2490	784
2	2492	295
2	2494	361
2	2494	474
2	2496	600
2	2497	305
2	2497	476
2	2497	650
2	2498	42
2	2500	297
2	2500	444
2	2502	608
2	2502	878
2	2502	927
2	2503	821
2	2504	462
2	2505	518
2	2507	842
2	2507	851
2	2509	797
2	2510	609
2	2512	455
2	2515	459
2	2515	626
2	2519	426
2	2522	475
2	2523	811
2	2524	729
2	2525	547
2	2525	562
2	2527	736
2	2528	2
2	2528	300
2	2529	494
2	2529	587
2	2529	863
2	2530	488
2	2531	530
2	2532	61
2	2533	285
2	2534	545
2	2534	710
2	2535	392
2	2536	324
2	2536	355
2	2537	151
2	2537	723
2	2538	72
2	2538	454
2	2538	815
2	2538	984
2	2539	128
2	2539	183
2	2539	343
2	2542	288
2	2542	807
2	2545	919
2	2547	122
2	2548	34
2	2549	27
2	2550	88
2	2550	267
2	2550	512
2	2551	386
2	2552	278
2	2554	492
2	2554	774
2	2555	627
2	2557	356
2	2557	388
2	2558	747
2	2558	759
2	2560	464
2	2561	235
2	2562	354
2	2562	398
2	2562	589
2	2563	976
2	2564	17
2	2564	694
2	2564	746
2	2564	866
2	2566	89
2	2566	102
2	2568	282
2	2569	159
2	2569	184
2	2569	890
2	2570	727
2	2572	684
2	2573	289
2	2573	770
2	2576	203
2	2576	419
2	2576	424
2	2576	610
2	2577	130
2	2578	700
2	2579	292
2	2579	658
2	2580	239
2	2583	717
2	2583	849
2	2584	738
2	2585	24
2	2586	337
2	2587	119
2	2587	210
2	2588	880
2	2589	314
2	2589	521
2	2589	786
2	2590	240
2	2591	147
2	2593	177
2	2594	750
2	2595	107
2	2595	327
2	2595	715
2	2596	438
2	2596	672
2	2597	572
2	2598	78
2	2598	814
2	2600	16
2	2600	87
2	2600	299
2	2600	606
2	2601	226
2	2601	564
2	2601	662
2	2602	383
2	2603	479
2	2604	198
2	2604	347
2	2606	621
2	2608	8
2	2608	59
2	2609	258
2	2611	117
2	2611	935
2	2612	268
2	2612	708
2	2613	483
2	2613	725
2	2613	836
2	2613	865
2	2614	473
2	2614	807
2	2614	838
2	2614	912
2	2614	983
2	2615	197
2	2620	124
2	2623	152
2	2623	948
2	2625	20
2	2627	291
2	2627	592
2	2627	605
2	2627	625
2	2628	296
2	2629	330
2	2629	538
2	2629	607
2	2630	38
2	2630	217
2	2630	262
2	2631	773
2	2634	619
2	2634	646
2	2635	367
2	2636	166
2	2636	478
2	2637	214
2	2637	366
2	2638	194
2	2639	233
2	2640	988
2	2641	256
2	2641	502
2	2643	655
2	2643	657
2	2644	115
2	2645	885
2	2646	134
2	2647	331
2	2647	364
2	2647	743
2	2648	757
2	2649	168
2	2649	795
2	2651	490
2	2653	225
2	2654	261
2	2654	753
2	2655	661
2	2656	543
2	2656	969
2	2660	109
2	2660	755
2	2662	55
2	2662	156
2	2662	232
2	2665	925
2	2666	353
2	2666	529
2	2667	129
2	2668	37
2	2668	52
2	2668	850
2	2668	981
2	2669	25
2	2669	359
2	2669	575
2	2671	164
2	2671	780
2	2672	650
2	2674	94
2	2674	788
2	2675	735
2	2677	322
2	2677	498
2	2678	380
2	2678	951
2	2679	628
2	2680	140
2	2680	313
2	2681	1
2	2681	293
2	2683	143
2	2685	18
2	2685	200
2	2685	681
2	2686	249
2	2686	733
2	2687	368
2	2688	466
2	2688	999
2	2689	71
2	2692	1000
2	2693	465
2	2693	970
2	2694	77
2	2694	320
2	2696	434
2	2698	602
2	2699	332
2	2702	74
2	2702	556
2	2703	501
2	2704	514
2	2705	559
2	2705	913
2	2706	447
2	2706	598
2	2707	381
2	2707	719
2	2708	76
2	2710	674
2	2710	764
2	2711	468
2	2711	703
2	2711	935
2	2712	133
2	2712	833
2	2713	315
2	2714	345
2	2714	918
2	2715	731
2	2716	192
2	2716	493
2	2716	696
2	2716	860
2	2716	928
2	2717	470
2	2717	761
2	2717	900
2	2721	791
2	2722	43
2	2722	358
2	2723	488
2	2725	295
2	2726	259
2	2727	546
2	2728	195
2	2730	127
2	2730	620
2	2731	865
2	2732	84
2	2732	189
2	2732	853
2	2734	10
2	2734	323
2	2734	644
2	2735	382
2	2738	106
2	2741	518
2	2741	540
2	2742	95
2	2743	495
2	2743	854
2	2744	272
2	2745	147
2	2745	391
2	2748	58
2	2748	977
2	2749	458
2	2749	629
2	2754	403
2	2754	467
2	2754	677
2	2755	223
2	2755	573
2	2757	125
2	2760	215
2	2760	357
2	2760	973
2	2761	898
2	2762	838
2	2763	34
2	2764	126
2	2764	756
2	2764	787
2	2765	41
2	2767	62
2	2768	610
2	2769	737
2	2769	958
2	2770	111
2	2770	302
2	2772	229
2	2772	712
2	2773	116
2	2773	253
2	2773	288
2	2774	996
2	2775	454
2	2776	790
2	2780	395
2	2781	338
2	2783	240
2	2783	446
2	2783	792
2	2784	7
2	2785	92
2	2785	305
2	2786	348
2	2788	406
2	2789	586
2	2790	738
2	2790	785
2	2791	718
2	2792	113
2	2794	327
2	2796	283
2	2797	276
2	2797	562
2	2798	30
2	2798	179
2	2801	684
2	2801	779
2	2803	255
2	2803	545
2	2804	310
2	2805	472
2	2805	569
2	2805	977
2	2808	57
2	2808	184
2	2808	208
2	2809	973
2	2810	494
2	2810	595
2	2811	267
2	2811	479
2	2814	132
2	2814	901
2	2815	286
2	2816	36
2	2817	135
2	2817	752
2	2818	291
2	2820	148
2	2820	529
2	2821	294
2	2821	911
2	2822	692
2	2824	879
2	2825	950
2	2826	688
2	2827	60
2	2827	317
2	2828	54
2	2828	250
2	2829	209
2	2829	289
2	2829	701
2	2829	930
2	2830	512
2	2831	730
2	2834	170
2	2834	261
2	2834	277
2	2835	376
2	2837	393
2	2837	704
2	2840	734
2	2841	428
2	2842	101
2	2844	522
2	2844	570
2	2844	778
2	2845	268
2	2846	705
2	2849	47
2	2850	552
2	2851	362
2	2852	419
2	2852	853
2	2852	925
2	2856	27
2	2857	312
2	2860	46
2	2861	463
2	2861	486
2	2862	788
2	2862	904
2	2863	95
2	2863	872
2	2866	773
2	2867	296
2	2868	372
2	2869	628
2	2872	842
2	2874	111
2	2878	352
2	2879	543
2	2881	499
2	2881	679
2	2882	89
2	2884	631
2	2885	439
2	2886	358
2	2886	757
2	2887	861
2	2889	193
2	2890	299
2	2895	605
2	2897	600
2	2901	269
2	2902	19
2	2902	75
2	2903	588
2	2904	606
2	2905	228
2	2905	801
2	2908	68
2	2908	549
2	2908	926
2	2912	542
2	2913	787
2	2914	906
2	2915	37
2	2915	708
2	2916	22
2	2916	94
2	2916	622
2	2917	169
2	2918	331
2	2918	687
2	2919	417
2	2919	435
2	2920	218
2	2920	220
2	2921	295
2	2921	442
2	2921	608
2	2922	578
2	2924	582
2	2925	50
2	2925	399
2	2925	430
2	2926	495
2	2929	402
2	2929	509
2	2930	556
2	2930	594
2	2931	206
2	2932	281
2	2933	222
2	2933	251
2	2933	398
2	2933	443
2	2933	677
2	2933	735
2	2933	785
2	2934	166
2	2936	639
2	2936	719
2	2938	320
2	2939	152
2	2939	694
2	2941	142
2	2942	158
2	2942	653
2	2942	731
2	2945	211
2	2945	244
2	2945	984
2	2946	544
2	2948	138
2	2948	194
2	2950	146
2	2950	214
2	2950	989
2	2951	396
2	2952	369
2	2952	580
2	2952	799
2	2953	243
2	2953	311
2	2955	489
2	2955	583
2	2958	339
2	2958	755
2	2958	849
2	2959	274
2	2959	780
2	2960	522
2	2961	24
2	2961	576
2	2961	629
2	2962	141
2	2962	413
2	2967	383
2	2968	502
2	2969	160
2	2970	62
2	2970	550
2	2971	39
2	2971	215
2	2971	233
2	2974	368
2	2975	964
2	2976	960
2	2979	655
2	2980	131
2	2980	470
2	2982	157
2	2982	646
2	2985	164
2	2985	264
2	2986	42
2	2986	644
2	2987	180
2	2987	743
2	2988	297
2	2988	306
2	2988	326
2	2989	579
2	2990	763
2	2991	341
2	2992	577
2	2993	35
2	2993	458
2	2996	232
2	2997	315
2	2999	229
2	3001	277
2	3003	477
2	3003	530
2	3004	968
2	3008	547
2	3009	77
2	3011	221
2	3011	400
2	3011	732
2	3011	895
2	3012	248
2	3013	41
2	3013	510
2	3014	34
2	3015	271
2	3015	569
2	3015	893
2	3018	291
2	3019	285
2	3021	176
2	3021	632
2	3023	71
2	3023	909
2	3025	725
2	3028	173
2	3028	323
2	3030	471
2	3032	490
2	3033	899
2	3034	252
2	3035	788
2	3036	260
2	3039	469
2	3040	78
2	3040	389
2	3041	98
2	3041	115
2	3043	237
2	3044	696
2	3044	747
2	3045	445
2	3046	494
2	3046	606
2	3047	836
2	3048	324
2	3048	779
2	3050	196
2	3052	729
2	3053	474
2	3054	29
2	3054	447
2	3054	560
2	3055	255
2	3058	493
2	3059	103
2	3059	125
2	3059	213
2	3059	650
2	3059	832
2	3062	877
2	3062	888
2	3063	446
2	3067	122
2	3067	812
2	3069	358
2	3069	762
2	3071	81
2	3071	189
2	3071	514
2	3072	346
2	3073	625
2	3074	139
2	3074	958
2	3075	44
2	3078	636
2	3079	73
2	3079	198
2	3079	412
2	3079	444
2	3081	825
2	3083	343
2	3083	921
2	3084	649
2	3086	290
2	3086	350
2	3086	406
2	3086	532
2	3086	673
2	3087	179
2	3087	482
2	3088	594
2	3089	464
2	3089	549
2	3090	590
2	3092	357
2	3092	551
2	3092	643
2	3094	387
2	3094	422
2	3095	373
2	3096	910
2	3096	959
2	3097	712
2	3097	949
2	3098	178
2	3101	36
2	3101	199
2	3101	203
2	3101	440
2	3101	668
2	3102	195
2	3102	421
2	3102	872
2	3104	681
2	3105	258
2	3106	460
2	3106	587
2	3106	980
2	3107	107
2	3107	876
2	3108	363
2	3108	397
2	3108	462
2	3108	529
2	3109	61
2	3109	96
2	3109	585
2	3111	416
2	3111	669
2	3113	334
2	3113	423
2	3113	589
2	3114	563
2	3114	639
2	3117	60
2	3117	901
2	3120	880
2	3121	313
2	3124	65
2	3124	349
2	3125	953
2	3126	133
2	3126	847
2	3127	597
2	3128	380
2	3129	515
2	3132	101
2	3134	699
2	3135	759
2	3136	72
2	3136	591
2	3137	43
2	3137	123
2	3138	150
2	3138	720
2	3141	240
2	3143	676
2	3144	169
2	3145	42
2	3145	264
2	3145	535
2	3145	971
2	3147	136
2	3149	472
2	3149	537
2	3149	550
2	3150	344
2	3150	457
2	3150	733
2	3150	770
2	3151	374
2	3152	779
2	3152	831
2	3154	622
2	3156	467
2	3158	506
2	3159	799
2	3160	239
2	3160	600
2	3160	865
2	3161	59
2	3161	642
2	3161	685
2	3161	918
2	3162	266
2	3162	577
2	3163	218
2	3163	326
2	3163	521
2	3164	75
2	3164	295
2	3165	118
2	3166	484
2	3167	754
2	3168	110
2	3168	348
2	3169	21
2	3169	236
2	3169	593
2	3171	306
2	3172	302
2	3172	711
2	3173	459
2	3173	632
2	3179	2
2	3180	826
2	3181	180
2	3181	677
2	3183	172
2	3185	411
2	3185	454
2	3186	409
2	3186	890
2	3187	458
2	3187	682
2	3187	800
2	3187	954
2	3188	293
2	3188	840
2	3189	455
2	3190	63
2	3190	449
2	3191	453
2	3193	89
2	3193	750
2	3195	170
2	3195	434
2	3196	576
2	3197	640
2	3198	175
2	3199	6
2	3199	546
2	3201	214
2	3202	225
2	3203	652
2	3204	147
2	3204	545
2	3205	148
2	3205	385
2	3205	875
2	3206	895
2	3208	342
2	3209	969
2	3210	583
2	3212	329
2	3212	559
2	3213	102
2	3213	899
2	3214	337
2	3214	796
2	3215	234
2	3215	273
2	3216	427
2	3217	336
2	3218	471
2	3220	435
2	3222	774
2	3222	941
2	3223	377
2	3224	115
2	3224	400
2	3224	479
2	3227	168
2	3227	862
2	3228	9
2	3228	79
2	3228	524
2	3229	242
2	3229	674
2	3233	633
2	3234	738
2	3235	371
2	3236	864
2	3238	194
2	3239	156
2	3239	736
2	3241	837
2	3244	842
2	3245	87
2	3245	442
2	3245	476
2	3245	756
2	3245	836
2	3247	417
2	3247	502
2	3249	727
2	3250	806
2	3251	408
2	3252	144
2	3253	494
2	3253	812
2	3254	731
2	3255	573
2	3256	532
2	3259	37
2	3259	88
2	3260	40
2	3260	853
2	3260	882
2	3263	249
2	3263	252
2	3264	845
2	3265	665
2	3265	700
2	3266	263
2	3267	215
2	3267	399
2	3268	883
2	3269	935
2	3270	616
2	3270	636
2	3271	188
2	3271	948
2	3272	939
2	3273	394
2	3275	68
2	3275	74
2	3276	49
2	3276	403
2	3276	684
2	3277	401
2	3278	212
2	3278	504
2	3279	902
2	3280	582
2	3281	279
2	3284	91
2	3284	603
2	3285	250
2	3286	248
2	3286	375
2	3291	312
2	3291	763
2	3292	486
2	3292	698
2	3294	485
2	3294	556
2	3294	619
2	3294	989
2	3295	153
2	3295	696
2	3295	969
2	3296	565
2	3296	755
2	3297	860
2	3298	24
2	3298	100
2	3298	141
2	3298	962
2	3299	197
2	3299	318
2	3300	624
2	3300	793
2	3302	878
2	3304	72
2	3304	257
2	3304	271
2	3306	981
2	3307	441
2	3307	780
2	3310	939
2	3310	977
2	3311	253
2	3312	231
2	3312	744
2	3315	824
2	3318	388
2	3318	392
2	3319	93
2	3319	620
2	3319	653
2	3320	422
2	3325	45
2	3326	117
2	3326	232
2	3326	995
2	3327	166
2	3327	331
2	3328	34
2	3329	108
2	3330	623
2	3331	787
2	3332	69
2	3334	990
2	3335	129
2	3335	926
2	3336	804
2	3337	604
2	3338	585
2	3339	929
2	3340	136
2	3340	730
2	3341	907
2	3342	192
2	3344	961
2	3345	444
2	3346	47
2	3346	241
2	3346	560
2	3346	650
2	3347	547
2	3347	882
2	3349	956
2	3349	957
2	3350	48
2	3350	361
2	3352	81
2	3353	99
2	3353	340
2	3354	265
2	3355	251
2	3356	511
2	3356	952
2	3358	15
2	3359	50
2	3359	942
2	3361	429
2	3363	654
2	3365	152
2	3366	133
2	3366	299
2	3366	564
2	3367	242
2	3367	339
2	3367	405
2	3367	431
2	3367	503
2	3369	436
2	3371	181
2	3371	523
2	3372	4
2	3372	311
2	3372	408
2	3372	664
2	3373	680
2	3374	223
2	3375	420
2	3375	509
2	3375	758
2	3377	51
2	3377	314
2	3378	423
2	3380	772
2	3382	114
2	3384	259
2	3384	714
2	3385	399
2	3387	411
2	3388	352
2	3390	816
2	3391	107
2	3392	729
2	3393	147
2	3394	658
2	3394	791
2	3395	325
2	3396	26
2	3397	895
2	3398	665
2	3400	101
2	3401	53
2	3401	857
2	3402	524
2	3403	19
2	3405	65
2	3405	938
2	3406	759
2	3408	724
2	3409	639
2	3410	452
2	3410	941
2	3411	533
2	3412	367
2	3412	751
2	3414	632
2	3416	537
2	3419	13
2	3419	270
2	3419	427
2	3419	903
2	3420	557
2	3421	297
2	3421	649
2	3422	588
2	3422	753
2	3423	273
2	3425	146
2	3425	184
2	3425	347
2	3427	434
2	3427	468
2	3428	89
2	3428	344
2	3429	553
2	3429	674
2	3429	863
2	3430	75
2	3430	186
2	3430	294
2	3430	684
2	3430	726
2	3431	196
2	3431	683
2	3432	592
2	3433	709
2	3434	46
2	3436	698
2	3437	363
2	3437	602
2	3438	159
2	3439	626
2	3440	419
2	3441	193
2	3441	542
2	3441	720
2	3442	243
2	3444	491
2	3445	165
2	3445	212
2	3445	633
2	3448	647
2	3448	970
2	3450	384
2	3451	201
2	3451	462
2	3453	646
2	3456	603
2	3457	142
2	3458	150
2	3459	447
2	3460	607
2	3461	79
2	3461	230
2	3462	377
2	3462	721
2	3463	148
2	3466	464
2	3469	526
2	3469	552
2	3469	700
2	3469	972
2	3470	938
2	3471	550
2	3471	578
2	3472	162
2	3472	695
2	3472	816
2	3472	817
2	3472	823
2	3475	319
2	3476	916
2	3478	728
2	3481	508
2	3481	977
2	3484	618
2	3485	260
2	3487	449
2	3488	496
2	3489	76
2	3489	864
2	3490	40
2	3490	183
2	3491	286
2	3491	397
2	3493	131
2	3493	499
2	3494	86
2	3495	205
2	3496	252
2	3496	379
2	3498	268
2	3498	407
2	3499	164
2	3500	992
2	3501	32
2	3502	967
2	3504	792
2	3504	840
2	3505	329
2	3506	978
2	3508	59
2	3508	365
2	3508	784
2	3509	277
2	3509	778
2	3510	535
2	3512	574
2	3513	323
2	3513	757
2	3515	768
2	3516	56
2	3516	823
2	3518	88
2	3518	722
2	3519	661
2	3520	701
2	3521	355
2	3522	554
2	3522	670
2	3523	132
2	3524	123
2	3524	789
2	3525	736
2	3527	513
2	3527	703
2	3529	864
2	3531	8
2	3531	473
2	3531	549
2	3531	570
2	3531	640
2	3531	761
2	3532	783
2	3533	182
2	3533	584
2	3534	158
2	3535	43
2	3536	359
2	3536	503
2	3536	659
2	3537	788
2	3538	267
2	3538	437
2	3539	681
2	3540	351
2	3540	652
2	3540	732
2	3540	739
2	3542	311
2	3542	525
2	3542	627
2	3543	380
2	3544	304
2	3545	53
2	3545	548
2	3548	333
2	3549	619
2	3550	402
2	3550	413
2	3550	547
2	3550	656
2	3550	660
2	3551	221
2	3551	401
2	3551	546
2	3553	18
2	3553	178
2	3553	354
2	3554	44
2	3554	432
2	3555	442
2	3556	93
2	3557	217
2	3557	314
2	3558	269
2	3558	386
2	3558	921
2	3559	137
2	3559	469
2	3559	704
2	3559	798
2	3560	62
2	3560	782
2	3561	694
2	3564	117
2	3564	439
2	3565	185
2	3566	756
2	3566	982
2	3567	236
2	3568	501
2	3569	253
2	3569	388
2	3570	128
2	3571	91
2	3571	745
2	3572	251
2	3572	797
2	3573	42
2	3574	11
2	3575	666
2	3576	27
2	3576	113
2	3576	220
2	3576	760
2	3576	898
2	3576	972
2	3577	539
2	3577	635
2	3578	944
2	3580	151
2	3580	169
2	3582	949
2	3585	232
2	3585	492
2	3585	735
2	3585	744
2	3587	391
2	3587	841
2	3587	997
2	3589	536
2	3590	119
2	3590	842
2	3592	966
2	3596	96
2	3596	334
2	3597	581
2	3598	612
2	3599	568
2	3599	845
2	3601	462
2	3603	874
2	3604	960
2	3605	497
2	3606	543
2	3607	102
2	3607	120
2	3607	431
2	3610	293
2	3614	175
2	3615	246
2	3617	144
2	3617	931
2	3618	226
2	3618	758
2	3619	357
2	3620	234
2	3620	368
2	3621	924
2	3623	961
2	3624	933
2	3625	637
2	3626	648
2	3629	108
2	3629	803
2	3630	791
2	3630	893
2	3631	98
2	3631	139
2	3631	327
2	3633	918
2	3636	235
2	3636	376
2	3636	461
2	3640	948
2	3641	201
2	3645	13
2	3647	874
2	3649	187
2	3649	609
2	3649	751
2	3653	283
2	3653	445
2	3654	975
2	3657	820
2	3658	39
2	3659	770
2	3659	801
2	3660	140
2	3661	165
2	3661	837
2	3662	565
2	3663	46
2	3663	968
2	3664	679
2	3665	86
2	3666	82
2	3666	505
2	3666	550
2	3667	68
2	3668	452
2	3668	785
2	3669	616
2	3669	883
2	3670	531
2	3671	263
2	3671	859
2	3672	50
2	3673	424
2	3675	480
2	3676	78
2	3676	79
2	3676	534
2	3677	73
2	3677	752
2	3677	1000
2	3678	284
2	3678	559
2	3679	605
2	3680	755
2	3682	76
2	3682	94
2	3683	494
2	3684	447
2	3685	663
2	3685	686
2	3685	978
2	3687	747
2	3688	440
2	3689	707
2	3689	733
2	3690	734
2	3691	725
2	3691	741
2	3692	190
2	3692	398
2	3692	523
2	3693	3
2	3695	390
2	3696	331
2	3696	906
2	3696	958
2	3697	19
2	3698	448
2	3699	290
2	3699	753
2	3700	84
2	3703	33
2	3703	766
2	3705	471
2	3705	793
2	3705	887
2	3706	209
2	3707	762
2	3708	769
2	3710	746
2	3711	638
2	3712	930
2	3715	257
2	3715	435
2	3717	278
2	3717	316
2	3722	213
2	3722	270
2	3722	730
2	3724	393
2	3724	743
2	3725	90
2	3725	307
2	3726	255
2	3726	848
2	3727	960
2	3728	194
2	3729	315
2	3730	30
2	3730	145
2	3730	841
2	3731	172
2	3731	417
2	3732	392
2	3733	402
2	3734	217
2	3734	291
2	3735	783
2	3735	870
2	3737	246
2	3739	705
2	3740	367
2	3742	258
2	3742	281
2	3745	61
2	3745	218
2	3745	504
2	3745	957
2	3746	43
2	3747	860
2	3747	968
2	3748	219
2	3748	594
2	3750	364
2	3751	152
2	3753	345
2	3754	544
2	3754	606
2	3755	81
2	3756	42
2	3757	541
2	3757	842
2	3760	57
2	3761	745
2	3762	408
2	3763	154
2	3764	93
2	3764	934
2	3765	114
2	3766	750
2	3768	387
2	3768	613
2	3769	482
2	3769	592
2	3771	147
2	3772	175
2	3772	462
2	3772	562
2	3772	825
2	3773	950
2	3774	241
2	3774	596
2	3774	694
2	3775	898
2	3777	374
2	3777	739
2	3778	103
2	3778	253
2	3779	513
2	3779	576
2	3781	337
2	3782	672
2	3783	588
2	3784	779
2	3785	162
2	3785	507
2	3786	351
2	3786	525
2	3787	889
2	3788	652
2	3789	366
2	3789	451
2	3789	624
2	3790	112
2	3790	418
2	3790	458
2	3792	18
2	3792	244
2	3792	685
2	3794	361
2	3795	395
2	3796	195
2	3797	422
2	3798	444
2	3798	758
2	3800	330
2	3800	615
2	3801	373
2	3802	106
2	3802	233
2	3804	414
2	3804	994
2	3805	182
2	3805	226
2	3806	89
2	3806	727
2	3806	964
2	3807	587
2	3808	55
2	3808	521
2	3809	99
2	3813	465
2	3814	67
2	3814	349
2	3815	683
2	3816	412
2	3819	247
2	3819	634
2	3820	776
2	3821	388
2	3821	527
2	3825	788
2	3826	572
2	3827	803
2	3828	47
2	3828	627
2	3829	449
2	3830	706
2	3830	787
2	3831	318
2	3831	323
2	3831	682
2	3832	545
2	3833	7
2	3833	298
2	3833	597
2	3834	133
2	3834	204
2	3834	251
2	3836	768
2	3838	180
2	3838	225
2	3841	60
2	3841	560
2	3841	723
2	3842	932
2	3844	517
2	3845	267
2	3845	625
2	3845	954
2	3847	611
2	3848	346
2	3852	503
2	3852	608
2	3853	95
2	3853	603
2	3854	192
2	3854	198
2	3857	205
2	3857	623
2	3857	726
2	3857	781
2	3859	782
2	3860	58
2	3860	127
2	3860	365
2	3861	191
2	3861	804
2	3863	288
2	3863	720
2	3864	273
2	3864	922
2	3865	8
2	3869	951
2	3869	986
2	3871	125
2	3871	853
2	3872	468
2	3872	862
2	3873	636
2	3874	399
2	3874	529
2	3875	678
2	3877	129
2	3877	196
2	3877	976
2	3880	9
2	3880	519
2	3881	24
2	3881	579
2	3881	932
2	3883	640
2	3885	44
2	3887	464
2	3889	203
2	3889	705
2	3891	174
2	3891	474
2	3895	605
2	3899	169
2	3899	690
2	3900	113
2	3900	357
2	3901	138
2	3901	689
2	3901	777
2	3902	42
2	3902	315
2	3902	372
2	3902	586
2	3903	301
2	3905	69
2	3905	439
2	3906	642
2	3906	734
2	3906	800
2	3907	558
2	3908	653
2	3910	651
2	3910	827
2	3912	647
2	3912	657
2	3912	724
2	3913	382
2	3913	510
2	3913	872
2	3915	118
2	3915	583
2	3915	835
2	3918	488
2	3919	406
2	3919	820
2	3921	778
2	3923	177
2	3924	364
2	3924	670
2	3928	4
2	3928	322
2	3928	492
2	3930	83
2	3933	272
2	3935	3
2	3936	98
2	3936	618
2	3937	224
2	3938	617
2	3939	377
2	3940	745
2	3941	263
2	3942	360
2	3942	490
2	3943	452
2	3943	479
2	3943	919
2	3944	590
2	3946	134
2	3946	509
2	3948	160
2	3948	330
2	3952	21
2	3952	105
2	3952	355
2	3953	296
2	3954	695
2	3955	531
2	3955	672
2	3956	620
2	3957	727
2	3957	849
2	3957	969
2	3960	515
2	3962	571
2	3963	662
2	3964	577
2	3965	165
2	3966	40
2	3966	114
2	3966	131
2	3967	614
2	3970	520
2	3971	508
2	3971	719
2	3972	78
2	3972	211
2	3972	486
2	3972	499
2	3972	643
2	3973	210
2	3974	417
2	3976	275
2	3976	354
2	3977	226
2	3977	289
2	3978	262
2	3979	738
2	3980	958
2	3981	187
2	3981	220
2	3981	426
2	3981	771
2	3984	469
2	3989	457
2	3989	601
2	3990	309
2	3990	481
2	3990	506
2	3995	570
2	3996	71
2	3998	612
2	3999	161
2	3999	567
2	4000	86
2	4000	781
2	4001	706
2	4001	729
2	4002	222
2	4002	345
2	4002	812
2	4006	214
2	4006	522
2	4006	606
2	4008	255
2	4008	873
2	4008	894
2	4009	603
2	4010	128
2	4010	144
2	4012	66
2	4012	172
2	4012	431
2	4015	335
2	4016	34
2	4017	132
2	4018	101
2	4018	176
2	4018	259
2	4022	286
2	4023	430
2	4024	711
2	4025	694
2	4026	348
2	4026	665
2	4026	688
2	4027	52
2	4027	170
2	4030	274
2	4032	864
2	4033	248
2	4033	648
2	4033	658
2	4034	773
2	4035	342
2	4037	541
2	4038	269
2	4038	619
2	4039	7
2	4040	312
2	4041	102
2	4041	371
2	4043	365
2	4043	550
2	4044	63
2	4045	338
2	4045	455
2	4046	168
2	4046	564
2	4046	877
2	4047	310
2	4047	805
2	4048	924
2	4051	77
2	4052	284
2	4054	244
2	4054	538
2	4054	939
2	4055	395
2	4056	444
2	4056	482
2	4057	671
2	4059	207
2	4059	303
2	4060	163
2	4061	726
2	4062	150
2	4066	12
2	4067	221
2	4067	242
2	4068	559
2	4069	180
2	4069	717
2	4071	37
2	4071	845
2	4071	917
2	4072	70
2	4073	18
2	4073	53
2	4073	245
2	4074	123
2	4075	73
2	4075	513
2	4076	13
2	4077	129
2	4077	271
2	4077	599
2	4078	780
2	4078	876
2	4080	622
2	4081	9
2	4082	724
2	4085	438
2	4085	962
2	4089	517
2	4092	879
2	4092	938
2	4094	280
2	4096	198
2	4097	48
2	4097	590
2	4098	484
2	4100	639
2	4101	604
2	4101	656
2	4101	809
2	4102	81
2	4102	650
2	4104	664
2	4105	45
2	4105	155
2	4105	890
2	4106	72
2	4107	414
2	4107	476
2	4108	502
2	4108	903
2	4109	463
2	4110	23
2	4110	979
2	4112	676
2	4112	989
2	4114	238
2	4114	872
2	4117	465
2	4117	745
2	4119	657
2	4120	56
2	4120	177
2	4121	784
2	4124	945
2	4125	495
2	4125	770
2	4127	722
2	4129	265
2	4130	253
2	4130	304
2	4133	702
2	4134	551
2	4134	617
2	4134	793
2	4136	400
2	4139	368
2	4140	264
2	4140	306
2	4141	204
2	4141	328
2	4141	645
2	4143	509
2	4143	769
2	4144	327
2	4146	213
2	4147	167
2	4148	210
2	4148	755
2	4149	447
2	4149	737
2	4151	372
2	4153	498
2	4153	545
2	4154	231
2	4155	872
2	4156	162
2	4156	558
2	4156	741
2	4157	767
2	4158	252
2	4159	555
2	4160	65
2	4161	626
2	4163	811
2	4164	313
2	4164	468
2	4164	969
2	4168	261
2	4168	692
2	4169	362
2	4169	386
2	4169	487
2	4169	677
2	4170	691
2	4170	794
2	4171	215
2	4171	223
2	4171	352
2	4172	354
2	4173	153
2	4175	776
2	4176	911
2	4178	21
2	4178	148
2	4179	290
2	4179	649
2	4179	781
2	4180	999
2	4181	772
2	4182	171
2	4183	76
2	4184	14
2	4185	66
2	4185	226
2	4185	272
2	4185	533
2	4189	196
2	4189	515
2	4190	114
2	4190	605
2	4192	926
2	4193	630
2	4193	641
2	4194	301
2	4196	351
2	4196	578
2	4197	320
2	4198	257
2	4198	777
2	4199	381
2	4200	530
2	4202	11
2	4202	60
2	4202	779
2	4203	165
2	4203	312
2	4203	462
2	4204	135
2	4204	260
2	4204	572
2	4205	129
2	4206	96
2	4206	234
2	4207	247
2	4208	469
2	4211	402
2	4211	931
2	4212	136
2	4212	239
2	4212	342
2	4212	790
2	4213	789
2	4217	524
2	4218	382
2	4219	262
2	4219	303
2	4223	613
2	4225	937
2	4228	733
2	4229	245
2	4230	105
2	4230	467
2	4231	472
2	4231	710
2	4232	146
2	4235	457
2	4236	36
2	4236	473
2	4239	977
2	4240	22
2	4240	111
2	4241	116
2	4241	384
2	4241	528
2	4242	364
2	4242	746
2	4243	156
2	4244	187
2	4245	497
2	4246	440
2	4247	456
2	4247	786
2	4247	968
2	4248	80
2	4248	438
2	4248	838
2	4249	618
2	4250	651
2	4251	542
2	4251	822
2	4252	560
2	4253	575
2	4254	249
2	4254	900
2	4255	359
2	4255	811
2	4255	924
2	4257	953
2	4258	540
2	4259	333
2	4259	946
2	4262	140
2	4263	256
2	4263	424
2	4264	707
2	4267	318
2	4267	355
2	4268	168
2	4268	396
2	4268	483
2	4268	834
2	4269	664
2	4270	84
2	4270	595
2	4271	144
2	4271	603
2	4272	693
2	4272	780
2	4274	289
2	4279	593
2	4279	878
2	4279	942
2	4283	35
2	4283	214
2	4283	297
2	4286	539
2	4287	208
2	4287	417
2	4287	807
2	4289	79
2	4291	46
2	4292	863
2	4294	264
2	4294	349
2	4294	517
2	4296	791
2	4297	64
2	4297	401
2	4298	278
2	4298	279
2	4298	484
2	4299	427
2	4300	703
2	4300	867
2	4302	209
2	4307	275
2	4307	407
2	4309	658
2	4310	394
2	4310	755
2	4310	759
2	4310	964
2	4311	974
2	4312	434
2	4314	82
2	4314	679
2	4315	612
2	4315	795
2	4317	715
2	4317	877
2	4319	889
2	4320	32
2	4320	108
2	4321	192
2	4323	50
2	4323	63
2	4324	215
2	4324	446
2	4324	642
2	4325	305
2	4325	366
2	4325	718
2	4325	955
2	4326	226
2	4326	985
2	4327	329
2	4328	820
2	4329	181
2	4329	668
2	4330	584
2	4331	286
2	4333	147
2	4333	745
2	4333	817
2	4334	94
2	4334	724
2	4334	890
2	4336	485
2	4336	604
2	4338	238
2	4339	195
2	4339	792
2	4340	458
2	4341	117
2	4341	636
2	4342	731
2	4344	573
2	4345	91
2	4345	775
2	4346	327
2	4347	726
2	4348	194
2	4348	772
2	4349	370
2	4350	919
2	4351	565
2	4352	662
2	4353	356
2	4353	479
2	4353	631
2	4354	149
2	4354	516
2	4355	97
2	4355	373
2	4356	259
2	4356	400
2	4357	351
2	4358	26
2	4359	611
2	4359	937
2	4360	316
2	4361	674
2	4362	298
2	4362	617
2	4362	626
2	4364	788
2	4365	435
2	4366	648
2	4367	570
2	4369	309
2	4369	450
2	4371	389
2	4372	300
2	4373	199
2	4374	569
2	4375	160
2	4376	492
2	4379	263
2	4379	950
2	4380	1
2	4380	125
2	4380	292
2	4383	383
2	4383	550
2	4383	675
2	4385	905
2	4386	72
2	4387	643
2	4389	4
2	4390	849
2	4393	780
2	4394	832
2	4395	534
2	4396	408
2	4397	130
2	4397	261
2	4397	422
2	4397	690
2	4397	880
2	4397	887
2	4398	41
2	4398	65
2	4399	141
2	4399	324
2	4400	939
2	4401	768
2	4401	942
2	4403	461
2	4404	706
2	4407	59
2	4407	981
2	4408	126
2	4408	188
2	4409	493
2	4409	747
2	4410	520
2	4411	250
2	4411	322
2	4412	288
2	4414	391
2	4414	596
2	4415	45
2	4417	121
2	4417	605
2	4418	746
2	4419	694
2	4420	317
2	4421	448
2	4422	152
2	4422	653
2	4423	518
2	4423	551
2	4423	853
2	4425	114
2	4425	729
2	4429	157
2	4429	890
2	4430	11
2	4430	196
2	4430	979
2	4432	652
2	4433	39
2	4433	210
2	4433	719
2	4434	579
2	4436	627
2	4437	540
2	4437	676
2	4439	395
2	4439	411
2	4440	872
2	4441	240
2	4441	994
2	4442	99
2	4442	430
2	4442	526
2	4443	55
2	4443	566
2	4444	868
2	4446	603
2	4448	313
2	4448	455
2	4449	827
2	4450	681
2	4452	56
2	4453	267
2	4455	406
2	4455	456
2	4456	425
2	4457	512
2	4460	633
2	4461	254
2	4463	93
2	4464	552
2	4464	705
2	4465	186
2	4465	403
2	4466	490
2	4466	907
2	4469	172
2	4469	486
2	4470	338
2	4472	828
2	4473	315
2	4475	314
2	4475	607
2	4476	572
2	4477	67
2	4477	162
2	4477	587
2	4477	873
2	4478	591
2	4480	197
2	4480	630
2	4482	6
2	4482	367
2	4484	103
2	4484	220
2	4485	914
2	4487	344
2	4487	409
2	4487	802
2	4488	151
2	4489	559
2	4489	702
2	4492	343
2	4494	865
2	4496	195
2	4497	399
2	4498	691
2	4500	296
2	4501	404
2	4501	472
2	4501	593
2	4501	632
2	4503	27
2	4504	701
2	4505	49
2	4506	10
2	4507	299
2	4507	396
2	4507	502
2	4508	106
2	4510	185
2	4512	208
2	4512	291
2	4513	541
2	4513	766
2	4516	24
2	4516	110
2	4516	361
2	4516	619
2	4516	810
2	4518	650
2	4519	280
2	4519	465
2	4520	239
2	4520	783
2	4520	784
2	4522	194
2	4523	458
2	4523	507
2	4524	523
2	4524	565
2	4524	738
2	4526	400
2	4526	509
2	4527	863
2	4528	886
2	4530	230
2	4534	304
2	4535	261
2	4537	129
2	4537	364
2	4537	371
2	4539	83
2	4539	443
2	4540	548
2	4540	723
2	4541	803
2	4543	419
2	4546	525
2	4546	612
2	4547	245
2	4547	276
2	4547	377
2	4549	104
2	4549	656
2	4550	79
2	4550	637
2	4551	303
2	4551	389
2	4552	35
2	4552	293
2	4553	497
2	4555	982
2	4556	555
2	4557	13
2	4557	791
2	4559	709
2	4560	227
2	4561	285
2	4563	136
2	4563	341
2	4564	570
2	4565	300
2	4565	934
2	4566	86
2	4566	142
2	4566	608
2	4568	236
2	4568	648
2	4569	531
2	4570	609
2	4570	995
2	4577	432
2	4579	792
2	4579	812
2	4582	297
2	4582	634
2	4584	676
2	4585	546
2	4586	487
2	4587	460
2	4588	441
2	4591	615
2	4591	741
2	4593	716
2	4593	728
2	4594	828
2	4595	491
2	4595	505
2	4595	529
2	4596	274
2	4596	410
2	4596	503
2	4598	606
2	4599	247
2	4601	320
2	4602	175
2	4605	52
2	4605	745
2	4606	756
2	4607	4
2	4609	434
2	4609	468
2	4609	706
2	4610	311
2	4611	845
2	4612	680
2	4613	571
2	4615	282
2	4616	827
2	4619	41
2	4619	360
2	4619	411
2	4619	849
2	4623	524
2	4623	626
2	4626	338
2	4626	641
2	4627	150
2	4627	651
2	4627	929
2	4628	319
2	4628	321
2	4630	412
2	4631	356
2	4631	738
2	4632	990
2	4633	15
2	4634	65
2	4634	440
2	4635	347
2	4635	350
2	4636	799
2	4637	554
2	4639	442
2	4640	340
2	4640	370
2	4640	620
2	4643	430
2	4645	205
2	4645	427
2	4648	208
2	4649	533
2	4652	249
2	4652	736
2	4654	369
2	4655	25
2	4655	224
2	4655	292
2	4655	378
2	4657	384
2	4657	729
2	4660	858
2	4662	253
2	4662	734
2	4663	444
2	4664	81
2	4665	743
2	4666	231
2	4667	21
2	4667	260
2	4667	359
2	4667	549
2	4669	18
2	4669	229
2	4670	43
2	4670	375
2	4670	679
2	4672	631
2	4672	759
2	4673	62
2	4673	278
2	4673	894
2	4674	195
2	4677	329
2	4677	522
2	4678	563
2	4678	607
2	4678	814
2	4680	920
2	4682	495
2	4683	1
2	4684	26
2	4684	493
2	4684	580
2	4685	39
2	4685	148
2	4685	324
2	4687	732
2	4688	941
2	4690	57
2	4691	471
2	4691	479
2	4691	993
2	4692	105
2	4693	433
2	4694	540
2	4694	809
2	4696	101
2	4697	692
2	4699	921
2	4701	577
2	4702	772
2	4704	144
2	4704	669
2	4705	846
2	4706	744
2	4707	284
2	4707	391
2	4713	635
2	4715	252
2	4715	934
2	4716	293
2	4717	390
2	4717	422
2	4719	146
2	4721	8
2	4721	445
2	4721	907
2	4722	659
2	4723	865
2	4724	605
2	4725	897
2	4728	333
2	4730	83
2	4731	400
2	4731	657
2	4732	54
2	4733	975
2	4735	161
2	4735	383
2	4735	604
2	4735	730
2	4737	254
2	4737	890
2	4739	242
2	4740	306
2	4741	301
2	4742	668
2	4743	137
2	4743	346
2	4743	745
2	4743	936
2	4748	597
2	4751	724
2	4752	326
2	4754	537
2	4754	769
2	4755	483
2	4755	687
2	4756	653
2	4759	261
2	4761	742
2	4762	589
2	4763	971
2	4764	1000
2	4765	221
2	4766	717
2	4768	13
2	4768	133
2	4768	330
2	4769	703
2	4771	364
2	4771	665
2	4772	320
2	4772	351
2	4774	265
2	4774	337
2	4775	986
2	4778	14
2	4778	485
2	4781	98
2	4781	205
2	4783	529
2	4784	74
2	4788	214
2	4794	502
2	4795	370
2	4795	535
2	4795	560
2	4796	92
2	4797	216
2	4797	285
2	4798	582
2	4799	165
2	4799	513
2	4802	367
2	4802	663
2	4803	325
2	4803	698
2	4804	58
2	4804	206
2	4804	695
2	4804	710
2	4805	672
2	4806	65
2	4806	868
2	4807	258
2	4808	240
2	4809	127
2	4810	486
2	4811	55
2	4811	193
2	4812	273
2	4813	48
2	4813	387
2	4816	437
2	4817	738
2	4818	524
2	4818	819
2	4818	965
2	4820	166
2	4820	783
2	4823	998
2	4824	167
2	4824	617
2	4826	25
2	4827	249
2	4827	477
2	4827	937
2	4827	1000
2	4831	229
2	4831	444
2	4831	711
2	4832	110
2	4832	353
2	4833	716
2	4834	634
2	4837	231
2	4837	434
2	4838	244
2	4838	323
2	4838	426
2	4838	499
2	4839	771
2	4841	230
2	4841	623
2	4844	328
2	4845	450
2	4845	838
2	4846	61
2	4846	832
2	4847	424
2	4847	449
2	4848	12
2	4849	636
2	4850	777
2	4853	36
2	4853	41
2	4853	86
2	4853	731
2	4854	913
2	4855	506
2	4856	327
2	4856	409
2	4857	267
2	4857	736
2	4858	458
2	4858	655
2	4858	708
2	4859	446
2	4860	586
2	4861	642
2	4861	810
2	4862	238
2	4862	875
2	4864	123
2	4864	178
2	4864	544
2	4865	81
2	4866	11
2	4867	45
2	4867	126
2	4867	192
2	4867	728
2	4869	404
2	4869	509
2	4869	719
2	4870	806
2	4871	257
2	4872	40
2	4872	890
2	4873	87
2	4873	343
2	4873	789
2	4874	693
2	4874	850
2	4874	971
2	4875	685
2	4875	737
2	4876	59
2	4877	442
2	4880	357
2	4881	134
2	4882	505
2	4882	947
2	4884	132
2	4884	168
2	4885	349
2	4886	303
2	4888	63
2	4888	183
2	4888	361
2	4889	316
2	4889	659
2	4891	786
2	4891	921
2	4893	185
2	4893	300
2	4894	563
2	4894	633
2	4895	345
2	4895	838
2	4895	940
2	4896	149
2	4896	386
2	4897	498
2	4897	522
2	4898	768
2	4900	355
2	4900	462
2	4901	32
2	4902	52
2	4903	107
2	4903	557
2	4904	220
2	4905	493
2	4905	628
2	4908	813
2	4909	577
2	4910	592
2	4910	916
2	4912	835
2	4912	998
2	4914	282
2	4914	653
2	4915	494
2	4915	697
2	4916	66
2	4917	680
2	4918	701
2	4918	779
2	4919	331
2	4921	290
2	4922	247
2	4923	274
2	4923	707
2	4924	539
2	4926	518
2	4926	589
2	4926	870
2	4928	500
2	4928	733
2	4929	836
2	4931	882
2	4932	773
2	4934	135
2	4935	751
2	4936	750
2	4937	101
2	4940	406
2	4941	341
2	4942	378
2	4943	233
2	4944	423
2	4947	453
2	4947	809
2	4948	121
2	4949	727
2	4949	841
2	4949	890
2	4950	9
2	4952	111
2	4952	877
2	4952	880
2	4954	208
2	4955	190
2	4955	385
2	4955	620
2	4957	72
2	4957	164
2	4957	780
2	4959	351
2	4961	629
2	4965	277
2	4966	421
2	4968	467
2	4968	573
2	4969	519
2	4969	686
2	4970	310
2	4971	325
2	4971	475
2	4971	726
2	4973	280
2	4974	136
2	4974	270
2	4975	120
2	4976	381
2	4977	683
2	4977	917
2	4979	548
2	4979	725
2	4979	857
2	4980	199
2	4981	115
2	4981	123
2	4985	69
2	4986	604
2	4986	644
2	4988	82
2	4988	788
2	4989	647
2	4989	831
2	4990	652
2	4992	196
2	4993	582
2	4994	354
2	4994	441
2	4994	849
2	4994	999
2	4995	77
2	4995	160
2	4996	242
2	4996	829
2	4998	609
2	4999	964
2	5000	551
2	5000	562
2	5000	855
