2	-1	0
2	1	973
2	2	254
2	3	51
2	3	979
2	5	707
2	7	622
2	8	233
2	9	354
2	10	211
2	10	759
2	10	1000
2	11	556
2	12	560
2	14	585
2	15	927
2	16	644
2	17	657
2	20	105
2	20	440
2	21	241
2	22	328
2	22	805
2	23	443
2	23	906
2	25	997
2	26	959
2	27	251
2	27	776
2	28	531
2	29	259
2	30	757
2	31	397
2	33	695
2	33	939
2	36	464
2	37	408
2	38	240
2	40	5
2	41	90
2	41	306
2	42	64
2	42	540
2	42	842
2	44	164
2	44	642
2	44	909
2	45	36
2	45	727
2	46	273
2	46	714
2	48	17
2	48	257
2	48	385
2	48	623
2	48	960
2	51	665
2	52	353
2	54	48
2	54	576
2	55	474
2	55	561
2	55	755
2	57	101
2	59	382
2	59	639
2	60	73
2	60	128
2	60	653
2	63	708
2	63	725
2	65	357
2	65	403
2	66	388
2	67	182
2	70	360
2	70	617
2	72	647
2	73	189
2	73	950
2	74	778
2	75	507
2	76	193
2	76	295
2	79	777
2	79	789
2	81	269
2	81	309
2	82	719
2	83	177
2	84	225
2	84	745
2	85	330
2	86	146
2	86	733
2	87	577
2	87	796
2	88	389
2	88	453
2	88	528
2	88	545
2	88	790
2	89	209
2	89	677
2	91	589
2	91	856
2	92	199
2	92	598
2	93	938
2	95	513
2	96	288
2	96	308
2	96	929
2	97	327
2	98	160
2	98	761
2	99	338
2	99	493
2	99	495
2	99	810
2	99	927
2	100	681
2	101	226
2	102	949
2	104	265
2	105	369
2	105	532
2	106	700
2	107	613
2	107	729
2	107	837
2	109	8
2	110	140
2	111	119
2	111	218
2	112	650
2	114	88
2	114	536
2	115	500
2	116	457
2	116	978
2	117	356
2	117	469
2	117	497
2	117	593
2	117	625
2	118	400
2	118	605
2	118	986
2	119	197
2	120	161
2	121	84
2	122	12
2	122	333
2	124	219
2	124	390
2	125	909
2	128	377
2	128	731
2	128	763
2	129	678
2	129	933
2	130	80
2	130	329
2	130	393
2	130	738
2	131	504
2	132	587
2	134	594
2	134	795
2	135	283
2	135	660
2	138	412
2	138	637
2	138	905
2	140	865
2	141	346
2	141	477
2	143	33
2	143	291
2	145	443
2	145	558
2	146	248
2	147	519
2	147	548
2	149	121
2	149	340
2	150	396
2	151	171
2	152	468
2	153	255
2	154	174
2	154	175
2	154	433
2	154	690
2	155	399
2	155	814
2	156	281
2	156	759
2	158	490
2	160	395
2	160	881
2	161	131
2	161	271
2	161	509
2	161	611
2	162	425
2	162	568
2	163	286
2	164	117
2	164	643
2	166	818
2	167	6
2	167	118
2	167	543
2	168	67
2	168	122
2	168	582
2	169	264
2	169	752
2	170	352
2	170	459
2	170	476
2	170	684
2	171	478
2	172	743
2	174	326
2	175	538
2	176	737
2	178	379
2	178	426
2	178	600
2	179	170
2	180	728
2	182	76
2	182	194
2	183	685
2	184	362
2	184	789
2	186	37
2	186	661
2	186	672
2	188	871
2	189	323
2	192	788
2	193	41
2	196	786
2	197	274
2	197	864
2	201	702
2	202	273
2	203	423
2	204	100
2	205	162
2	205	420
2	206	137
2	206	708
2	207	126
2	209	85
2	209	836
2	211	23
2	212	61
2	212	892
2	213	63
2	213	202
2	214	77
2	214	465
2	217	854
2	220	157
2	220	374
2	220	381
2	221	21
2	222	648
2	223	358
2	223	565
2	223	768
2	224	213
2	225	992
2	226	624
2	227	25
2	228	387
2	228	655
2	229	630
2	231	66
2	231	127
2	231	177
2	231	670
2	231	746
2	232	927
2	232	999
2	233	198
2	233	249
2	233	893
2	234	486
2	234	937
2	236	236
2	236	588
2	237	512
2	238	115
2	239	240
2	239	282
2	239	348
2	240	633
2	240	889
2	241	508
2	242	489
2	242	853
2	243	449
2	246	787
2	246	922
2	246	943
2	247	181
2	248	614
2	248	852
2	249	437
2	250	361
2	250	589
2	251	86
2	251	516
2	252	375
2	253	442
2	255	210
2	255	372
2	255	409
2	256	306
2	256	311
2	256	734
2	257	247
2	258	525
2	259	292
2	260	234
2	260	608
2	262	666
2	263	838
2	265	284
2	265	524
2	266	68
2	266	295
2	269	62
2	269	134
2	270	16
2	270	312
2	271	431
2	271	699
2	272	189
2	272	753
2	272	979
2	273	143
2	273	444
2	274	742
2	274	817
2	275	149
2	275	988
2	276	52
2	276	394
2	278	656
2	278	929
2	279	470
2	280	226
2	281	459
2	282	102
2	282	364
2	282	952
2	283	241
2	285	406
2	285	415
2	286	370
2	286	880
2	287	586
2	289	881
2	289	972
2	290	695
2	293	158
2	293	581
2	293	733
2	293	862
2	293	864
2	294	779
2	295	641
2	295	853
2	296	159
2	297	173
2	298	471
2	299	205
2	299	310
2	301	220
2	301	262
2	301	474
2	301	856
2	303	294
2	303	697
2	304	34
2	304	154
2	304	740
2	306	316
2	306	384
2	306	598
2	307	74
2	308	464
2	309	562
2	309	652
2	309	968
2	310	22
2	310	391
2	310	542
2	311	93
2	311	814
2	312	204
2	313	112
2	313	299
2	317	95
2	317	283
2	317	971
2	317	997
2	318	349
2	318	424
2	319	937
2	320	190
2	321	438
2	322	401
2	323	41
2	325	88
2	325	242
2	325	834
2	326	168
2	328	553
2	332	343
2	336	185
2	336	252
2	336	441
2	336	450
2	336	587
2	337	182
2	337	545
2	340	296
2	340	736
2	341	47
2	341	94
2	342	748
2	342	774
2	344	781
2	344	853
2	345	485
2	345	659
2	346	61
2	347	357
2	347	568
2	347	843
2	350	160
2	351	271
2	351	297
2	351	585
2	352	209
2	352	482
2	352	715
2	356	228
2	356	448
2	356	679
2	357	347
2	357	637
2	358	758
2	359	132
2	359	413
2	359	461
2	360	307
2	360	325
2	360	716
2	361	440
2	362	792
2	363	128
2	363	181
2	363	910
2	363	937
2	364	319
2	364	595
2	365	64
2	365	161
2	365	514
2	367	127
2	367	701
2	368	170
2	368	385
2	368	653
2	369	301
2	369	888
2	370	412
2	371	236
2	372	90
2	373	313
2	373	560
2	374	575
2	374	589
2	374	826
2	374	873
2	375	19
2	375	460
2	376	535
2	378	337
2	379	849
2	380	751
2	381	397
2	381	710
2	382	993
2	383	572
2	383	812
2	384	51
2	384	719
2	385	208
2	385	218
2	385	293
2	385	689
2	387	233
2	389	98
2	389	738
2	390	72
2	390	443
2	391	538
2	392	721
2	392	788
2	393	579
2	393	915
2	394	625
2	396	136
2	398	121
2	398	390
2	399	544
2	400	648
2	400	713
2	401	621
2	401	851
2	401	970
2	403	145
2	403	702
2	404	564
2	405	12
2	408	243
2	408	739
2	410	264
2	410	540
2	410	935
2	411	604
2	412	42
2	412	109
2	412	266
2	412	352
2	414	852
2	415	211
2	415	889
2	417	270
2	417	456
2	417	760
2	418	860
2	419	789
2	420	555
2	420	615
2	421	764
2	422	183
2	422	201
2	422	409
2	424	120
2	424	480
2	424	925
2	425	123
2	425	321
2	425	372
2	425	915
2	427	631
2	427	990
2	428	338
2	428	426
2	428	452
2	428	968
2	429	754
2	431	135
2	431	142
2	432	155
2	432	164
2	432	369
2	433	210
2	433	803
2	433	999
2	434	893
2	439	371
2	440	422
2	440	647
2	442	676
2	442	835
2	445	906
2	446	159
2	446	474
2	447	363
2	447	670
2	448	107
2	448	346
2	448	765
2	451	103
2	451	655
2	453	671
2	453	970
2	454	241
2	455	356
2	455	608
2	455	669
2	456	229
2	456	322
2	456	455
2	457	184
2	457	238
2	457	650
2	458	542
2	459	387
2	459	451
2	460	202
2	461	960
2	462	2
2	462	245
2	462	517
2	463	511
2	463	895
2	464	205
2	464	598
2	464	782
2	464	837
2	464	847
2	466	740
2	466	745
2	466	766
2	467	478
2	467	726
2	468	523
2	469	384
2	469	985
2	470	125
2	470	529
2	471	403
2	471	435
2	472	75
2	472	213
2	472	541
2	472	955
2	473	414
2	473	657
2	474	481
2	474	700
2	474	752
2	475	939
2	476	943
2	477	108
2	477	524
2	479	619
2	479	825
2	480	188
2	480	483
2	482	437
2	482	715
2	482	791
2	483	332
2	484	113
2	484	868
2	486	921
2	487	289
2	487	610
2	487	707
2	489	674
2	489	693
2	489	731
2	490	602
2	490	798
2	491	420
2	491	829
2	494	20
2	494	688
2	495	114
2	495	345
2	495	446
2	496	496
2	496	601
2	496	722
2	496	958
2	497	39
2	497	47
2	497	441
2	498	783
2	499	717
2	499	744
2	500	424
2	500	582
2	501	300
2	501	623
2	502	138
2	502	163
2	502	257
2	502	661
2	502	803
2	503	801
2	504	102
2	504	638
2	505	21
2	507	79
2	507	590
2	507	973
2	510	814
2	510	839
2	511	576
2	512	392
2	513	88
2	513	651
2	513	797
2	515	80
2	516	30
2	516	175
2	516	857
2	517	325
2	518	277
2	521	362
2	522	59
2	522	425
2	522	724
2	522	785
2	525	585
2	525	907
2	527	565
2	528	479
2	528	947
2	529	68
2	529	447
2	529	572
2	534	886
2	534	984
2	536	658
2	538	251
2	538	448
2	540	656
2	541	101
2	541	415
2	542	632
2	542	939
2	543	172
2	545	429
2	547	247
2	548	423
2	549	609
2	554	320
2	555	972
2	557	242
2	557	784
2	559	147
2	559	379
2	559	604
2	559	879
2	560	275
2	563	33
2	563	84
2	563	333
2	563	606
2	564	801
2	565	26
2	565	161
2	565	207
2	565	233
2	565	389
2	565	439
2	566	211
2	566	875
2	566	968
2	567	464
2	569	445
2	570	539
2	571	252
2	571	449
2	571	548
2	571	892
2	572	933
2	573	196
2	573	353
2	573	976
2	574	442
2	574	878
2	575	349
2	576	244
2	576	675
2	576	983
2	578	271
2	579	710
2	580	260
2	581	191
2	582	195
2	582	198
2	582	648
2	583	486
2	586	530
2	587	684
2	590	556
2	591	197
2	591	303
2	591	341
2	591	492
2	591	663
2	591	702
2	592	401
2	593	685
2	594	478
2	594	550
2	596	237
2	596	763
2	596	888
2	597	327
2	597	521
2	597	682
2	598	308
2	599	203
2	600	18
2	600	626
2	600	752
2	601	394
2	601	719
2	601	794
2	602	971
2	603	184
2	603	533
2	604	671
2	604	772
2	604	887
2	605	603
2	605	695
2	608	142
2	608	243
2	608	758
2	608	900
2	609	540
2	609	914
2	610	213
2	610	586
2	611	917
2	611	939
2	612	255
2	612	317
2	612	949
2	613	152
2	613	546
2	613	894
2	615	411
2	615	467
2	615	655
2	617	295
2	617	311
2	620	19
2	620	726
2	621	183
2	621	605
2	621	841
2	622	169
2	622	306
2	622	966
2	623	591
2	623	923
2	624	688
2	624	821
2	624	901
2	625	736
2	626	51
2	626	304
2	627	227
2	627	510
2	628	82
2	629	274
2	632	148
2	632	259
2	632	882
2	634	559
2	635	491
2	635	567
2	635	786
2	635	869
2	636	154
2	636	406
2	637	561
2	637	798
2	638	499
2	638	714
2	639	348
2	639	906
2	640	204
2	641	690
2	642	358
2	642	532
2	642	809
2	642	961
2	643	1000
2	645	939
2	647	971
2	648	42
2	648	537
2	649	17
2	650	167
2	651	444
2	651	895
2	651	910
2	653	366
2	655	522
2	656	553
2	657	220
2	658	316
2	658	505
2	660	25
2	660	877
2	661	47
2	662	867
2	663	375
2	663	504
2	664	38
2	667	407
2	667	713
2	668	762
2	668	780
2	669	922
2	670	9
2	671	761
2	672	727
2	673	932
2	674	703
2	675	506
2	677	27
2	677	570
2	679	254
2	680	53
2	680	497
2	680	653
2	681	453
2	681	764
2	681	822
2	683	159
2	683	456
2	683	507
2	683	549
2	683	797
2	684	174
2	685	79
2	686	397
2	687	35
2	688	258
2	689	590
2	689	916
2	690	171
2	690	683
2	692	737
2	692	999
2	693	86
2	693	90
2	693	125
2	694	242
2	694	276
2	694	529
2	695	402
2	695	545
2	696	315
2	696	708
2	696	793
2	697	443
2	697	479
2	697	518
2	697	949
2	698	412
2	698	839
2	699	668
2	700	280
2	700	707
2	700	858
2	701	913
2	702	109
2	702	110
2	702	588
2	702	628
2	704	115
2	704	437
2	705	572
2	705	745
2	705	824
2	706	589
2	706	701
2	707	738
2	707	781
2	708	141
2	709	382
2	709	852
2	709	992
2	710	77
2	710	480
2	710	509
2	710	595
2	711	332
2	711	347
2	711	601
2	711	616
2	712	222
2	713	463
2	713	912
2	714	346
2	714	593
2	714	734
2	715	166
2	715	584
2	716	768
2	717	205
2	717	775
2	717	860
2	717	996
2	718	190
2	718	261
2	719	146
2	719	739
2	719	795
2	720	291
2	720	370
2	721	298
2	721	313
2	721	455
2	722	12
2	722	560
2	723	20
2	723	173
2	723	462
2	723	527
2	723	674
2	723	939
2	723	956
2	724	600
2	725	900
2	726	147
2	726	362
2	726	677
2	727	62
2	727	436
2	727	450
2	727	631
2	727	648
2	727	842
2	727	931
2	728	168
2	728	390
2	728	696
2	728	859
2	729	351
2	729	695
2	729	789
2	730	473
2	731	516
2	731	822
2	732	769
2	732	809
2	733	862
2	734	63
2	735	693
2	736	268
2	736	495
2	737	114
2	738	107
2	738	283
2	738	827
2	740	414
2	741	272
2	741	386
2	742	371
2	742	435
2	743	152
2	744	87
2	744	566
2	744	580
2	744	664
2	746	297
2	746	430
2	746	448
2	748	281
2	748	623
2	750	336
2	750	418
2	751	684
2	753	424
2	754	374
2	754	565
2	756	324
2	758	586
2	759	185
2	759	405
2	759	729
2	760	354
2	763	661
2	764	413
2	765	33
2	765	415
2	765	680
2	765	952
2	766	214
2	766	353
2	767	995
2	769	286
2	770	423
2	770	841
2	770	852
2	771	82
2	771	139
2	771	652
2	773	30
2	773	135
2	773	850
2	774	470
2	774	564
2	776	484
2	776	692
2	777	541
2	777	779
2	779	528
2	779	858
2	780	246
2	780	650
2	781	290
2	781	548
2	783	103
2	783	378
2	783	634
2	785	203
2	786	76
2	786	188
2	786	207
2	790	145
2	791	609
2	792	523
2	793	233
2	794	250
2	794	307
2	794	472
2	794	481
2	796	61
2	796	525
2	797	754
2	798	105
2	798	331
2	798	340
2	798	550
2	800	119
2	800	234
2	800	335
2	800	687
2	801	244
2	801	612
2	801	641
2	801	774
2	803	949
2	804	275
2	804	640
2	805	67
2	805	782
2	806	314
2	806	535
2	807	953
2	808	437
2	808	647
2	809	889
2	810	765
2	811	149
2	811	986
2	813	256
2	813	388
2	813	403
2	813	790
2	814	263
2	814	920
2	814	989
2	815	266
2	815	732
2	817	643
2	818	363
2	822	459
2	824	361
2	825	91
2	825	385
2	825	487
2	825	906
2	826	434
2	826	939
2	827	339
2	830	348
2	831	710
2	832	328
2	832	537
2	833	458
2	833	627
2	833	654
2	834	143
2	834	646
2	835	309
2	835	485
2	836	73
2	837	193
2	837	611
2	837	841
2	838	349
2	838	562
2	839	981
2	841	546
2	842	919
2	843	659
2	843	838
2	844	252
2	845	198
2	845	851
2	846	898
2	849	759
2	850	357
2	850	773
2	851	857
2	858	886
2	860	931
2	863	738
2	864	78
2	865	17
2	866	398
2	867	128
2	867	606
2	868	118
2	868	578
2	868	840
2	869	58
2	869	515
2	869	760
2	870	812
2	871	192
2	872	745
2	873	520
2	873	712
2	874	327
2	875	257
2	875	501
2	875	527
2	876	41
2	876	70
2	877	490
2	878	639
2	878	727
2	879	64
2	879	631
2	880	653
2	881	912
2	883	173
2	883	603
2	883	682
2	884	395
2	884	483
2	885	169
2	885	628
2	886	21
2	886	293
2	887	258
2	887	691
2	888	43
2	888	288
2	889	532
2	890	195
2	890	251
2	891	180
2	892	287
2	892	674
2	893	706
2	893	799
2	893	839
2	894	557
2	894	597
2	895	146
2	895	616
2	895	661
2	896	372
2	896	591
2	896	694
2	896	829
2	897	305
2	897	516
2	897	796
2	898	384
2	899	758
2	900	161
2	900	280
2	900	498
2	901	292
2	901	891
2	903	229
2	903	593
2	903	744
2	903	802
2	903	808
2	904	208
2	904	279
2	905	584
2	905	635
2	906	982
2	907	12
2	908	553
2	910	126
2	911	46
2	911	342
2	912	660
2	912	969
2	914	201
2	914	322
2	915	502
2	916	690
2	917	430
2	918	313
2	918	504
2	919	35
2	919	915
2	921	121
2	921	454
2	923	416
2	923	735
2	924	277
2	925	204
2	925	333
2	925	427
2	925	565
2	925	993
2	926	157
2	929	278
2	931	930
2	932	174
2	932	343
2	932	811
2	933	150
2	933	493
2	936	456
2	938	99
2	939	217
2	940	521
2	940	666
2	942	771
2	943	222
2	943	792
2	944	6
2	944	534
2	945	213
2	946	507
2	946	810
2	949	366
2	949	505
2	950	214
2	950	345
2	950	367
2	950	838
2	951	29
2	952	77
2	952	177
2	952	688
2	954	164
2	955	359
2	955	441
2	956	464
2	956	721
2	957	9
2	957	45
2	958	24
2	958	368
2	958	469
2	959	202
2	960	231
2	960	817
2	960	960
2	960	995
2	961	663
2	961	734
2	962	492
2	963	220
2	963	304
2	963	409
2	964	108
2	967	230
2	967	374
2	967	800
2	968	407
2	969	145
2	969	642
2	969	657
2	971	363
2	971	675
2	975	381
2	977	274
2	978	25
2	978	725
2	979	69
2	979	587
2	981	819
2	982	406
2	983	951
2	983	986
2	984	477
2	986	466
2	987	621
2	987	746
2	988	14
2	992	418
2	993	569
2	994	181
2	994	775
2	996	101
2	997	684
2	997	757
2	998	561
2	999	49
2	999	906
