2	-1	0
2	2	453
2	2	905
2	3	785
2	4	304
2	4	942
2	5	121
2	5	977
2	8	790
2	12	139
2	12	454
2	13	368
2	13	733
2	14	16
2	14	773
2	14	929
2	16	720
2	18	425
2	20	461
2	21	92
2	21	588
2	22	186
2	22	253
2	25	291
2	25	520
2	25	655
2	25	912
2	26	35
2	26	159
2	26	502
2	26	780
2	28	162
2	29	754
2	30	446
2	30	578
2	30	788
2	30	961
2	31	444
2	31	665
2	33	375
2	34	262
2	35	395
2	35	925
2	35	993
2	36	299
2	39	244
2	40	214
2	40	296
2	41	511
2	42	841
2	43	966
2	44	496
2	45	330
2	46	136
2	47	596
2	48	326
2	48	650
2	49	483
2	53	62
2	53	93
2	53	398
2	59	469
2	60	468
2	60	618
2	60	884
2	62	969
2	63	173
2	65	775
2	66	531
2	67	166
2	68	137
2	70	527
2	72	845
2	74	387
2	75	936
2	76	1
2	76	132
2	78	328
2	78	547
2	79	250
2	80	809
2	81	768
2	82	372
2	82	817
2	83	380
2	83	488
2	83	572
2	84	151
2	85	158
2	85	265
2	86	69
2	86	515
2	86	525
2	89	327
2	90	626
2	91	470
2	91	928
2	91	967
2	92	271
2	93	397
2	93	774
2	94	495
2	95	103
2	95	786
2	98	185
2	99	899
2	100	157
2	101	292
2	102	447
2	103	190
2	103	300
2	103	382
2	103	568
2	104	369
2	104	644
2	105	358
2	105	827
2	106	419
2	108	638
2	108	654
2	109	75
2	109	148
2	109	481
2	110	226
2	112	216
2	112	557
2	112	616
2	113	13
2	113	821
2	113	831
2	114	275
2	114	466
2	114	608
2	115	107
2	115	784
2	116	29
2	116	950
2	117	975
2	118	7
2	118	631
2	119	513
2	120	682
2	120	818
2	121	116
2	123	439
2	123	553
2	124	167
2	125	422
2	127	44
2	128	220
2	128	417
2	128	667
2	129	882
2	129	958
2	132	751
2	133	639
2	134	73
2	134	862
2	135	487
2	135	737
2	135	755
2	135	893
2	137	126
2	137	699
2	139	465
2	140	559
2	142	333
2	142	694
2	145	74
2	145	570
2	145	684
2	146	986
2	147	725
2	147	925
2	149	63
2	149	891
2	151	143
2	151	708
2	151	897
2	152	200
2	153	313
2	153	649
2	154	635
2	157	118
2	157	476
2	158	646
2	164	20
2	164	434
2	165	188
2	165	762
2	166	717
2	168	244
2	168	454
2	168	461
2	168	636
2	168	643
2	168	712
2	170	523
2	171	918
2	173	252
2	173	758
2	174	583
2	175	408
2	176	556
2	176	844
2	177	83
2	178	307
2	178	403
2	178	436
2	178	448
2	178	455
2	178	538
2	180	242
2	180	303
2	180	750
2	181	554
2	181	804
2	183	99
2	183	658
2	183	732
2	184	671
2	185	424
2	185	675
2	185	783
2	186	347
2	187	806
2	188	125
2	189	718
2	189	719
2	189	972
2	189	973
2	191	147
2	191	426
2	191	477
2	192	71
2	193	336
2	193	390
2	193	800
2	194	318
2	194	691
2	194	714
2	194	803
2	195	96
2	195	688
2	197	391
2	197	833
2	199	911
2	200	377
2	201	121
2	201	239
2	203	52
2	203	548
2	205	989
2	206	388
2	208	573
2	208	703
2	208	734
2	209	272
2	209	978
2	210	502
2	210	697
2	211	152
2	211	437
2	211	820
2	211	996
2	212	524
2	213	581
2	213	727
2	216	55
2	216	262
2	218	534
2	219	206
2	219	841
2	222	355
2	227	316
2	227	450
2	228	416
2	230	8
2	232	311
2	232	398
2	233	595
2	233	814
2	235	268
2	235	597
2	235	791
2	235	864
2	236	364
2	236	690
2	237	56
2	238	106
2	238	369
2	238	809
2	239	177
2	240	181
2	241	681
2	243	704
2	244	110
2	244	301
2	245	23
2	246	462
2	246	499
2	249	309
2	250	100
2	251	139
2	251	823
2	252	811
2	255	6
2	255	130
2	256	173
2	257	113
2	259	777
2	260	49
2	262	203
2	262	290
2	262	363
2	263	230
2	263	468
2	264	291
2	264	325
2	265	250
2	265	868
2	266	519
2	266	607
2	267	205
2	267	409
2	267	446
2	267	667
2	267	715
2	268	644
2	268	761
2	269	3
2	269	585
2	270	909
2	271	665
2	272	567
2	274	153
2	274	451
2	274	604
2	274	764
2	275	545
2	275	551
2	276	642
2	277	171
2	277	948
2	279	532
2	280	946
2	281	452
2	282	615
2	282	745
2	283	571
2	284	211
2	284	736
2	285	370
2	287	754
2	288	341
2	288	596
2	289	480
2	289	917
2	290	565
2	291	579
2	292	155
2	292	722
2	293	678
2	296	702
2	297	826
2	300	818
2	302	92
2	303	562
2	303	677
2	304	79
2	304	618
2	304	689
2	306	131
2	307	614
2	308	328
2	308	653
2	310	214
2	310	501
2	311	788
2	312	60
2	312	338
2	313	670
2	313	912
2	314	87
2	314	216
2	314	469
2	315	628
2	317	47
2	317	439
2	317	543
2	318	738
2	319	78
2	319	126
2	319	701
2	320	115
2	320	346
2	320	507
2	321	518
2	321	798
2	322	38
2	322	676
2	323	594
2	323	923
2	324	371
2	324	649
2	324	786
2	327	659
2	327	957
2	327	996
2	328	178
2	328	225
2	328	258
2	328	955
2	329	816
2	330	306
2	330	907
2	331	15
2	331	194
2	331	197
2	331	331
2	331	335
2	331	362
2	332	148
2	332	169
2	334	165
2	335	646
2	335	720
2	336	471
2	336	853
2	337	105
2	337	522
2	337	934
2	338	664
2	339	619
2	340	640
2	340	683
2	340	872
2	341	748
2	343	69
2	343	351
2	343	965
2	345	166
2	345	903
2	346	881
2	348	274
2	349	637
2	350	30
2	350	101
2	350	226
2	350	447
2	350	774
2	351	779
2	352	563
2	354	349
2	357	387
2	357	510
2	357	561
2	358	219
2	358	536
2	358	721
2	360	170
2	360	241
2	360	857
2	361	389
2	361	436
2	361	460
2	361	813
2	362	145
2	363	771
2	364	180
2	364	195
2	365	309
2	365	982
2	368	869
2	371	189
2	371	709
2	371	737
2	374	432
2	376	22
2	376	883
2	377	134
2	378	435
2	379	59
2	380	781
2	380	943
2	381	212
2	381	520
2	383	923
2	386	25
2	387	125
2	388	712
2	389	160
2	390	749
2	390	961
2	392	75
2	393	200
2	393	589
2	394	680
2	394	795
2	400	224
2	400	515
2	402	992
2	403	588
2	404	11
2	404	603
2	405	286
2	405	570
2	406	176
2	406	207
2	406	416
2	406	538
2	409	52
2	412	171
2	412	569
2	412	643
2	413	255
2	413	731
2	413	976
2	414	203
2	414	330
2	415	311
2	416	651
2	416	690
2	417	478
2	418	303
2	418	810
2	420	754
2	421	396
2	421	698
2	422	63
2	422	296
2	424	151
2	426	141
2	427	149
2	427	735
2	428	940
2	429	970
2	431	144
2	432	461
2	432	497
2	433	233
2	434	479
2	434	682
2	435	208
2	435	422
2	435	723
2	435	780
2	435	885
2	436	417
2	437	113
2	438	672
2	438	696
2	438	775
2	439	392
2	439	583
2	440	70
2	440	159
2	441	35
2	441	318
2	442	670
2	444	283
2	444	947
2	445	334
2	445	523
2	446	152
2	447	625
2	449	279
2	449	908
2	452	297
2	452	434
2	452	791
2	453	393
2	453	430
2	453	566
2	454	684
2	454	857
2	456	206
2	456	215
2	456	724
2	457	596
2	457	755
2	458	191
2	458	459
2	461	358
2	462	293
2	463	711
2	464	614
2	465	41
2	465	103
2	465	644
2	466	613
2	467	242
2	469	80
2	469	585
2	469	688
2	470	932
2	471	273
2	471	664
2	472	30
2	472	527
2	473	558
2	474	562
2	474	822
2	475	925
2	477	693
2	477	957
2	479	268
2	479	454
2	479	979
2	480	891
2	481	36
2	481	374
2	481	413
2	481	465
2	482	763
2	484	166
2	484	981
2	486	750
2	487	433
2	487	617
2	488	450
2	489	745
2	490	397
2	490	993
2	491	31
2	493	202
2	493	381
2	493	394
2	494	631
2	495	82
2	496	301
2	499	421
2	501	537
2	501	935
2	502	551
2	504	274
2	506	272
2	506	578
2	507	275
2	507	307
2	507	550
2	508	212
2	508	362
2	510	54
2	511	320
2	512	564
2	512	713
2	513	114
2	514	178
2	514	236
2	514	924
2	515	77
2	515	169
2	515	285
2	515	700
2	517	139
2	519	594
2	519	767
2	519	803
2	520	606
2	522	133
2	524	624
2	526	84
2	531	753
2	534	67
2	535	49
2	537	75
2	537	302
2	538	287
2	538	994
2	539	254
2	540	62
2	540	78
2	540	132
2	540	227
2	541	44
2	541	996
2	542	106
2	542	316
2	542	645
2	544	369
2	544	589
2	544	658
2	545	325
2	545	438
2	545	709
2	545	737
2	546	602
2	546	919
2	547	182
2	548	140
2	548	754
2	549	211
2	549	257
2	549	576
2	549	825
2	550	162
2	551	74
2	551	283
2	551	518
2	551	570
2	551	842
2	552	402
2	553	187
2	553	262
2	553	498
2	555	256
2	555	351
2	557	333
2	559	196
2	559	366
2	559	634
2	559	702
2	561	414
2	562	328
2	562	411
2	562	547
2	563	337
2	565	135
2	565	762
2	566	217
2	568	161
2	569	378
2	569	577
2	570	520
2	572	718
2	572	766
2	573	230
2	573	923
2	578	23
2	578	118
2	578	210
2	580	105
2	581	592
2	582	343
2	582	625
2	583	34
2	583	93
2	583	149
2	583	387
2	585	641
2	586	332
2	588	228
2	588	284
2	589	248
2	589	716
2	590	66
2	591	925
2	592	502
2	593	92
2	593	676
2	593	967
2	594	431
2	594	633
2	594	686
2	594	734
2	594	886
2	595	701
2	595	810
2	597	194
2	597	446
2	598	746
2	599	998
2	600	323
2	600	467
2	600	638
2	601	339
2	604	98
2	605	204
2	608	83
2	608	782
2	609	286
2	609	681
2	611	401
2	612	395
2	613	31
2	613	640
2	615	183
2	615	263
2	615	843
2	619	864
2	620	152
2	621	36
2	621	258
2	624	726
2	625	61
2	626	966
2	627	823
2	630	285
2	630	597
2	630	648
2	631	723
2	632	312
2	632	740
2	632	813
2	632	961
2	634	69
2	635	157
2	635	447
2	635	573
2	636	363
2	638	88
2	638	394
2	639	620
2	641	307
2	641	582
2	641	689
2	643	909
2	645	94
2	645	193
2	645	421
2	646	370
2	646	471
2	647	108
2	649	980
2	651	211
2	651	665
2	652	165
2	652	773
2	654	500
2	654	535
2	654	567
2	655	588
2	656	259
2	656	895
2	657	955
2	658	423
2	658	553
2	659	722
2	660	59
2	660	65
2	662	743
2	663	28
2	664	406
2	664	519
2	667	812
2	668	220
2	669	908
2	670	516
2	671	613
2	674	584
2	674	590
2	674	781
2	676	163
2	676	436
2	677	978
2	678	632
2	679	651
2	680	243
2	680	661
2	682	198
2	683	679
2	684	563
2	686	790
2	687	697
2	689	205
2	689	494
2	690	216
2	690	616
2	690	662
2	690	717
2	691	468
2	692	236
2	692	912
2	693	364
2	694	591
2	694	618
2	695	506
2	696	501
2	696	758
2	698	325
2	698	564
2	701	5
2	701	318
2	702	289
2	703	239
2	703	505
2	703	643
2	703	698
2	703	923
2	704	328
2	705	349
2	705	449
2	706	663
2	707	383
2	707	715
2	707	858
2	708	808
2	708	889
2	708	979
2	709	82
2	709	280
2	709	319
2	711	870
2	712	531
2	713	724
2	714	133
2	714	934
2	715	331
2	716	927
2	718	232
2	718	235
2	720	42
2	721	751
2	721	965
2	722	510
2	722	554
2	723	308
2	723	706
2	724	578
2	725	495
2	726	800
2	727	172
2	729	26
2	729	828
2	730	390
2	730	481
2	730	539
2	732	164
2	732	939
2	735	17
2	735	106
2	737	850
2	738	852
2	739	241
2	739	300
2	739	699
2	741	580
2	741	674
2	742	202
2	742	322
2	742	430
2	743	63
2	743	141
2	743	930
2	744	39
2	746	103
2	747	7
2	747	953
2	748	204
2	750	195
2	750	614
2	750	644
2	750	796
2	751	184
2	751	842
2	752	148
2	753	780
2	754	302
2	755	569
2	755	744
2	756	739
2	757	541
2	759	182
2	759	656
2	760	350
2	760	489
2	761	166
2	761	173
2	762	112
2	762	375
2	762	761
2	762	947
2	763	419
2	765	820
2	765	848
2	766	594
2	768	769
2	769	480
2	769	708
2	773	640
2	775	378
2	775	517
2	775	757
2	777	121
2	778	681
2	779	523
2	779	537
2	780	424
2	780	609
2	781	117
2	781	125
2	781	161
2	781	414
2	781	507
2	781	650
2	782	76
2	783	559
2	784	789
2	785	143
2	785	702
2	786	165
2	786	504
2	786	747
2	787	728
2	788	353
2	788	556
2	789	212
2	789	668
2	790	381
2	790	425
2	790	830
2	791	185
2	792	637
2	793	388
2	793	635
2	794	98
2	794	687
2	795	33
2	795	341
2	795	498
2	795	707
2	797	101
2	798	114
2	798	187
2	799	234
2	799	818
2	800	675
2	801	83
2	801	987
2	802	850
2	803	81
2	803	230
2	803	529
2	804	309
2	805	444
2	806	487
2	807	216
2	807	766
2	808	74
2	808	456
2	808	619
2	808	899
2	810	254
2	810	358
2	810	443
2	811	34
2	811	222
2	812	501
2	812	688
2	812	935
2	814	432
2	814	528
2	816	678
2	817	902
2	817	954
2	818	445
2	819	496
2	821	337
2	822	622
2	823	343
2	825	355
2	825	451
2	826	723
2	827	236
2	827	328
2	827	871
2	829	94
2	829	511
2	830	334
2	831	342
2	832	484
2	832	917
2	833	567
2	834	384
2	834	409
2	834	437
2	835	407
2	837	268
2	837	545
2	838	783
2	839	154
2	841	404
2	842	491
2	844	392
2	844	746
2	844	829
2	846	87
2	846	413
2	846	854
2	847	599
2	847	963
2	848	159
2	848	695
2	848	927
2	851	10
2	851	19
2	851	171
2	852	615
2	854	38
2	854	278
2	854	745
2	854	856
2	855	606
2	855	943
2	856	718
2	858	726
2	862	18
2	862	347
2	864	322
2	864	579
2	866	253
2	866	482
2	871	144
2	871	250
2	872	128
2	872	734
2	876	500
2	876	967
2	878	137
2	878	435
2	878	731
2	881	122
2	881	422
2	882	699
2	884	714
2	884	910
2	885	86
2	885	311
2	885	679
2	886	115
2	886	460
2	886	613
2	886	737
2	886	835
2	887	524
2	890	62
2	890	778
2	891	374
2	892	626
2	893	403
2	893	510
2	893	536
2	894	57
2	894	241
2	895	923
2	896	513
2	897	52
2	897	465
2	898	775
2	900	11
2	900	420
2	900	949
2	903	203
2	904	467
2	905	92
2	905	473
2	905	725
2	905	897
2	907	902
2	907	918
2	908	127
2	908	590
2	908	782
2	910	2
2	911	199
2	912	59
2	913	900
2	915	319
2	918	416
2	918	418
2	918	551
2	919	4
2	920	497
2	920	532
2	920	976
2	921	276
2	922	153
2	923	146
2	923	188
2	923	654
2	925	386
2	925	826
2	925	966
2	927	592
2	927	765
2	928	738
2	930	411
2	930	527
2	930	755
2	930	971
2	932	624
2	934	177
2	935	475
2	936	546
2	937	126
2	937	716
2	938	138
2	938	462
2	939	239
2	940	710
2	941	166
2	942	61
2	942	321
2	943	520
2	943	645
2	944	493
2	944	543
2	944	600
2	944	620
2	946	100
2	946	595
2	947	163
2	947	184
2	948	16
2	948	306
2	949	430
2	950	756
2	951	139
2	952	361
2	953	243
2	953	874
2	958	537
2	960	60
2	960	673
2	961	389
2	961	694
2	963	561
2	964	256
2	970	167
2	970	179
2	972	41
2	972	224
2	973	560
2	975	265
2	975	454
2	977	653
2	978	38
2	978	712
2	979	356
2	979	517
2	980	107
2	980	759
2	981	578
2	982	64
2	984	486
2	985	110
2	985	194
2	986	326
2	986	437
2	986	534
2	987	51
2	987	71
2	988	39
2	988	152
2	988	368
2	988	651
2	989	218
2	989	659
2	990	379
2	990	412
2	991	174
2	991	182
2	991	601
2	991	901
2	991	990
2	993	37
2	993	49
2	993	502
2	993	743
2	994	523
2	994	619
2	994	695
2	995	345
2	996	917
2	997	662
2	997	915
2	998	271
2	998	314
2	998	657
2	999	312
2	999	841
