2	-1	0
2	2	45
2	2	703
2	3	728
2	3	857
2	5	228
2	6	565
2	9	375
2	9	710
2	10	372
2	10	791
2	10	937
2	11	286
2	11	568
2	11	575
2	11	649
2	13	627
2	13	696
2	14	948
2	15	400
2	15	757
2	16	591
2	16	636
2	16	785
2	16	991
2	17	880
2	18	230
2	18	486
2	18	528
2	18	866
2	19	277
2	21	698
2	21	734
2	21	779
2	21	821
2	22	687
2	22	813
2	23	855
2	25	509
2	25	601
2	27	318
2	27	385
2	28	640
2	29	968
2	30	280
2	31	184
2	31	688
2	31	799
2	32	496
2	33	220
2	33	245
2	33	361
2	33	570
2	33	622
2	34	422
2	36	386
2	37	534
2	37	619
2	38	155
2	39	175
2	39	559
2	42	438
2	42	499
2	43	501
2	46	135
2	46	384
2	48	607
2	51	338
2	52	297
2	52	588
2	53	119
2	55	697
2	57	712
2	58	614
2	59	475
2	60	861
2	61	889
2	62	996
2	63	491
2	63	634
2	64	239
2	64	411
2	65	994
2	67	108
2	67	459
2	68	325
2	69	46
2	69	165
2	69	223
2	69	506
2	69	753
2	70	62
2	70	783
2	70	792
2	71	560
2	72	263
2	73	197
2	74	330
2	75	9
2	75	548
2	75	916
2	76	231
2	77	444
2	77	458
2	77	643
2	78	865
2	78	871
2	79	315
2	79	567
2	80	382
2	80	644
2	81	512
2	81	745
2	82	21
2	82	266
2	82	452
2	83	924
2	84	147
2	84	523
2	85	125
2	85	314
2	87	379
2	88	448
2	88	970
2	89	706
2	90	75
2	90	503
2	91	360
2	91	526
2	92	721
2	93	424
2	94	629
2	96	31
2	96	354
2	97	732
2	98	144
2	99	558
2	100	127
2	100	603
2	101	233
2	102	272
2	102	921
2	103	163
2	103	172
2	103	268
2	104	577
2	104	944
2	105	533
2	106	593
2	107	544
2	107	765
2	108	423
2	108	747
2	109	510
2	109	834
2	110	587
2	111	215
2	111	633
2	114	199
2	115	392
2	116	434
2	117	846
2	118	709
2	119	761
2	120	816
2	121	229
2	121	317
2	121	628
2	121	774
2	122	198
2	124	648
2	124	740
2	125	59
2	125	264
2	126	437
2	126	488
2	127	393
2	127	638
2	128	723
2	128	749
2	129	40
2	129	216
2	130	527
2	130	714
2	131	109
2	131	200
2	131	213
2	131	255
2	131	930
2	132	844
2	133	248
2	133	451
2	134	247
2	134	801
2	135	546
2	135	637
2	135	763
2	135	812
2	136	100
2	136	935
2	138	154
2	138	915
2	139	208
2	139	427
2	140	473
2	140	562
2	140	775
2	141	10
2	141	596
2	142	472
2	142	521
2	143	989
2	144	102
2	144	246
2	144	305
2	144	627
2	145	152
2	145	530
2	146	589
2	146	727
2	147	112
2	147	300
2	147	344
2	148	174
2	149	281
2	150	554
2	150	581
2	151	302
2	151	549
2	151	739
2	152	590
2	152	932
2	154	293
2	154	607
2	155	519
2	155	594
2	156	432
2	157	131
2	158	410
2	158	663
2	159	553
2	160	823
2	161	959
2	162	54
2	162	123
2	163	694
2	165	350
2	165	447
2	165	538
2	165	715
2	166	670
2	166	828
2	167	847
2	168	237
2	168	364
2	168	517
2	168	796
2	169	83
2	169	242
2	170	91
2	171	920
2	172	328
2	174	256
2	174	599
2	175	701
2	177	547
2	177	856
2	177	950
2	178	23
2	179	689
2	180	501
2	181	494
2	183	283
2	183	572
2	184	188
2	187	150
2	188	378
2	188	615
2	190	269
2	190	606
2	190	647
2	191	464
2	192	409
2	193	990
2	194	12
2	194	29
2	194	477
2	194	954
2	195	478
2	196	322
2	196	490
2	197	259
2	197	278
2	197	1000
2	198	349
2	198	790
2	199	438
2	199	525
2	200	716
2	200	825
2	201	557
2	203	764
2	205	771
2	206	180
2	206	189
2	211	16
2	211	390
2	211	411
2	212	960
2	213	235
2	213	285
2	214	388
2	218	8
2	218	139
2	218	565
2	220	218
2	220	314
2	220	631
2	221	909
2	222	291
2	223	125
2	223	304
2	223	534
2	223	704
2	224	262
2	225	113
2	225	491
2	226	4
2	226	279
2	226	685
2	228	175
2	228	507
2	228	635
2	228	678
2	229	384
2	229	793
2	232	483
2	232	730
2	233	550
2	234	95
2	234	555
2	234	940
2	235	197
2	235	311
2	235	559
2	236	906
2	237	244
2	237	245
2	237	515
2	237	823
2	237	875
2	238	327
2	238	824
2	238	897
2	238	899
2	239	234
2	239	329
2	240	157
2	241	377
2	242	111
2	244	62
2	244	204
2	244	563
2	244	833
2	244	913
2	245	224
2	245	609
2	246	996
2	247	146
2	247	457
2	247	753
2	249	161
2	249	986
2	250	20
2	250	867
2	250	962
2	251	455
2	251	591
2	252	776
2	252	831
2	253	275
2	254	969
2	255	166
2	258	155
2	259	39
2	259	41
2	259	535
2	261	151
2	261	561
2	261	584
2	262	137
2	263	564
2	263	597
2	264	973
2	265	784
2	266	852
2	268	702
2	268	705
2	269	320
2	270	952
2	272	646
2	272	802
2	273	71
2	273	817
2	280	951
2	283	941
2	284	970
2	285	415
2	287	38
2	287	160
2	287	416
2	288	989
2	290	158
2	290	474
2	291	542
2	293	5
2	293	668
2	294	103
2	294	170
2	297	15
2	297	270
2	297	579
2	298	274
2	300	594
2	304	593
2	304	782
2	305	604
2	306	88
2	306	222
2	306	284
2	307	418
2	307	650
2	308	900
2	309	649
2	310	97
2	310	527
2	311	13
2	311	335
2	312	506
2	312	792
2	313	106
2	313	301
2	313	517
2	313	781
2	314	693
2	316	755
2	316	890
2	317	169
2	317	627
2	317	641
2	317	692
2	319	823
2	319	969
2	320	892
2	321	47
2	321	186
2	321	193
2	321	916
2	323	192
2	323	477
2	325	413
2	325	737
2	326	434
2	326	568
2	327	248
2	327	592
2	328	536
2	328	843
2	329	370
2	330	355
2	331	211
2	331	373
2	332	52
2	332	356
2	332	367
2	333	73
2	333	732
2	333	738
2	334	612
2	334	658
2	335	223
2	335	247
2	336	744
2	337	918
2	339	293
2	339	638
2	340	250
2	340	256
2	340	346
2	340	470
2	341	308
2	341	607
2	342	118
2	342	394
2	342	546
2	342	585
2	343	172
2	343	468
2	344	140
2	344	438
2	344	471
2	344	761
2	345	242
2	346	184
2	347	117
2	347	787
2	347	915
2	347	947
2	348	452
2	350	655
2	352	92
2	352	276
2	352	576
2	353	260
2	354	266
2	354	545
2	356	952
2	357	240
2	357	589
2	357	789
2	357	820
2	358	797
2	358	826
2	358	856
2	359	173
2	361	67
2	364	665
2	365	485
2	366	386
2	367	697
2	369	946
2	370	453
2	371	422
2	371	500
2	371	749
2	371	882
2	372	428
2	374	130
2	376	526
2	376	920
2	377	625
2	379	277
2	381	378
2	382	53
2	382	570
2	383	249
2	384	981
2	385	99
2	385	381
2	385	729
2	385	1000
2	386	70
2	386	923
2	388	74
2	389	352
2	390	918
2	392	257
2	393	374
2	393	617
2	393	930
2	396	694
2	397	96
2	397	110
2	397	174
2	399	39
2	399	154
2	399	475
2	399	800
2	400	77
2	403	220
2	404	562
2	405	758
2	406	31
2	407	842
2	408	50
2	409	164
2	409	944
2	410	347
2	411	42
2	411	358
2	411	620
2	411	633
2	412	182
2	412	776
2	413	123
2	413	686
2	414	85
2	414	779
2	416	342
2	416	814
2	416	879
2	417	226
2	417	626
2	417	709
2	418	105
2	418	433
2	418	660
2	418	688
2	419	290
2	419	942
2	420	509
2	422	66
2	422	82
2	423	559
2	425	203
2	425	439
2	425	455
2	425	490
2	426	241
2	426	510
2	428	673
2	428	865
2	429	431
2	430	908
2	431	5
2	431	624
2	431	903
2	433	518
2	434	177
2	434	233
2	435	575
2	436	587
2	437	136
2	437	377
2	438	891
2	439	279
2	439	621
2	440	472
2	441	351
2	442	252
2	442	310
2	442	937
2	444	255
2	444	437
2	445	815
2	445	907
2	449	2
2	449	690
2	451	73
2	451	429
2	453	218
2	453	605
2	453	681
2	453	750
2	454	6
2	455	288
2	456	321
2	456	618
2	457	59
2	457	349
2	461	43
2	461	307
2	463	111
2	463	599
2	464	286
2	464	640
2	465	178
2	465	207
2	466	29
2	466	245
2	466	333
2	468	414
2	469	538
2	470	684
2	472	805
2	474	122
2	475	292
2	475	387
2	476	19
2	477	795
2	478	828
2	479	274
2	479	748
2	481	735
2	481	760
2	483	121
2	485	300
2	487	269
2	488	408
2	489	939
2	491	108
2	491	724
2	491	961
2	492	129
2	492	169
2	492	554
2	493	166
2	495	806
2	497	379
2	497	600
2	497	639
2	498	489
2	500	208
2	500	453
2	502	89
2	503	421
2	503	487
2	503	564
2	505	242
2	506	343
2	506	915
2	507	116
2	508	934
2	509	368
2	510	543
2	511	159
2	512	552
2	512	725
2	514	168
2	514	590
2	515	192
2	517	953
2	518	503
2	518	634
2	519	577
2	519	602
2	520	12
2	520	339
2	520	929
2	521	80
2	521	594
2	521	695
2	522	329
2	523	210
2	523	774
2	523	936
2	524	635
2	524	988
2	525	227
2	526	606
2	526	789
2	527	120
2	527	149
2	528	354
2	528	549
2	529	435
2	529	1000
2	531	407
2	532	551
2	533	86
2	533	211
2	534	83
2	534	470
2	536	297
2	536	619
2	536	641
2	537	737
2	538	336
2	539	91
2	539	766
2	540	94
2	540	345
2	540	843
2	541	134
2	541	691
2	541	845
2	542	775
2	544	21
2	544	289
2	544	998
2	545	360
2	545	598
2	546	247
2	547	813
2	548	555
2	549	102
2	549	284
2	549	656
2	549	719
2	549	962
2	550	663
2	552	68
2	552	100
2	552	280
2	553	157
2	553	397
2	554	702
2	555	792
2	556	561
2	557	95
2	557	460
2	557	508
2	559	162
2	559	376
2	560	239
2	560	363
2	560	441
2	561	84
2	561	353
2	562	559
2	563	633
2	563	783
2	564	573
2	564	700
2	565	298
2	565	383
2	565	458
2	565	586
2	567	117
2	567	562
2	568	85
2	568	167
2	568	346
2	568	943
2	569	320
2	570	209
2	570	488
2	570	610
2	570	976
2	571	491
2	571	784
2	572	187
2	572	474
2	572	614
2	572	676
2	572	823
2	573	765
2	574	264
2	575	652
2	576	609
2	576	832
2	576	858
2	577	563
2	577	701
2	578	644
2	578	754
2	579	90
2	579	152
2	580	747
2	581	434
2	581	814
2	582	455
2	583	556
2	585	448
2	586	661
2	588	64
2	588	305
2	589	380
2	591	796
2	591	899
2	591	935
2	592	182
2	593	278
2	593	424
2	594	156
2	596	3
2	596	674
2	597	195
2	599	413
2	599	672
2	599	993
2	600	202
2	600	250
2	600	433
2	601	220
2	601	785
2	602	62
2	604	810
2	605	302
2	605	567
2	606	604
2	607	530
2	607	669
2	608	734
2	608	791
2	608	795
2	609	236
2	609	601
2	610	875
2	611	615
2	612	113
2	613	140
2	613	422
2	613	830
2	615	155
2	616	251
2	616	647
2	620	70
2	621	477
2	621	646
2	622	918
2	622	922
2	623	15
2	623	147
2	624	836
2	626	589
2	626	989
2	627	328
2	627	788
2	628	518
2	628	715
2	628	933
2	630	481
2	630	571
2	631	146
2	632	390
2	634	130
2	634	212
2	634	400
2	635	466
2	635	958
2	636	277
2	638	653
2	639	603
2	640	40
2	640	817
2	641	630
2	641	666
2	641	886
2	642	959
2	644	267
2	644	621
2	644	880
2	646	472
2	653	443
2	653	907
2	654	555
2	654	645
2	655	11
2	655	535
2	659	906
2	660	17
2	661	494
2	661	678
2	663	254
2	664	306
2	664	378
2	664	740
2	665	80
2	665	454
2	665	578
2	666	492
2	667	514
2	667	956
2	670	213
2	670	624
2	670	822
2	671	280
2	671	321
2	672	403
2	672	716
2	674	884
2	677	177
2	677	352
2	677	543
2	677	570
2	678	161
2	680	29
2	680	131
2	684	132
2	684	234
2	685	241
2	686	184
2	686	566
2	687	44
2	687	598
2	690	248
2	691	215
2	691	767
2	691	945
2	694	554
2	696	628
2	697	176
2	697	383
2	697	457
2	698	180
2	698	329
2	698	710
2	701	48
2	701	742
2	702	585
2	703	857
2	705	307
2	707	701
2	708	990
2	708	999
2	709	969
2	712	262
2	712	749
2	712	952
2	713	692
2	715	175
2	717	35
2	718	284
2	721	397
2	721	861
2	721	934
2	723	949
2	725	198
2	726	930
2	728	429
2	729	89
2	729	553
2	730	265
2	730	613
2	731	459
2	732	537
2	735	880
2	739	556
2	740	346
2	740	915
2	741	224
2	741	584
2	742	517
2	743	37
2	743	384
2	743	702
2	744	252
2	744	359
2	744	416
2	745	62
2	747	539
2	748	245
2	749	6
2	749	388
2	749	708
2	750	709
2	751	68
2	751	430
2	751	659
2	751	787
2	752	679
2	753	655
2	755	232
2	755	793
2	756	663
2	757	100
2	757	420
2	757	479
2	757	501
2	758	56
2	759	217
2	760	506
2	761	121
2	762	607
2	762	734
2	763	138
2	764	24
2	764	250
2	767	120
2	768	449
2	768	575
2	769	507
2	769	652
2	771	205
2	772	45
2	773	829
2	774	13
2	776	358
2	776	916
2	778	695
2	779	185
2	779	522
2	780	474
2	781	93
2	781	650
2	782	368
2	783	450
2	786	145
2	786	260
2	787	550
2	788	712
2	789	110
2	789	168
2	789	731
2	789	760
2	791	303
2	792	253
2	792	925
2	794	391
2	794	519
2	795	39
2	795	94
2	795	172
2	795	526
2	796	114
2	796	781
2	796	851
2	797	26
2	800	332
2	800	662
2	800	882
2	801	7
2	803	563
2	803	774
2	805	188
2	805	373
2	806	282
2	806	481
2	807	226
2	808	293
2	808	990
2	809	118
2	809	912
2	810	103
2	810	725
2	812	81
2	812	335
2	812	654
2	814	85
2	817	166
2	817	518
2	819	54
2	820	434
2	821	340
2	822	156
2	822	347
2	823	883
2	824	308
2	824	327
2	825	620
2	825	939
2	826	27
2	826	570
2	827	543
2	829	36
2	829	802
2	830	979
2	835	523
2	835	717
2	836	8
2	836	665
2	838	400
2	838	964
2	839	500
2	839	788
2	840	287
2	840	591
2	841	572
2	842	72
2	842	297
2	842	511
2	843	137
2	843	635
2	844	469
2	845	208
2	847	865
2	848	76
2	848	220
2	848	598
2	848	759
2	850	38
2	850	248
2	851	582
2	852	581
2	852	797
2	853	562
2	855	142
2	855	209
2	855	427
2	855	661
2	858	146
2	858	180
2	859	404
2	859	545
2	861	320
2	863	498
2	864	376
2	864	950
2	865	673
2	868	135
2	868	392
2	868	568
2	868	754
2	871	700
2	871	799
2	872	736
2	872	744
2	873	463
2	874	541
2	874	561
2	876	970
2	877	344
2	877	371
2	879	833
2	882	932
2	883	606
2	884	299
2	885	141
2	885	693
2	887	478
2	887	611
2	889	510
2	889	913
2	889	1000
2	891	707
2	892	349
2	893	247
2	894	630
2	894	937
2	895	74
2	896	266
2	898	140
2	899	587
2	900	97
2	900	145
2	900	399
2	902	57
2	902	95
2	903	403
2	904	245
2	904	995
2	905	15
2	905	997
2	909	66
2	909	164
2	910	466
2	910	795
2	912	512
2	912	555
2	912	920
2	913	227
2	917	165
2	917	850
2	918	526
2	919	192
2	920	322
2	920	737
2	921	821
2	923	387
2	924	490
2	925	225
2	925	475
2	925	672
2	925	732
2	927	556
2	930	803
2	930	933
2	931	207
2	931	894
2	932	9
2	932	783
2	933	474
2	933	557
2	936	70
2	936	111
2	936	583
2	937	487
2	938	648
2	939	311
2	941	161
2	943	234
2	943	274
2	943	781
2	944	310
2	944	940
2	945	153
2	945	796
2	946	513
2	946	639
2	947	330
2	949	12
2	949	461
2	950	949
2	952	133
2	952	594
2	952	602
2	952	809
2	952	984
2	953	302
2	954	593
2	954	653
2	955	80
2	955	508
2	955	860
2	957	834
2	958	115
2	958	694
2	960	171
2	960	415
2	960	903
2	961	167
2	961	186
2	961	289
2	961	295
2	961	764
2	962	447
2	962	901
2	963	390
2	964	240
2	964	554
2	964	638
2	964	766
2	964	961
2	965	382
2	965	623
2	965	758
2	966	13
2	966	705
2	967	175
2	967	980
2	968	21
2	968	532
2	969	200
2	969	437
2	969	443
2	969	565
2	969	632
2	970	184
2	970	212
2	972	189
2	972	605
2	972	874
2	973	108
2	974	46
2	974	58
2	974	357
2	974	540
2	974	761
2	975	14
2	975	51
2	975	172
2	975	515
2	975	999
2	977	1
2	977	608
2	977	730
2	979	100
2	979	858
2	980	252
2	981	697
2	982	907
2	982	935
2	983	470
2	984	139
2	984	636
2	985	162
2	985	746
2	986	450
2	986	535
2	986	543
2	987	345
2	987	674
2	987	955
2	990	562
2	991	367
2	991	633
2	991	772
2	992	96
2	993	284
2	993	469
2	994	98
2	994	348
2	994	993
2	995	152
2	995	355
2	995	465
2	995	599
2	996	47
2	998	3
2	998	691
2	998	696
2	1000	324
2	1000	519
