2	-1	0
2	1	196
2	4	50
2	4	197
2	5	16
2	5	388
2	5	585
2	6	64
2	8	668
2	10	70
2	10	148
2	11	101
2	11	678
2	12	194
2	12	507
2	12	892
2	13	225
2	17	41
2	17	467
2	18	391
2	19	314
2	20	751
2	21	75
2	22	389
2	23	766
2	23	925
2	24	795
2	25	292
2	25	384
2	25	909
2	28	625
2	29	86
2	29	418
2	31	553
2	33	457
2	34	571
2	36	229
2	36	301
2	37	123
2	37	519
2	39	438
2	40	176
2	41	336
2	44	686
2	44	714
2	45	560
2	46	392
2	47	401
2	47	621
2	47	654
2	47	935
2	51	491
2	52	49
2	52	55
2	53	221
2	53	476
2	54	508
2	55	955
2	56	410
2	56	634
2	57	474
2	57	506
2	58	188
2	59	448
2	59	650
2	59	691
2	60	67
2	60	105
2	60	943
2	62	322
2	62	631
2	63	255
2	64	99
2	64	367
2	65	114
2	65	613
2	68	178
2	69	120
2	70	602
2	70	617
2	71	513
2	71	624
2	74	692
2	75	601
2	76	529
2	77	184
2	79	406
2	80	57
2	82	217
2	85	265
2	85	502
2	85	776
2	87	596
2	88	469
2	90	911
2	92	190
2	92	222
2	92	593
2	92	807
2	92	922
2	93	241
2	94	725
2	96	360
2	96	416
2	96	920
2	98	523
2	100	115
2	101	541
2	102	454
2	102	761
2	104	124
2	105	6
2	108	25
2	108	131
2	108	839
2	110	59
2	110	458
2	111	203
2	111	333
2	111	499
2	111	953
2	113	160
2	113	548
2	115	756
2	115	841
2	116	289
2	117	18
2	119	757
2	119	910
2	121	495
2	121	556
2	121	676
2	122	133
2	123	840
2	125	97
2	125	477
2	127	736
2	129	258
2	130	544
2	130	591
2	131	730
2	132	209
2	133	879
2	135	45
2	136	30
2	136	460
2	137	338
2	138	52
2	138	426
2	138	906
2	139	538
2	140	151
2	141	154
2	141	427
2	144	665
2	145	181
2	145	749
2	147	896
2	149	825
2	150	166
2	154	253
2	154	317
2	154	324
2	155	139
2	155	493
2	157	101
2	158	239
2	158	794
2	159	81
2	161	315
2	162	50
2	162	814
2	163	378
2	163	791
2	164	89
2	164	386
2	165	680
2	165	813
2	165	902
2	166	350
2	167	839
2	168	400
2	169	125
2	170	580
2	173	519
2	173	832
2	174	551
2	175	96
2	177	138
2	178	130
2	178	545
2	178	707
2	178	900
2	179	532
2	179	706
2	180	298
2	181	65
2	184	475
2	186	77
2	186	932
2	187	486
2	188	949
2	189	353
2	189	480
2	191	884
2	191	937
2	192	41
2	192	583
2	193	503
2	194	881
2	196	762
2	197	43
2	197	312
2	198	461
2	198	562
2	199	445
2	200	863
2	203	786
2	204	296
2	206	612
2	207	68
2	207	357
2	208	372
2	208	584
2	209	55
2	209	555
2	209	642
2	210	282
2	210	607
2	216	785
2	217	326
2	218	667
2	219	287
2	220	189
2	220	765
2	222	235
2	224	740
2	225	78
2	225	340
2	225	846
2	225	960
2	226	90
2	226	295
2	227	40
2	227	610
2	227	712
2	232	234
2	232	549
2	233	339
2	233	363
2	233	500
2	234	632
2	235	259
2	235	465
2	235	629
2	235	713
2	235	895
2	235	978
2	236	390
2	238	530
2	239	684
2	239	714
2	240	54
2	240	177
2	240	831
2	241	543
2	241	639
2	243	246
2	244	715
2	245	118
2	247	334
2	247	368
2	248	300
2	248	774
2	249	210
2	249	215
2	249	392
2	251	331
2	251	373
2	252	153
2	252	419
2	253	99
2	255	522
2	255	965
2	256	71
2	256	302
2	256	678
2	256	993
2	257	9
2	257	208
2	258	314
2	259	345
2	259	575
2	260	490
2	260	796
2	261	288
2	263	746
2	264	751
2	265	411
2	265	668
2	265	697
2	268	175
2	268	216
2	268	297
2	268	873
2	269	72
2	269	277
2	270	64
2	273	853
2	274	514
2	275	88
2	277	193
2	277	949
2	278	85
2	278	505
2	278	539
2	278	605
2	278	962
2	280	442
2	281	164
2	281	323
2	281	666
2	281	725
2	281	752
2	282	498
2	282	592
2	283	276
2	283	430
2	284	755
2	285	132
2	285	726
2	286	61
2	286	238
2	286	660
2	287	267
2	287	342
2	288	509
2	288	596
2	289	92
2	289	293
2	291	780
2	292	11
2	292	80
2	292	356
2	292	450
2	293	451
2	294	735
2	295	521
2	296	630
2	297	348
2	297	895
2	298	173
2	298	759
2	298	964
2	299	262
2	300	223
2	301	248
2	303	136
2	303	797
2	304	753
2	305	343
2	307	597
2	307	741
2	308	103
2	308	313
2	311	32
2	311	473
2	312	860
2	313	346
2	314	440
2	316	349
2	318	196
2	318	943
2	325	172
2	325	506
2	326	595
2	326	781
2	328	422
2	329	33
2	329	388
2	331	376
2	332	144
2	332	404
2	332	625
2	332	917
2	334	374
2	334	905
2	335	716
2	337	39
2	338	31
2	338	100
2	338	634
2	340	904
2	342	73
2	342	168
2	343	861
2	344	194
2	346	449
2	347	324
2	347	675
2	348	622
2	349	953
2	350	7
2	350	87
2	350	166
2	350	712
2	353	179
2	353	266
2	353	426
2	355	704
2	356	580
2	356	691
2	357	661
2	357	723
2	358	286
2	360	950
2	361	192
2	361	770
2	362	119
2	364	719
2	365	547
2	365	690
2	365	920
2	366	635
2	367	812
2	369	48
2	369	254
2	369	395
2	369	813
2	370	147
2	370	819
2	371	341
2	371	552
2	371	862
2	373	229
2	374	407
2	376	462
2	377	935
2	380	139
2	381	641
2	382	487
2	383	27
2	383	866
2	384	150
2	385	252
2	385	347
2	385	618
2	386	304
2	386	495
2	387	601
2	388	57
2	388	66
2	388	236
2	388	273
2	389	165
2	389	444
2	390	554
2	390	564
2	390	665
2	394	391
2	394	623
2	395	553
2	396	743
2	396	871
2	397	134
2	397	457
2	397	798
2	399	35
2	399	476
2	400	263
2	402	135
2	402	149
2	402	333
2	404	8
2	404	586
2	406	993
2	407	674
2	408	380
2	409	222
2	409	868
2	410	316
2	410	492
2	411	314
2	413	779
2	414	582
2	415	870
2	416	178
2	416	292
2	417	566
2	418	717
2	420	786
2	420	903
2	421	19
2	421	26
2	422	494
2	423	249
2	426	28
2	427	425
2	428	559
2	429	513
2	429	686
2	430	188
2	433	16
2	433	327
2	433	433
2	434	409
2	437	170
2	438	472
2	440	187
2	440	640
2	441	195
2	442	387
2	444	283
2	444	681
2	444	796
2	445	413
2	445	576
2	445	740
2	445	995
2	447	447
2	448	379
2	448	606
2	448	663
2	450	403
2	451	617
2	452	38
2	454	489
2	454	846
2	454	942
2	456	79
2	456	551
2	458	535
2	458	780
2	462	400
2	462	475
2	462	537
2	463	239
2	464	10
2	464	325
2	464	481
2	465	287
2	466	772
2	469	246
2	470	315
2	470	345
2	470	351
2	472	109
2	473	577
2	473	744
2	474	169
2	475	611
2	477	430
2	479	465
2	481	458
2	481	713
2	482	540
2	483	784
2	487	322
2	489	138
2	490	14
2	490	206
2	490	920
2	491	329
2	494	124
2	495	339
2	497	157
2	497	272
2	499	204
2	499	267
2	499	899
2	500	769
2	502	334
2	502	735
2	504	231
2	506	12
2	506	223
2	507	176
2	507	398
2	507	501
2	507	718
2	508	155
2	508	497
2	510	451
2	512	679
2	512	829
2	514	477
2	517	288
2	518	91
2	518	205
2	518	980
2	519	988
2	520	221
2	523	693
2	524	261
2	524	601
2	527	110
2	527	502
2	530	9
2	530	112
2	530	179
2	530	305
2	531	30
2	532	140
2	532	922
2	533	37
2	534	117
2	535	100
2	535	175
2	536	662
2	536	849
2	537	746
2	538	820
2	538	997
2	539	542
2	539	655
2	540	226
2	541	575
2	542	384
2	542	550
2	542	633
2	543	93
2	544	468
2	545	762
2	546	2
2	546	67
2	546	355
2	547	927
2	548	495
2	549	77
2	550	56
2	550	280
2	551	792
2	552	126
2	552	689
2	554	6
2	554	385
2	554	426
2	556	149
2	557	271
2	557	726
2	558	564
2	558	757
2	559	460
2	560	504
2	562	127
2	562	957
2	564	798
2	564	991
2	566	291
2	566	580
2	567	380
2	567	487
2	567	889
2	569	612
2	570	314
2	570	439
2	570	817
2	572	255
2	572	455
2	574	315
2	577	391
2	582	275
2	582	519
2	584	647
2	589	419
2	590	102
2	591	382
2	592	594
2	592	687
2	593	90
2	593	197
2	594	616
2	594	869
2	595	413
2	596	895
2	597	930
2	598	96
2	598	598
2	598	732
2	599	745
2	600	294
2	602	159
2	603	825
2	604	579
2	606	768
2	608	423
2	609	287
2	610	68
2	610	402
2	610	486
2	611	791
2	613	491
2	616	216
2	617	227
2	617	386
2	617	661
2	618	225
2	618	259
2	621	852
2	624	8
2	624	19
2	625	228
2	627	886
2	628	208
2	628	667
2	632	58
2	632	135
2	635	640
2	636	365
2	637	390
2	638	103
2	638	205
2	638	396
2	639	511
2	640	53
2	640	589
2	643	582
2	643	593
2	644	823
2	645	133
2	646	682
2	648	608
2	649	318
2	649	766
2	650	165
2	650	490
2	650	902
2	651	560
2	652	283
2	652	650
2	655	20
2	655	95
2	656	474
2	657	73
2	657	203
2	657	909
2	658	139
2	658	785
2	659	343
2	659	638
2	660	464
2	660	883
2	661	104
2	662	290
2	662	364
2	662	673
2	663	118
2	663	851
2	664	71
2	664	359
2	666	429
2	666	844
2	667	756
2	672	70
2	672	122
2	672	442
2	674	619
2	677	305
2	678	88
2	678	101
2	678	975
2	679	394
2	680	144
2	680	898
2	680	986
2	682	170
2	683	134
2	683	160
2	684	80
2	686	605
2	689	696
2	690	894
2	691	13
2	692	202
2	692	310
2	693	89
2	693	933
2	694	488
2	696	201
2	696	312
2	699	509
2	700	858
2	701	263
2	701	910
2	702	336
2	702	526
2	703	586
2	704	15
2	704	514
2	704	629
2	704	686
2	705	531
2	705	911
2	708	200
2	709	367
2	709	451
2	709	779
2	709	867
2	711	499
2	712	119
2	715	10
2	715	239
2	715	814
2	715	826
2	719	222
2	719	414
2	719	595
2	721	847
2	722	523
2	722	613
2	725	360
2	726	974
2	727	387
2	728	519
2	729	123
2	730	409
2	730	971
2	732	224
2	733	43
2	734	733
2	734	774
2	735	161
2	736	637
2	737	376
2	738	659
2	738	969
2	739	574
2	739	715
2	741	24
2	741	614
2	742	197
2	742	827
2	742	987
2	744	716
2	744	952
2	746	498
2	746	692
2	747	864
2	748	215
2	749	164
2	750	437
2	751	456
2	752	590
2	753	181
2	753	480
2	756	535
2	758	929
2	759	192
2	759	323
2	760	808
2	761	30
2	762	508
2	763	250
2	765	198
2	765	267
2	765	495
2	766	241
2	766	506
2	767	647
2	767	743
2	768	292
2	770	811
2	771	211
2	771	231
2	771	362
2	774	914
2	776	631
2	777	936
2	778	470
2	778	585
2	779	333
2	781	469
2	782	460
2	784	925
2	785	294
2	786	755
2	788	765
2	788	804
2	789	369
2	790	784
2	791	97
2	791	521
2	791	563
2	791	703
2	791	723
2	792	868
2	793	886
2	795	1
2	795	172
2	796	489
2	798	524
2	798	607
2	799	383
2	801	416
2	802	274
2	803	687
2	803	859
2	804	77
2	804	881
2	805	159
2	805	302
2	805	611
2	805	764
2	806	893
2	809	538
2	811	747
2	812	633
2	814	135
2	816	129
2	817	863
2	818	584
2	820	497
2	821	835
2	822	214
2	823	127
2	823	433
2	823	739
2	824	907
2	827	179
2	827	744
2	828	266
2	829	216
2	829	902
2	832	624
2	832	738
2	836	905
2	837	298
2	837	632
2	838	235
2	838	315
2	838	442
2	838	786
2	840	17
2	840	356
2	840	583
2	840	729
2	840	854
2	842	701
2	843	475
2	844	117
2	844	692
2	845	473
2	846	412
2	846	678
2	848	691
2	848	708
2	850	594
2	851	639
2	853	74
2	854	61
2	854	670
2	855	622
2	856	421
2	856	787
2	856	815
2	858	641
2	859	407
2	859	562
2	859	640
2	861	2
2	861	229
2	862	753
2	863	89
2	864	413
2	864	721
2	864	777
2	865	806
2	865	847
2	866	430
2	867	196
2	868	379
2	868	615
2	869	138
2	869	575
2	870	258
2	870	609
2	871	581
2	873	439
2	873	591
2	875	73
2	876	31
2	877	602
2	878	773
2	878	998
2	879	170
2	879	243
2	881	155
2	881	616
2	883	272
2	883	994
2	884	328
2	884	559
2	886	131
2	887	143
2	893	11
2	894	12
2	894	275
2	894	305
2	894	390
2	895	16
2	895	635
2	898	717
2	899	392
2	899	803
2	900	890
2	901	5
2	901	420
2	903	92
2	903	367
2	903	985
2	904	208
2	904	817
2	904	905
2	905	864
2	906	50
2	909	434
2	911	461
2	912	702
2	914	35
2	914	476
2	915	718
2	916	549
2	916	778
2	917	104
2	918	83
2	918	331
2	918	372
2	918	805
2	919	384
2	919	429
2	920	296
2	921	251
2	921	623
2	922	318
2	922	807
2	923	666
2	924	448
2	924	576
2	924	771
2	925	499
2	925	518
2	926	146
2	926	727
2	927	115
2	927	201
2	927	402
2	928	144
2	929	360
2	930	306
2	930	381
2	930	824
2	931	250
2	933	353
2	934	191
2	936	386
2	938	173
2	938	628
2	938	839
2	938	916
2	939	441
2	939	655
2	940	7
2	940	404
2	940	716
2	941	428
2	942	482
2	943	705
2	944	105
2	944	293
2	944	756
2	945	563
2	946	114
2	946	561
2	946	566
2	947	768
2	949	515
2	949	680
2	949	735
2	949	959
2	951	393
2	952	336
2	952	550
2	954	534
2	954	854
2	955	876
2	956	204
2	956	698
2	958	174
2	959	158
2	959	340
2	959	570
2	960	48
2	960	657
2	962	303
2	963	25
2	966	244
2	966	898
2	967	757
2	967	782
2	968	289
2	969	438
2	969	843
2	970	163
2	970	352
2	972	769
2	972	781
2	972	844
2	973	269
2	973	424
2	975	909
2	978	685
2	979	674
2	979	973
2	980	395
2	981	608
2	982	664
2	983	505
2	983	950
2	984	941
2	985	612
2	985	653
2	986	30
2	987	149
2	989	422
2	989	699
2	990	593
2	991	514
2	992	903
2	992	972
2	993	228
2	993	996
2	994	128
2	994	237
2	994	388
2	995	825
2	997	649
2	997	984
2	998	197
2	999	560
2	1001	359
2	1001	598
2	1002	281
2	1002	365
2	1002	483
2	1002	567
2	1003	811
2	1004	332
2	1004	338
2	1004	374
2	1004	557
2	1004	573
2	1005	226
2	1005	785
2	1005	944
2	1007	470
2	1007	966
2	1008	522
2	1009	257
2	1010	479
2	1011	569
2	1013	507
2	1016	3
2	1016	533
2	1017	484
2	1017	750
2	1017	963
2	1018	580
2	1019	168
2	1019	459
2	1019	487
2	1019	574
2	1021	895
2	1022	209
2	1022	275
2	1022	687
2	1022	732
2	1024	369
2	1025	462
2	1025	558
2	1026	316
2	1027	375
2	1028	442
2	1029	351
2	1030	501
2	1031	44
2	1034	415
2	1035	175
2	1035	324
2	1035	622
2	1038	97
2	1038	525
2	1040	702
2	1040	907
2	1040	975
2	1041	69
2	1041	239
2	1045	125
2	1045	341
2	1046	278
2	1046	413
2	1048	347
2	1049	639
2	1051	474
2	1052	900
2	1052	953
2	1053	95
2	1053	132
2	1056	135
2	1056	585
2	1058	887
2	1060	148
2	1062	67
2	1063	171
2	1063	643
2	1064	951
2	1065	200
2	1065	789
2	1066	747
2	1069	32
2	1070	454
2	1070	519
2	1071	760
2	1072	531
2	1074	931
2	1075	265
2	1075	339
2	1075	979
2	1076	378
2	1076	802
2	1076	925
2	1077	328
2	1077	361
2	1077	587
2	1079	963
2	1084	179
2	1085	387
2	1085	684
2	1085	987
2	1086	798
2	1089	714
2	1090	516
2	1090	879
2	1092	157
2	1094	650
2	1095	991
2	1096	353
2	1097	731
2	1097	803
2	1098	284
2	1103	224
2	1105	456
2	1105	485
2	1106	75
2	1106	258
2	1106	326
2	1107	370
2	1107	426
2	1110	207
2	1111	433
2	1111	734
2	1111	972
2	1112	512
2	1113	721
2	1114	12
2	1114	109
2	1115	249
2	1116	615
2	1116	701
2	1116	763
2	1118	529
2	1121	96
2	1121	958
2	1122	70
2	1122	392
2	1122	513
2	1122	538
2	1122	898
2	1123	716
2	1124	345
2	1125	234
2	1125	263
2	1125	475
2	1125	561
2	1126	199
2	1127	152
2	1127	216
2	1129	295
2	1130	440
2	1132	457
2	1132	554
2	1133	727
2	1134	640
2	1135	405
2	1136	123
2	1137	756
2	1138	294
2	1140	861
2	1141	725
2	1142	505
2	1142	682
2	1143	136
2	1143	510
2	1143	576
2	1144	713
2	1145	155
2	1145	189
2	1145	310
2	1145	398
2	1146	297
2	1146	664
2	1147	761
2	1150	11
2	1150	730
2	1151	232
2	1152	146
2	1152	892
2	1153	287
2	1154	4
2	1154	983
2	1155	23
2	1155	997
2	1156	48
2	1156	786
2	1157	59
2	1157	390
2	1158	442
2	1160	273
2	1160	359
2	1160	410
2	1160	535
2	1160	596
2	1161	220
2	1163	87
2	1163	439
2	1163	776
2	1165	165
2	1165	399
2	1165	773
2	1166	183
2	1167	498
2	1168	242
2	1168	925
2	1170	17
2	1172	210
2	1172	691
2	1172	868
2	1173	465
2	1175	742
2	1175	947
2	1176	507
2	1180	660
2	1181	89
2	1181	470
2	1182	768
2	1183	569
2	1186	127
2	1189	106
2	1189	282
2	1189	343
2	1189	686
2	1190	907
2	1191	81
2	1191	480
2	1191	613
2	1191	637
2	1193	791
2	1194	174
2	1194	814
2	1196	164
2	1198	471
2	1199	121
2	1199	923
2	1200	732
2	1202	397
2	1202	970
2	1203	78
2	1203	938
2	1205	386
2	1207	289
2	1207	436
2	1207	490
2	1207	845
2	1207	950
2	1208	408
2	1209	491
2	1210	385
2	1210	628
2	1214	21
2	1214	248
2	1214	852
2	1215	233
2	1217	143
2	1218	133
2	1219	148
2	1220	546
2	1221	277
2	1223	101
2	1224	769
2	1226	330
2	1227	8
2	1229	307
2	1230	775
2	1231	377
2	1233	563
2	1234	188
2	1234	395
2	1237	251
2	1237	346
2	1237	735
2	1238	250
2	1238	812
2	1240	230
2	1240	673
2	1240	720
2	1242	50
2	1242	102
2	1246	163
2	1246	822
2	1247	62
2	1247	764
2	1248	196
2	1248	252
2	1249	416
2	1250	793
2	1251	32
2	1252	372
2	1253	206
2	1254	36
2	1255	198
2	1255	685
2	1257	584
2	1257	827
2	1259	796
2	1261	522
2	1261	643
2	1262	358
2	1263	180
2	1263	247
2	1265	67
2	1267	190
2	1267	281
2	1267	485
2	1268	39
2	1268	303
2	1270	6
2	1270	197
2	1272	72
2	1272	244
2	1272	298
2	1272	434
2	1273	275
2	1273	367
2	1273	412
2	1273	418
2	1274	162
2	1274	963
2	1275	423
2	1276	88
2	1276	443
2	1277	805
2	1278	98
2	1278	534
2	1279	49
2	1279	257
2	1279	422
2	1279	752
2	1280	724
2	1282	194
2	1282	746
2	1282	971
2	1283	499
2	1284	721
2	1285	105
2	1285	770
2	1285	911
2	1286	42
2	1286	766
2	1287	797
2	1290	615
2	1291	432
2	1292	218
2	1293	254
2	1294	539
2	1294	604
2	1295	300
2	1298	497
2	1298	739
2	1299	708
2	1299	816
2	1300	18
2	1300	428
2	1302	492
2	1302	923
2	1303	836
2	1304	176
2	1304	337
2	1304	460
2	1304	968
2	1305	744
2	1305	751
2	1306	800
2	1307	560
2	1308	268
2	1308	402
2	1308	577
2	1308	877
2	1308	890
2	1309	61
2	1309	446
2	1313	331
2	1313	501
2	1313	649
2	1315	852
2	1316	573
2	1317	780
2	1318	112
2	1319	594
2	1320	373
2	1320	458
2	1320	941
2	1321	222
2	1321	462
2	1323	140
2	1323	616
2	1325	38
2	1325	668
2	1325	792
2	1325	847
2	1327	925
2	1328	657
2	1328	919
2	1329	154
2	1330	77
2	1330	827
2	1331	44
2	1331	804
2	1332	972
2	1335	263
2	1335	523
2	1335	853
2	1337	121
2	1337	137
2	1337	406
2	1338	99
2	1338	719
2	1341	530
2	1341	698
2	1342	55
2	1342	394
2	1345	954
2	1346	635
2	1348	612
2	1348	750
2	1350	946
2	1352	119
2	1353	965
2	1355	243
2	1356	444
2	1356	671
2	1357	998
2	1359	415
2	1359	478
2	1360	117
2	1361	87
2	1362	25
2	1362	171
2	1363	13
2	1363	779
2	1364	479
2	1365	203
2	1366	166
2	1367	85
2	1369	106
2	1369	587
2	1369	632
2	1370	318
2	1371	905
2	1374	340
2	1374	918
2	1376	344
2	1376	472
2	1376	512
2	1377	155
2	1378	69
2	1378	437
2	1379	338
2	1381	45
2	1381	398
2	1381	626
2	1382	925
2	1383	767
2	1383	795
2	1384	467
2	1385	531
2	1386	80
2	1386	210
2	1387	91
2	1389	139
2	1389	702
2	1390	641
2	1391	679
2	1392	747
2	1392	945
2	1392	962
2	1394	769
2	1395	361
2	1398	149
2	1399	89
2	1399	580
2	1400	704
2	1401	185
2	1404	981
2	1405	256
2	1405	447
2	1407	493
2	1408	371
2	1409	46
2	1410	246
2	1410	738
2	1411	290
2	1413	153
2	1413	399
2	1413	757
2	1414	65
2	1414	234
2	1415	585
2	1417	214
2	1417	228
2	1418	108
2	1418	435
2	1418	873
2	1419	132
2	1420	364
2	1420	537
2	1420	921
2	1422	10
2	1424	662
2	1425	736
2	1429	315
2	1430	714
2	1431	293
2	1431	904
2	1433	405
2	1433	875
2	1435	609
2	1435	969
2	1437	910
2	1438	70
2	1439	442
2	1440	731
2	1442	439
2	1444	509
2	1446	390
2	1447	191
2	1447	305
2	1453	311
2	1453	469
2	1453	881
2	1454	133
2	1454	170
2	1454	316
2	1454	665
2	1456	323
2	1456	514
2	1458	282
2	1458	550
2	1461	984
2	1462	694
2	1463	151
2	1463	982
2	1464	43
2	1464	274
2	1464	504
2	1464	584
2	1465	593
2	1466	125
2	1471	568
2	1472	768
2	1472	777
2	1473	540
2	1476	653
2	1479	404
2	1480	938
2	1483	589
2	1485	373
2	1486	945
2	1487	466
2	1488	95
2	1488	372
2	1493	825
2	1494	217
2	1494	330
2	1495	842
2	1496	15
2	1497	516
2	1498	424
2	1498	495
2	1499	11
2	1499	613
2	1501	629
2	1502	760
2	1503	261
2	1503	564
2	1503	566
2	1503	672
2	1503	982
2	1504	317
2	1505	174
2	1505	628
2	1506	78
2	1506	449
2	1507	812
2	1509	819
2	1510	41
2	1510	249
2	1510	275
2	1510	804
2	1511	304
2	1511	658
2	1513	612
2	1514	265
2	1515	130
2	1515	331
2	1515	620
2	1517	753
2	1518	327
2	1519	802
2	1521	724
2	1522	376
2	1523	44
2	1523	196
2	1523	273
2	1523	280
2	1525	507
2	1526	487
2	1527	481
2	1527	545
2	1527	743
2	1533	248
2	1533	410
2	1534	735
2	1535	236
2	1535	677
2	1535	842
2	1536	63
2	1537	296
2	1538	121
2	1539	332
2	1539	577
2	1540	60
2	1542	199
2	1542	209
2	1542	766
2	1543	408
2	1544	477
2	1547	348
2	1547	548
2	1547	807
2	1549	255
2	1549	667
2	1551	423
2	1552	685
2	1553	599
2	1554	96
2	1555	241
2	1556	689
2	1556	826
2	1556	991
2	1557	360
2	1558	740
2	1559	431
2	1560	536
2	1560	797
2	1561	334
2	1561	553
2	1561	561
2	1561	578
2	1562	194
2	1562	210
2	1564	435
2	1565	709
2	1566	539
2	1567	472
2	1569	245
2	1570	193
2	1570	780
2	1571	609
2	1571	700
2	1572	27
2	1572	872
2	1573	313
2	1573	338
2	1573	517
2	1573	706
2	1574	287
2	1575	819
2	1575	945
2	1576	308
2	1576	415
2	1577	453
2	1578	722
2	1579	508
2	1579	554
2	1579	957
2	1581	75
2	1581	284
2	1582	111
2	1582	947
2	1583	650
2	1584	964
2	1586	277
2	1587	21
2	1587	546
2	1588	33
2	1588	747
2	1590	346
2	1591	328
2	1592	378
2	1592	421
2	1593	268
2	1593	822
2	1594	91
2	1595	798
2	1596	586
2	1596	891
2	1597	242
2	1598	574
2	1600	276
2	1602	716
2	1603	281
2	1606	286
2	1608	320
2	1609	537
2	1612	247
2	1612	513
2	1613	24
2	1613	718
2	1614	528
2	1614	781
2	1615	117
2	1616	8
2	1617	226
2	1617	272
2	1618	206
2	1619	439
2	1619	515
2	1621	159
2	1622	204
2	1622	359
2	1622	922
2	1622	967
2	1624	172
2	1627	351
2	1627	695
2	1629	425
2	1629	915
2	1630	128
2	1634	565
2	1634	583
2	1635	534
2	1637	647
2	1638	841
2	1639	621
2	1640	134
2	1641	94
2	1642	18
2	1647	643
2	1648	364
2	1649	38
2	1649	784
2	1650	538
2	1651	208
2	1653	704
2	1653	773
2	1656	256
2	1656	471
2	1658	114
2	1658	679
2	1660	518
2	1661	126
2	1661	422
2	1661	512
2	1662	514
2	1663	775
2	1665	676
2	1666	350
2	1667	175
2	1668	164
2	1668	368
2	1668	726
2	1668	845
2	1669	113
2	1669	688
2	1670	228
2	1671	322
2	1672	95
2	1672	318
2	1673	921
2	1674	334
2	1674	559
2	1674	769
2	1675	202
2	1676	587
2	1676	608
2	1678	908
2	1679	3
2	1679	745
2	1679	818
2	1680	278
2	1680	394
2	1680	649
2	1681	719
2	1682	31
2	1682	177
2	1683	680
2	1684	198
2	1684	542
2	1685	476
2	1690	112
2	1691	424
2	1691	572
2	1691	717
2	1693	138
2	1693	757
2	1694	562
2	1694	793
2	1694	959
2	1695	144
2	1695	711
2	1696	315
2	1696	573
2	1697	355
2	1697	484
2	1698	84
2	1700	234
2	1700	912
2	1701	5
2	1701	79
2	1701	523
2	1703	96
2	1703	137
2	1704	22
2	1705	788
2	1705	920
2	1706	310
2	1706	327
2	1706	897
2	1707	32
2	1707	921
2	1708	564
2	1708	752
2	1709	349
2	1709	414
2	1709	669
2	1710	10
2	1710	710
2	1712	550
2	1713	246
2	1714	43
2	1714	441
2	1714	555
2	1715	732
2	1716	264
2	1716	289
2	1718	701
2	1722	265
2	1722	955
2	1724	304
2	1726	222
2	1726	544
2	1727	260
2	1727	678
2	1728	90
2	1728	760
2	1728	765
2	1730	182
2	1730	822
2	1734	150
2	1737	828
2	1739	415
2	1740	123
2	1741	630
2	1744	705
2	1745	168
2	1746	545
2	1747	618
2	1750	243
2	1750	517
2	1750	921
2	1751	229
2	1751	379
2	1752	932
2	1753	485
2	1754	642
2	1755	13
2	1755	176
2	1757	459
2	1758	742
2	1758	974
2	1759	413
2	1760	360
2	1762	479
2	1762	956
2	1763	165
2	1766	344
2	1768	834
2	1769	795
2	1770	17
2	1770	194
2	1770	493
2	1771	335
2	1771	380
2	1771	617
2	1773	321
2	1773	925
2	1774	235
2	1774	325
2	1774	658
2	1775	375
2	1775	511
2	1776	85
2	1776	474
2	1778	23
2	1778	227
2	1779	238
2	1780	554
2	1780	798
2	1781	59
2	1781	362
2	1782	869
2	1783	249
2	1784	530
2	1784	780
2	1785	962
2	1786	513
2	1786	570
2	1786	847
2	1787	171
2	1787	633
2	1788	70
2	1788	596
2	1789	133
2	1789	521
2	1789	989
2	1790	408
2	1791	330
2	1792	753
2	1792	768
2	1795	818
2	1796	313
2	1796	652
2	1798	352
2	1798	447
2	1799	716
2	1800	789
2	1801	909
2	1803	47
2	1806	725
2	1807	125
2	1807	434
2	1808	859
2	1809	332
2	1811	457
2	1811	549
2	1811	563
2	1812	896
2	1812	905
2	1815	254
2	1817	412
2	1818	469
2	1819	241
2	1819	368
2	1820	217
2	1821	492
2	1822	487
2	1822	625
2	1823	634
2	1824	635
2	1825	306
2	1826	674
2	1826	810
2	1827	531
2	1827	671
2	1827	820
2	1829	455
2	1830	556
2	1831	7
2	1831	491
2	1833	622
2	1833	646
2	1833	737
2	1835	850
2	1835	885
2	1836	223
2	1836	298
2	1836	317
2	1837	147
2	1839	403
2	1840	12
2	1840	71
2	1840	568
2	1841	283
2	1843	120
2	1844	76
2	1844	122
2	1844	159
2	1844	548
2	1845	4
2	1845	721
2	1847	750
2	1848	602
2	1849	24
2	1850	756
2	1851	446
2	1851	992
2	1853	856
2	1854	77
2	1855	595
2	1856	1
2	1856	509
2	1856	744
2	1858	356
2	1858	650
2	1859	123
2	1860	206
2	1861	558
2	1863	585
2	1865	17
2	1865	149
2	1866	197
2	1867	337
2	1868	627
2	1869	314
2	1870	462
2	1870	569
2	1870	638
2	1870	989
2	1871	33
2	1872	814
2	1873	285
2	1874	874
2	1875	201
2	1875	758
2	1876	196
2	1876	494
2	1876	986
2	1878	284
2	1879	320
2	1879	736
2	1880	615
2	1881	184
2	1882	233
2	1882	575
2	1884	242
2	1885	319
2	1886	29
2	1890	183
2	1891	754
2	1892	135
2	1892	312
2	1893	805
2	1895	624
2	1897	138
2	1898	65
2	1899	613
2	1900	151
2	1900	715
2	1900	770
2	1902	426
2	1904	130
2	1904	666
2	1905	910
2	1906	52
2	1906	271
2	1906	545
2	1907	262
2	1908	370
2	1910	653
2	1913	515
2	1913	677
2	1915	659
2	1916	95
2	1919	323
2	1920	398
2	1920	577
2	1922	301
2	1922	483
2	1922	982
2	1923	564
2	1923	676
2	1924	205
2	1925	485
2	1927	132
2	1927	239
2	1927	735
2	1928	36
2	1929	430
2	1930	55
2	1931	267
2	1931	600
2	1933	172
2	1933	429
2	1933	663
2	1934	187
2	1934	855
2	1936	326
2	1939	226
2	1939	333
2	1939	448
2	1939	533
2	1939	742
2	1941	13
2	1941	411
2	1941	543
2	1941	614
2	1943	221
2	1943	381
2	1944	39
2	1945	359
2	1947	286
2	1948	388
2	1948	431
2	1950	162
2	1951	90
2	1951	229
2	1953	592
2	1954	976
2	1956	125
2	1957	574
2	1958	290
2	1958	322
2	1959	598
2	1960	118
2	1960	351
2	1960	590
2	1961	769
2	1962	318
2	1962	480
2	1964	42
2	1967	810
2	1968	124
2	1968	995
2	1971	439
2	1971	859
2	1972	329
2	1972	840
2	1974	526
2	1975	203
2	1975	358
2	1975	397
2	1976	783
2	1978	601
2	1980	788
2	1981	127
2	1981	544
2	1981	724
2	1982	343
2	1982	617
2	1984	726
2	1985	278
2	1985	796
2	1987	458
2	1988	96
2	1989	443
2	1991	230
2	1992	528
2	1994	404
2	1994	517
2	1995	119
2	1995	208
2	1995	486
2	1999	178
2	2000	629
2	2000	775
2	2001	416
2	2001	752
2	2002	960
2	2003	204
2	2003	244
2	2003	702
2	2004	101
2	2004	666
2	2005	8
2	2005	501
2	2005	734
2	2006	251
2	2007	258
2	2007	495
2	2009	84
2	2009	639
2	2011	257
2	2012	158
2	2013	224
2	2013	591
2	2014	75
2	2015	332
2	2016	92
2	2017	729
2	2019	14
2	2020	113
2	2020	299
2	2020	541
2	2022	242
2	2023	145
2	2023	232
2	2024	446
2	2025	35
2	2026	169
2	2026	747
2	2028	768
2	2031	99
2	2031	311
2	2031	611
2	2032	677
2	2033	45
2	2035	531
2	2035	618
2	2036	108
2	2036	746
2	2037	177
2	2038	518
2	2040	199
2	2040	369
2	2040	786
2	2042	396
2	2042	649
2	2043	417
2	2045	456
2	2046	635
2	2047	205
2	2047	241
2	2047	273
2	2047	572
2	2050	131
2	2050	368
2	2050	466
2	2050	968
2	2051	285
2	2051	361
2	2052	674
2	2052	904
2	2055	595
2	2056	418
2	2056	583
2	2057	410
2	2057	785
2	2058	624
2	2059	774
2	2061	727
2	2061	944
2	2063	328
2	2064	529
2	2064	626
2	2067	698
2	2068	109
2	2068	206
2	2068	279
2	2068	779
2	2071	512
2	2071	705
2	2072	106
2	2072	845
2	2073	917
2	2075	398
2	2076	700
2	2077	888
2	2078	363
2	2078	886
2	2079	511
2	2080	100
2	2081	481
2	2082	706
2	2083	28
2	2083	334
2	2083	908
2	2084	207
2	2087	505
2	2087	555
2	2087	636
2	2088	185
2	2089	344
2	2089	582
2	2090	637
2	2090	767
2	2091	540
2	2094	566
2	2095	527
2	2095	678
2	2096	592
2	2098	245
2	2098	248
2	2098	651
2	2099	33
2	2099	271
2	2099	797
2	2101	188
2	2102	732
2	2103	475
2	2103	690
2	2103	956
2	2104	36
2	2104	994
2	2105	138
2	2106	429
2	2106	442
2	2106	516
2	2107	993
2	2108	46
2	2108	57
2	2108	654
2	2109	225
2	2109	286
2	2110	98
2	2110	660
2	2111	326
2	2113	249
2	2113	502
2	2115	375
2	2116	942
2	2117	620
2	2117	759
2	2119	76
2	2119	310
2	2120	228
2	2121	1
2	2121	399
2	2122	5
2	2123	170
2	2125	317
2	2125	338
2	2127	313
2	2129	590
2	2129	742
2	2129	901
2	2130	658
2	2130	988
2	2132	773
2	2135	2
2	2135	104
2	2136	307
2	2136	934
2	2137	211
2	2137	861
2	2137	973
2	2138	757
2	2138	829
2	2139	291
2	2139	421
2	2140	376
2	2140	708
2	2141	612
2	2143	283
2	2143	715
2	2143	789
2	2144	794
2	2145	316
2	2145	743
2	2146	766
2	2147	82
2	2148	426
2	2150	473
2	2150	564
2	2150	588
2	2151	490
2	2151	608
2	2152	813
2	2153	489
2	2153	681
2	2153	687
2	2153	851
2	2154	921
2	2157	184
2	2158	147
2	2158	447
2	2159	7
2	2159	31
2	2159	63
2	2159	216
2	2161	522
2	2163	123
2	2163	415
2	2163	519
2	2164	93
2	2165	329
2	2165	649
2	2165	873
2	2167	348
2	2167	818
2	2167	840
2	2168	642
2	2168	733
2	2170	157
2	2172	190
2	2174	117
2	2175	156
2	2178	268
2	2178	888
2	2181	20
2	2181	44
2	2182	749
2	2185	116
2	2185	621
2	2186	558
2	2190	251
2	2192	9
2	2192	407
2	2192	425
2	2192	548
2	2193	284
2	2196	958
2	2197	28
2	2198	437
2	2199	58
2	2199	525
2	2202	118
2	2202	121
2	2202	930
2	2204	528
2	2204	543
2	2206	267
2	2206	350
2	2207	106
2	2208	339
2	2211	768
2	2211	838
2	2212	302
2	2213	71
2	2213	206
2	2213	640
2	2214	45
2	2214	140
2	2215	377
2	2216	158
2	2218	610
2	2219	337
2	2220	162
2	2220	703
2	2221	73
2	2221	298
2	2222	303
2	2222	411
2	2222	587
2	2223	166
2	2226	628
2	2228	509
2	2228	776
2	2229	120
2	2229	817
2	2231	320
2	2232	349
2	2233	174
2	2233	345
2	2234	159
2	2236	602
2	2237	11
2	2237	443
2	2238	65
2	2238	189
2	2238	472
2	2238	597
2	2239	49
2	2239	686
2	2240	718
2	2241	273
2	2241	336
2	2242	180
2	2242	652
2	2242	655
2	2242	933
2	2243	515
2	2243	540
2	2246	484
2	2247	300
2	2247	385
2	2247	725
2	2248	444
2	2248	627
2	2249	10
2	2249	643
2	2249	662
2	2250	335
2	2250	396
2	2252	139
2	2252	800
2	2255	176
2	2256	790
2	2258	853
2	2259	177
2	2259	787
2	2260	35
2	2261	569
2	2263	494
2	2263	739
2	2264	144
2	2264	724
2	2265	517
2	2266	328
2	2266	430
2	2267	285
2	2268	143
2	2268	650
2	2269	648
2	2271	607
2	2273	454
2	2273	707
2	2274	16
2	2275	518
2	2275	680
2	2276	778
2	2277	963
2	2278	641
2	2279	204
2	2279	226
2	2280	6
2	2280	466
2	2280	797
2	2281	541
2	2282	595
2	2283	568
2	2283	726
2	2283	791
2	2284	419
2	2285	293
2	2287	497
2	2287	867
2	2289	379
2	2290	464
2	2290	745
2	2290	956
2	2291	27
2	2291	130
2	2291	297
2	2292	603
2	2293	42
2	2293	94
2	2293	155
2	2294	563
2	2294	878
2	2295	700
2	2296	555
2	2296	789
2	2297	294
2	2297	366
2	2297	456
2	2298	18
2	2299	799
2	2300	465
2	2301	565
2	2301	585
2	2302	866
2	2304	50
2	2304	325
2	2304	567
2	2304	793
2	2308	492
2	2311	74
2	2312	190
2	2313	557
2	2313	660
2	2313	958
2	2315	311
2	2316	214
2	2317	849
2	2318	511
2	2318	596
2	2318	788
2	2319	227
2	2319	510
2	2319	875
2	2321	223
2	2321	498
2	2321	925
2	2323	512
2	2324	24
2	2324	213
2	2324	318
2	2324	414
2	2325	111
2	2325	182
2	2327	33
2	2327	229
2	2327	306
2	2329	102
2	2330	108
2	2331	570
2	2333	104
2	2334	260
2	2335	869
2	2336	218
2	2336	253
2	2337	28
2	2337	589
2	2339	765
2	2340	72
2	2341	186
2	2341	491
2	2342	382
2	2343	181
2	2344	26
2	2344	632
2	2344	721
2	2347	458
2	2348	147
2	2348	516
2	2349	445
2	2350	252
2	2350	467
2	2351	205
2	2351	239
2	2351	333
2	2353	552
2	2356	880
2	2360	99
2	2363	756
2	2363	825
2	2368	280
2	2369	321
2	2371	658
2	2372	268
2	2372	755
2	2374	913
2	2376	184
2	2376	663
2	2376	987
2	2377	752
2	2380	112
2	2380	254
2	2380	261
2	2380	495
2	2380	946
2	2385	460
2	2385	490
2	2386	154
2	2386	203
2	2388	344
2	2388	515
2	2391	870
2	2393	397
2	2395	220
2	2397	332
2	2398	292
2	2398	484
2	2398	938
2	2398	985
2	2399	420
2	2399	833
2	2400	549
2	2401	388
2	2402	673
2	2402	674
2	2402	921
2	2403	248
2	2403	946
2	2404	61
2	2406	606
2	2407	501
2	2409	329
2	2409	609
2	2411	140
2	2411	450
2	2414	18
2	2414	96
2	2414	943
2	2416	136
2	2417	400
2	2418	153
2	2419	623
2	2420	240
2	2420	283
2	2420	769
2	2421	212
2	2421	798
2	2422	620
2	2424	22
2	2424	59
2	2425	683
2	2425	939
2	2426	642
2	2426	661
2	2427	998
2	2428	195
2	2428	930
2	2430	392
2	2430	531
2	2430	816
2	2431	352
2	2431	394
2	2433	168
2	2433	647
2	2433	657
2	2434	185
2	2435	524
2	2435	580
2	2437	747
2	2439	308
2	2439	413
2	2439	695
2	2440	46
2	2440	358
2	2441	704
2	2442	500
2	2443	520
2	2444	882
2	2445	834
2	2447	645
2	2448	172
2	2449	581
2	2449	621
2	2450	522
2	2453	931
2	2455	536
2	2455	571
2	2456	720
2	2461	582
2	2462	39
2	2463	385
2	2464	374
2	2465	132
2	2468	486
2	2469	706
2	2469	966
2	2470	820
2	2471	67
2	2471	341
2	2471	528
2	2471	763
2	2472	155
2	2475	686
2	2477	849
2	2478	527
2	2478	867
2	2479	601
2	2480	981
2	2481	56
2	2481	740
2	2481	918
2	2483	354
2	2485	499
2	2486	603
2	2486	854
2	2488	130
2	2488	739
2	2489	409
2	2489	698
2	2490	163
2	2490	320
2	2490	391
2	2493	47
2	2494	346
2	2495	55
2	2496	313
2	2497	788
2	2498	387
2	2498	442
2	2499	781
2	2501	700
2	2501	730
2	2503	105
2	2503	729
2	2504	12
2	2504	137
2	2504	748
2	2506	116
2	2507	334
2	2507	507
2	2507	566
2	2508	513
2	2509	732
2	2510	399
2	2511	540
2	2512	293
2	2512	325
2	2513	371
2	2513	709
2	2514	211
2	2516	141
2	2517	357
2	2518	367
2	2519	988
2	2522	598
2	2523	735
2	2523	825
2	2524	53
2	2524	133
2	2524	209
2	2524	263
2	2524	419
2	2524	868
2	2525	574
2	2525	792
2	2526	262
2	2526	421
2	2527	215
2	2527	230
2	2530	226
2	2532	797
2	2533	232
2	2533	368
2	2533	702
2	2533	967
2	2535	618
2	2536	317
2	2536	853
2	2537	459
2	2538	640
2	2538	913
2	2539	338
2	2539	762
2	2540	636
2	2541	146
2	2541	219
2	2544	546
2	2544	616
2	2544	834
2	2544	917
2	2546	950
2	2547	122
2	2547	776
2	2547	842
2	2548	585
2	2549	267
2	2549	278
2	2551	577
2	2551	775
2	2552	294
2	2552	717
2	2553	575
2	2554	415
2	2554	434
2	2555	158
2	2555	638
2	2556	96
2	2556	470
2	2556	736
2	2558	672
2	2560	556
2	2561	969
2	2562	721
2	2562	771
2	2563	867
2	2564	168
2	2566	483
2	2567	663
2	2567	990
2	2568	623
2	2568	889
2	2569	599
2	2569	641
2	2571	548
2	2572	760
2	2573	745
2	2577	330
2	2579	355
2	2581	710
2	2582	453
2	2582	683
2	2582	789
2	2583	551
2	2583	693
2	2583	893
2	2585	16
2	2585	95
2	2585	509
2	2586	10
2	2587	103
2	2588	291
2	2590	707
2	2592	115
2	2593	110
2	2594	497
2	2595	594
2	2596	510
2	2596	703
2	2596	840
2	2597	13
2	2597	370
2	2598	270
2	2599	282
2	2599	607
2	2599	655
2	2600	113
2	2603	759
2	2605	555
2	2605	743
2	2606	292
2	2607	7
2	2607	203
2	2610	125
2	2611	873
2	2613	192
2	2613	260
2	2613	705
2	2616	187
2	2616	870
2	2617	76
2	2617	266
2	2617	373
2	2617	384
2	2617	517
2	2618	123
2	2621	80
2	2622	342
2	2623	537
2	2623	787
2	2624	126
2	2624	452
2	2624	960
2	2625	353
2	2627	375
2	2628	8
2	2628	206
2	2629	310
2	2629	418
2	2629	550
2	2629	880
2	2630	72
2	2630	998
2	2632	390
2	2633	916
2	2634	568
2	2636	409
2	2638	207
2	2639	372
2	2640	668
2	2642	238
2	2642	836
2	2644	202
2	2644	248
2	2644	669
2	2645	191
2	2646	727
2	2648	74
2	2650	156
2	2650	374
2	2650	479
2	2651	245
2	2651	297
2	2651	699
2	2652	172
2	2652	268
2	2652	680
2	2652	725
2	2654	275
2	2654	984
2	2655	33
2	2657	681
2	2657	869
2	2658	702
2	2659	26
2	2663	309
2	2663	481
2	2663	720
2	2664	946
2	2665	46
2	2665	779
2	2666	27
2	2666	780
2	2670	396
2	2671	272
2	2671	515
2	2672	186
2	2672	433
2	2673	276
2	2674	734
2	2674	881
2	2679	379
2	2681	690
2	2681	706
2	2684	154
2	2684	547
2	2685	78
2	2685	258
2	2686	23
2	2687	766
2	2688	406
2	2688	650
2	2688	958
2	2690	645
2	2690	647
2	2693	632
2	2694	82
2	2695	344
2	2698	136
2	2699	758
2	2701	283
2	2701	621
2	2702	768
2	2704	37
2	2704	49
2	2704	313
2	2705	236
2	2706	554
2	2709	732
2	2710	175
2	2710	303
2	2710	371
2	2710	416
2	2712	471
2	2713	377
2	2713	806
2	2714	299
2	2716	470
2	2716	571
2	2716	587
2	2716	711
2	2717	397
2	2717	675
2	2718	684
2	2719	735
2	2719	822
2	2720	395
2	2721	60
2	2723	640
2	2724	11
2	2725	77
2	2725	253
2	2727	162
2	2728	830
2	2729	195
2	2730	42
2	2731	119
2	2736	350
2	2736	362
2	2736	512
2	2737	548
2	2738	516
2	2738	736
2	2739	19
2	2739	352
2	2740	691
2	2741	626
2	2742	223
2	2743	462
2	2744	410
2	2745	429
2	2746	759
2	2747	385
2	2747	595
2	2747	641
2	2749	321
2	2749	485
2	2749	795
2	2750	897
2	2752	193
2	2753	325
2	2753	359
2	2753	590
2	2754	138
2	2754	439
2	2755	545
2	2755	558
2	2756	99
2	2757	466
2	2758	625
2	2759	64
2	2759	408
2	2759	660
2	2760	721
2	2760	846
2	2761	381
2	2761	435
2	2761	762
2	2762	337
2	2762	437
2	2762	686
2	2762	814
2	2763	392
2	2763	549
2	2764	118
2	2764	528
2	2766	612
2	2767	513
2	2767	797
2	2770	284
2	2770	941
2	2771	511
2	2773	505
2	2774	144
2	2774	605
2	2774	712
2	2775	246
2	2776	278
2	2776	373
2	2776	636
2	2776	929
2	2777	159
2	2777	209
2	2777	562
2	2777	616
2	2777	777
2	2777	928
2	2778	741
2	2779	456
2	2781	427
2	2781	445
2	2781	533
2	2781	826
2	2782	663
2	2783	500
2	2783	651
2	2783	763
2	2784	265
2	2785	116
2	2785	984
2	2786	733
2	2787	256
2	2788	292
2	2788	411
2	2788	856
2	2789	254
2	2789	844
2	2789	927
2	2790	793
2	2791	318
2	2791	874
2	2792	582
2	2793	551
2	2794	301
2	2794	415
2	2794	521
2	2794	894
2	2795	151
2	2798	748
2	2798	926
2	2800	642
2	2800	745
2	2801	658
2	2802	214
2	2802	277
2	2802	784
2	2802	796
2	2802	987
2	2803	199
2	2803	755
2	2805	589
2	2809	24
2	2809	534
2	2809	615
2	2811	681
2	2811	770
2	2814	133
2	2814	155
2	2815	568
2	2816	744
2	2817	507
2	2818	166
2	2818	910
2	2819	998
2	2821	264
2	2822	657
2	2822	674
2	2823	260
2	2823	685
2	2823	761
2	2824	236
2	2824	627
2	2825	69
2	2827	8
2	2831	455
2	2831	539
2	2832	331
2	2832	666
2	2835	649
2	2837	203
2	2838	768
2	2840	148
2	2840	603
2	2841	469
2	2841	656
2	2842	947
2	2843	22
2	2843	459
2	2843	510
2	2844	749
2	2845	518
2	2846	296
2	2846	637
2	2847	364
2	2849	358
2	2850	21
2	2850	287
2	2850	599
2	2850	704
2	2851	394
2	2852	288
2	2852	695
2	2853	185
2	2855	584
2	2855	670
2	2856	383
2	2856	417
2	2858	140
2	2859	790
2	2860	421
2	2861	798
2	2862	598
2	2863	566
2	2864	378
2	2866	531
2	2867	280
2	2868	950
2	2870	115
2	2872	340
2	2874	547
2	2876	59
2	2876	76
2	2876	494
2	2877	220
2	2877	669
2	2878	833
2	2881	667
2	2882	258
2	2882	964
2	2885	414
2	2885	665
2	2887	789
2	2889	139
2	2891	347
2	2891	991
2	2894	714
2	2896	349
2	2897	488
2	2897	994
2	2898	110
2	2898	240
2	2898	266
2	2899	643
2	2901	52
2	2901	225
2	2901	234
2	2904	826
2	2905	985
2	2905	988
2	2906	764
2	2908	739
2	2909	471
2	2909	698
2	2911	544
2	2911	555
2	2911	635
2	2913	715
2	2916	564
2	2916	619
2	2917	449
2	2917	611
2	2918	131
2	2918	735
2	2918	949
2	2919	678
2	2921	407
2	2923	783
2	2923	964
2	2924	671
2	2924	723
2	2928	496
2	2929	433
2	2930	38
2	2930	425
2	2931	61
2	2931	123
2	2931	727
2	2933	314
2	2934	481
2	2934	834
2	2935	624
2	2937	166
2	2938	176
2	2938	556
2	2938	918
2	2940	173
2	2940	498
2	2941	629
2	2941	697
2	2943	107
2	2944	541
2	2945	400
2	2947	457
2	2948	58
2	2949	743
2	2950	338
2	2950	350
2	2950	516
2	2950	725
2	2951	397
2	2952	600
2	2953	402
2	2953	818
2	2954	149
2	2954	507
2	2954	567
2	2956	683
2	2958	237
2	2958	525
2	2959	79
2	2961	880
2	2962	90
2	2962	390
2	2962	652
2	2963	403
2	2963	758
2	2964	483
2	2965	206
2	2965	283
2	2965	432
2	2965	606
2	2965	653
2	2967	794
2	2967	967
2	2968	843
2	2969	440
2	2970	602
2	2973	217
2	2974	297
2	2976	561
2	2977	48
2	2979	219
2	2982	182
2	2982	915
2	2983	530
2	2984	465
2	2984	864
2	2985	46
2	2989	447
2	2989	522
2	2990	44
2	2990	546
2	2990	709
2	2991	50
2	2991	632
2	2992	183
2	2994	129
2	2995	318
2	2996	435
2	2996	693
2	2997	100
2	2998	274
2	2999	14
2	3000	470
2	3001	393
2	3001	539
2	3002	53
2	3002	651
2	3003	490
2	3004	69
2	3004	702
2	3005	719
2	3006	105
2	3006	190
2	3007	258
2	3007	517
2	3007	705
2	3008	378
2	3009	424
2	3009	959
2	3011	817
2	3012	455
2	3012	782
2	3013	13
2	3013	325
2	3014	984
2	3017	991
2	3018	384
2	3018	826
2	3019	184
2	3020	500
2	3020	668
2	3021	536
2	3022	335
2	3022	554
2	3022	750
2	3023	185
2	3023	691
2	3025	463
2	3026	218
2	3026	252
2	3026	326
2	3026	482
2	3026	982
2	3028	442
2	3029	67
2	3031	752
2	3033	312
2	3033	356
2	3034	388
2	3034	437
2	3034	565
2	3034	867
2	3035	154
2	3036	191
2	3036	965
2	3038	734
2	3039	451
2	3040	362
2	3040	764
2	3042	244
2	3043	914
2	3044	3
2	3044	941
2	3044	942
2	3045	199
2	3045	609
2	3046	15
2	3048	649
2	3048	703
2	3049	2
2	3049	167
2	3050	235
2	3053	262
2	3054	271
2	3056	392
2	3057	34
2	3057	467
2	3059	73
2	3061	779
2	3062	868
2	3062	974
2	3064	255
2	3065	156
2	3067	263
2	3068	684
2	3068	695
2	3069	302
2	3074	164
2	3076	349
2	3077	35
2	3077	270
2	3077	492
2	3078	760
2	3078	871
2	3079	884
2	3080	640
2	3081	331
2	3082	212
2	3082	796
2	3084	228
2	3084	692
2	3084	786
2	3085	224
2	3086	679
2	3087	115
2	3087	662
2	3088	275
2	3088	400
2	3088	842
2	3089	143
2	3089	175
2	3092	78
2	3093	838
2	3095	359
2	3095	643
2	3098	604
2	3101	36
2	3102	113
2	3102	242
2	3104	28
2	3105	279
2	3105	713
2	3107	585
2	3107	663
2	3107	879
2	3109	186
2	3109	575
2	3111	227
2	3111	489
2	3114	111
2	3114	566
2	3116	93
2	3117	414
2	3117	417
2	3118	103
2	3121	297
2	3122	109
2	3123	660
2	3123	936
2	3125	11
2	3125	90
2	3125	889
2	3126	966
2	3128	406
2	3130	198
2	3131	137
2	3131	142
2	3131	273
2	3132	818
2	3133	682
2	3134	431
2	3136	574
2	3137	390
2	3137	741
2	3138	436
2	3138	918
2	3139	48
2	3142	169
2	3142	200
2	3145	240
2	3145	685
2	3146	924
2	3147	195
2	3147	485
2	3147	625
2	3148	358
2	3149	183
2	3149	461
2	3149	637
2	3150	238
2	3151	529
2	3152	985
2	3153	665
2	3154	458
2	3156	249
2	3157	151
2	3157	445
2	3158	104
2	3158	780
2	3159	77
2	3159	139
2	3160	877
2	3161	840
2	3163	433
2	3165	276
2	3166	733
2	3167	626
2	3167	842
2	3168	166
2	3169	541
2	3169	657
2	3169	841
2	3170	557
2	3170	926
2	3171	353
2	3171	624
2	3172	722
2	3174	222
2	3174	712
2	3176	7
2	3176	157
2	3177	207
2	3179	858
2	3180	849
2	3182	281
2	3182	762
2	3182	820
2	3184	830
2	3184	838
2	3185	797
2	3186	27
2	3186	576
2	3186	813
2	3187	474
2	3188	341
2	3188	370
2	3189	707
2	3189	751
2	3189	792
2	3189	927
2	3191	59
2	3191	168
2	3191	268
2	3191	321
2	3192	312
2	3192	392
2	3192	419
2	3193	796
2	3194	298
2	3195	346
2	3195	380
2	3195	496
2	3195	823
2	3196	22
2	3196	243
2	3197	43
2	3197	391
2	3198	61
2	3198	572
2	3200	342
2	3201	153
2	3201	210
2	3201	863
2	3203	101
2	3203	648
2	3204	26
2	3204	211
2	3204	879
2	3205	332
2	3208	653
2	3209	85
2	3209	969
2	3211	642
2	3214	292
2	3215	856
2	3216	121
2	3216	671
2	3216	772
2	3218	115
2	3219	300
2	3219	495
2	3222	246
2	3222	264
2	3223	159
2	3223	517
2	3224	119
2	3226	311
2	3227	652
2	3228	614
2	3229	546
2	3230	118
2	3230	715
2	3231	34
2	3231	667
2	3231	875
2	3233	87
2	3233	426
2	3233	472
2	3233	621
2	3234	779
2	3235	527
2	3236	285
2	3237	434
2	3237	569
2	3240	629
2	3240	940
2	3241	453
2	3244	6
2	3244	563
2	3246	673
2	3247	395
2	3247	905
2	3248	188
2	3249	491
2	3250	74
2	3250	302
2	3251	70
2	3251	379
2	3253	180
2	3253	430
2	3253	913
2	3254	356
2	3256	720
2	3257	236
2	3260	73
2	3260	241
2	3261	56
2	3261	331
2	3261	538
2	3261	561
2	3263	232
2	3264	535
2	3265	32
2	3266	532
2	3266	566
2	3266	595
2	3267	436
2	3267	873
2	3268	263
2	3269	368
2	3269	492
2	3270	623
2	3271	791
2	3273	63
2	3274	325
2	3276	95
2	3277	422
2	3278	172
2	3278	534
2	3280	592
2	3280	743
2	3281	441
2	3281	775
2	3282	636
2	3284	160
2	3285	674
2	3285	906
2	3286	957
2	3287	144
2	3288	949
2	3289	485
2	3290	789
2	3291	627
2	3291	654
2	3292	765
2	3293	242
2	3295	214
2	3296	117
2	3296	442
2	3296	698
2	3297	151
2	3297	340
2	3298	277
2	3299	229
2	3300	345
2	3300	406
2	3300	582
2	3301	82
2	3304	681
2	3306	526
2	3306	867
2	3308	217
2	3308	887
2	3311	45
2	3312	291
2	3312	400
2	3312	864
2	3313	597
2	3313	758
2	3314	390
2	3315	578
2	3318	557
2	3319	805
2	3319	844
2	3320	255
2	3320	577
2	3321	67
2	3321	701
2	3322	738
2	3323	473
2	3323	937
2	3324	558
2	3324	858
2	3324	898
2	3325	220
2	3325	480
2	3325	668
2	3325	692
2	3326	108
2	3329	99
2	3329	268
2	3329	377
2	3329	481
2	3330	146
2	3331	86
2	3333	121
2	3334	166
2	3334	264
2	3334	363
2	3334	691
2	3335	53
2	3336	94
2	3336	414
2	3336	741
2	3337	562
2	3341	427
2	3342	591
2	3345	5
2	3345	235
2	3347	152
2	3347	190
2	3347	355
2	3348	344
2	3349	75
2	3350	43
2	3350	157
2	3350	203
2	3354	962
2	3355	14
2	3355	727
2	3358	969
2	3359	768
2	3360	496
2	3361	876
2	3362	748
2	3363	187
2	3364	671
2	3365	423
2	3369	866
2	3370	105
2	3370	131
2	3370	483
2	3370	784
2	3371	129
2	3371	956
2	3372	960
2	3373	735
2	3376	711
2	3377	188
2	3378	233
2	3379	453
2	3384	589
2	3384	594
2	3386	580
2	3386	696
2	3386	970
2	3387	537
2	3387	845
2	3388	11
2	3389	191
2	3389	221
2	3389	523
2	3392	640
2	3392	667
2	3393	281
2	3393	550
2	3394	120
2	3394	525
2	3395	373
2	3396	438
2	3397	207
2	3397	454
2	3397	722
2	3397	794
2	3397	875
2	3398	332
2	3398	584
2	3399	370
2	3400	97
2	3400	109
2	3401	51
2	3402	898
2	3403	611
2	3403	693
2	3405	666
2	3405	925
2	3406	299
2	3407	672
2	3408	179
2	3409	57
2	3409	833
2	3410	211
2	3410	317
2	3410	581
2	3411	879
2	3412	3
2	3412	156
2	3413	141
2	3415	266
2	3416	288
2	3418	401
2	3419	885
2	3421	752
2	3421	782
2	3422	50
2	3422	708
2	3422	968
2	3423	349
2	3424	158
2	3425	87
2	3425	413
2	3425	642
2	3427	548
2	3429	184
2	3430	464
2	3432	222
2	3433	12
2	3433	742
2	3434	709
2	3435	40
2	3435	531
2	3436	111
2	3437	452
2	3437	751
2	3439	204
2	3439	524
2	3439	662
2	3440	395
2	3441	553
2	3447	331
2	3447	530
2	3448	254
2	3448	507
2	3449	465
2	3450	300
2	3450	974
2	3453	199
2	3454	192
2	3454	538
2	3454	707
2	3455	769
2	3457	76
2	3458	419
2	3459	949
2	3460	28
2	3462	863
2	3464	144
2	3464	380
2	3464	522
2	3464	661
2	3467	635
2	3468	542
2	3468	657
2	3469	303
2	3469	356
2	3469	480
2	3469	498
2	3470	536
2	3472	460
2	3474	408
2	3475	491
2	3476	394
2	3477	137
2	3478	117
2	3478	389
2	3479	710
2	3479	938
2	3480	374
2	3481	177
2	3481	638
2	3481	762
2	3483	717
2	3486	329
2	3487	89
2	3487	599
2	3487	793
2	3489	38
2	3489	689
2	3492	501
2	3492	610
2	3493	275
2	3493	939
2	3494	118
2	3495	114
2	3496	333
2	3496	685
2	3497	80
2	3497	489
2	3498	287
2	3498	797
2	3499	528
2	3500	22
2	3500	127
2	3502	447
2	3503	72
2	3505	377
2	3505	603
2	3506	516
2	3508	104
2	3508	133
2	3508	853
2	3509	41
2	3509	358
2	3510	802
2	3511	973
2	3513	563
2	3513	605
2	3514	322
2	3514	512
2	3515	448
2	3518	253
2	3518	301
2	3518	601
2	3519	246
2	3519	906
2	3522	387
2	3526	159
2	3526	290
2	3526	554
2	3527	756
2	3528	25
2	3528	772
2	3529	68
2	3530	2
2	3531	984
2	3533	71
2	3534	569
2	3535	143
2	3536	73
2	3536	154
2	3536	404
2	3539	203
2	3539	490
2	3542	975
2	3544	55
2	3545	284
2	3546	205
2	3547	10
2	3549	523
2	3550	292
2	3550	583
2	3551	904
2	3553	493
2	3554	75
2	3555	630
2	3556	6
2	3557	659
2	3558	681
2	3558	799
2	3559	121
2	3560	593
2	3561	503
2	3562	613
2	3563	161
2	3563	660
2	3564	265
2	3565	495
2	3567	18
2	3568	217
2	3568	471
2	3568	533
2	3568	546
2	3568	882
2	3569	103
2	3569	641
2	3570	43
2	3571	202
2	3572	146
2	3573	251
2	3574	19
2	3574	398
2	3576	237
2	3576	564
2	3577	585
2	3578	87
2	3579	771
2	3580	353
2	3580	436
2	3581	527
2	3582	382
2	3582	780
2	3583	285
2	3583	328
2	3583	627
2	3583	642
2	3583	911
2	3584	233
2	3585	151
2	3586	175
2	3586	242
2	3586	740
2	3587	17
2	3587	873
2	3588	69
2	3589	505
2	3589	701
2	3590	625
2	3590	754
2	3591	185
2	3593	525
2	3600	86
2	3600	757
2	3601	479
2	3602	107
2	3602	612
2	3603	518
2	3605	230
2	3605	638
2	3606	579
2	3606	767
2	3607	595
2	3608	147
2	3610	750
2	3611	576
2	3611	690
2	3612	526
2	3612	847
2	3613	7
2	3613	453
2	3613	562
2	3614	16
2	3614	171
2	3616	257
2	3618	36
2	3620	317
2	3620	331
2	3621	370
2	3621	372
2	3624	124
2	3624	604
2	3625	921
2	3627	476
2	3627	720
2	3628	33
2	3629	320
2	3629	507
2	3630	510
2	3630	781
2	3631	368
2	3635	187
2	3635	529
2	3636	289
2	3636	785
2	3637	115
2	3638	462
2	3639	998
2	3640	399
2	3640	924
2	3641	640
2	3641	644
2	3643	343
2	3643	509
2	3644	201
2	3644	899
2	3647	166
2	3647	380
2	3647	726
2	3655	746
2	3656	8
2	3656	725
2	3656	765
2	3657	292
2	3657	626
2	3658	78
2	3660	700
2	3661	130
2	3661	314
2	3662	411
2	3662	763
2	3663	186
2	3663	345
2	3663	499
2	3664	838
2	3665	252
2	3666	218
2	3666	985
2	3669	362
2	3669	391
2	3669	467
2	3669	759
2	3670	262
2	3671	693
2	3671	891
2	3675	637
2	3678	646
2	3680	702
2	3681	539
2	3682	477
2	3682	512
2	3683	70
2	3684	482
2	3684	749
2	3686	549
2	3687	96
2	3688	144
2	3689	423
2	3689	758
2	3690	58
2	3690	344
2	3692	170
2	3695	997
2	3697	121
2	3698	261
2	3702	371
2	3703	652
2	3705	6
2	3705	694
2	3707	696
2	3708	153
2	3708	272
2	3708	321
2	3708	346
2	3709	68
2	3710	790
2	3711	232
2	3711	709
2	3713	99
2	3714	306
2	3715	846
2	3716	94
2	3716	123
2	3716	356
2	3716	425
2	3719	536
2	3720	5
2	3720	967
2	3721	777
2	3721	779
2	3723	138
2	3724	249
2	3724	441
2	3725	419
2	3725	768
2	3727	294
2	3727	920
2	3728	139
2	3729	388
2	3730	771
2	3733	607
2	3734	514
2	3738	154
2	3738	554
2	3741	799
2	3741	917
2	3746	614
2	3747	634
2	3748	373
2	3750	853
2	3751	268
2	3752	241
2	3752	715
2	3755	500
2	3756	38
2	3757	698
2	3761	393
2	3761	412
2	3761	494
2	3762	227
2	3763	561
2	3764	75
2	3765	394
2	3765	519
2	3765	587
2	3767	447
2	3767	964
2	3769	370
2	3770	7
2	3770	805
2	3772	985
2	3773	515
2	3775	859
2	3777	389
2	3778	967
2	3782	571
2	3784	49
2	3784	680
2	3785	88
2	3785	808
2	3786	641
2	3788	203
2	3789	737
2	3790	303
2	3790	606
2	3790	851
2	3791	77
2	3794	62
2	3794	360
2	3795	940
2	3798	716
2	3799	422
2	3800	191
2	3801	183
2	3802	430
2	3803	385
2	3803	563
2	3804	287
2	3804	496
2	3804	876
2	3806	756
2	3807	592
2	3807	931
2	3808	234
2	3809	589
2	3810	45
2	3810	838
2	3811	350
2	3811	905
2	3814	380
2	3814	618
2	3816	176
2	3816	222
2	3816	427
2	3818	786
2	3820	108
2	3820	747
2	3820	922
2	3821	358
2	3822	498
2	3822	613
2	3823	301
2	3823	626
2	3824	103
2	3824	788
2	3826	156
2	3828	230
2	3828	842
2	3829	12
2	3829	702
2	3830	501
2	3831	211
2	3833	288
2	3834	586
2	3834	600
2	3835	98
2	3836	369
2	3838	602
2	3839	919
2	3840	619
2	3840	796
2	3841	267
2	3841	271
2	3842	327
2	3842	545
2	3848	331
2	3848	463
2	3850	873
2	3852	617
2	3853	254
2	3857	669
2	3858	713
2	3859	72
2	3859	631
2	3859	775
2	3860	997
2	3861	434
2	3863	34
2	3863	248
2	3864	445
2	3864	468
2	3864	922
2	3866	41
2	3870	317
2	3870	751
2	3871	105
2	3871	280
2	3871	575
2	3871	699
2	3872	487
2	3872	685
2	3873	161
2	3873	204
2	3873	809
2	3874	552
2	3875	520
2	3876	266
2	3876	353
2	3876	668
2	3881	920
2	3882	114
2	3882	689
2	3882	848
2	3883	81
2	3884	347
2	3885	129
2	3885	884
2	3885	945
2	3886	169
2	3886	324
2	3889	42
2	3892	278
2	3893	388
2	3896	478
2	3897	184
2	3897	623
2	3899	337
2	3902	377
2	3903	307
2	3905	742
2	3905	858
2	3906	29
2	3906	760
2	3908	48
2	3908	76
2	3909	440
2	3909	926
2	3911	22
2	3911	298
2	3916	475
2	3917	291
2	3917	462
2	3918	525
2	3918	839
2	3921	344
2	3922	167
2	3923	92
2	3924	27
2	3925	261
2	3926	484
2	3926	661
2	3927	40
2	3927	722
2	3927	773
2	3929	175
2	3931	543
2	3931	949
2	3932	162
2	3933	182
2	3933	313
2	3933	762
2	3934	118
2	3934	535
2	3935	995
2	3937	255
2	3937	610
2	3937	712
2	3937	845
2	3938	303
2	3938	472
2	3939	594
2	3940	25
2	3940	223
2	3942	694
2	3943	442
2	3943	562
2	3944	970
2	3945	289
2	3945	454
2	3946	121
2	3947	250
2	3949	711
2	3949	945
2	3951	263
2	3951	414
2	3952	270
2	3952	470
2	3952	528
2	3954	19
2	3954	740
2	3954	769
2	3955	420
2	3956	330
2	3957	649
2	3957	822
2	3959	861
2	3960	504
2	3960	509
2	3961	201
2	3962	342
2	3963	385
2	3964	488
2	3965	965
2	3967	492
2	3967	596
2	3969	648
2	3969	910
2	3969	964
2	3970	46
2	3972	357
2	3972	544
2	3973	143
2	3973	192
2	3973	479
2	3973	981
2	3974	593
2	3974	655
2	3976	375
2	3976	496
2	3977	976
2	3979	57
2	3979	902
2	3980	869
2	3982	33
2	3983	923
2	3984	90
2	3984	243
2	3984	641
2	3984	919
2	3985	840
2	3986	584
2	3988	800
2	3990	63
2	3991	208
2	3992	427
2	3996	934
2	3997	753
2	3999	567
2	4002	646
2	4006	193
2	4006	863
2	4008	221
2	4008	259
2	4009	252
2	4011	190
2	4014	474
2	4014	907
2	4015	11
2	4016	37
2	4016	909
2	4018	761
2	4019	433
2	4021	60
2	4021	84
2	4021	362
2	4021	500
2	4022	165
2	4023	126
2	4023	671
2	4024	406
2	4025	290
2	4026	95
2	4028	98
2	4029	511
2	4029	751
2	4030	119
2	4030	426
2	4031	643
2	4032	161
2	4035	227
2	4035	894
2	4037	123
2	4038	196
2	4038	258
2	4038	574
2	4039	691
2	4040	22
2	4041	452
2	4042	534
2	4042	665
2	4042	886
2	4043	170
2	4044	630
2	4044	961
2	4046	603
2	4046	620
2	4048	244
2	4048	674
2	4049	471
2	4052	130
2	4053	401
2	4053	439
2	4053	717
2	4053	794
2	4053	893
2	4054	784
2	4055	136
2	4057	490
2	4057	656
2	4058	310
2	4059	41
2	4059	819
2	4060	487
2	4060	785
2	4061	441
2	4062	69
2	4062	590
2	4064	97
2	4065	724
2	4065	947
2	4066	817
2	4067	7
2	4067	936
2	4068	386
2	4068	508
2	4069	124
2	4069	198
2	4069	220
2	4069	222
2	4071	612
2	4072	436
2	4072	493
2	4072	976
2	4074	144
2	4074	783
2	4075	390
2	4075	392
2	4075	689
2	4076	996
2	4077	412
2	4077	495
2	4077	523
2	4078	176
2	4078	792
2	4079	403
2	4079	651
2	4080	608
2	4081	212
2	4081	315
2	4081	345
2	4081	633
2	4082	360
2	4082	690
2	4083	672
2	4085	268
2	4086	337
2	4086	688
2	4086	908
2	4087	233
2	4088	788
2	4089	114
2	4090	505
2	4092	277
2	4092	774
2	4092	974
2	4093	885
2	4094	105
2	4095	726
2	4097	225
2	4098	283
2	4100	64
2	4101	251
2	4103	10
2	4103	75
2	4104	106
2	4104	270
2	4104	659
2	4106	238
2	4106	521
2	4107	35
2	4107	338
2	4107	411
2	4108	460
2	4112	278
2	4112	305
2	4114	498
2	4116	765
2	4118	186
2	4119	670
2	4119	731
2	4122	127
2	4123	718
2	4124	246
2	4124	292
2	4124	592
2	4124	847
2	4124	883
2	4125	332
2	4125	686
2	4125	745
2	4127	553
2	4128	625
2	4130	664
2	4131	736
2	4131	948
2	4133	732
2	4134	3
2	4134	155
2	4135	543
2	4137	213
2	4137	464
2	4138	512
2	4139	82
2	4140	758
2	4141	756
2	4143	43
2	4143	116
2	4143	402
2	4143	598
2	4143	819
2	4144	405
2	4144	545
2	4144	700
2	4145	4
2	4145	445
2	4145	818
2	4148	666
2	4151	215
2	4151	483
2	4153	599
2	4155	396
2	4155	450
2	4156	683
2	4158	713
2	4159	330
2	4159	698
2	4163	527
2	4164	705
2	4165	321
2	4166	452
2	4166	579
2	4167	87
2	4169	687
2	4170	461
2	4170	770
2	4171	798
2	4171	855
2	4172	159
2	4172	613
2	4172	999
2	4175	11
2	4175	760
2	4178	728
2	4180	197
2	4180	335
2	4181	349
2	4181	823
2	4182	752
2	4183	63
2	4183	336
2	4185	77
2	4187	46
2	4187	678
2	4188	319
2	4188	963
2	4189	299
2	4190	746
2	4191	16
2	4191	91
2	4191	243
2	4191	637
2	4192	757
2	4193	214
2	4194	80
2	4197	581
2	4197	914
2	4197	973
2	4198	67
2	4198	166
2	4199	948
2	4200	989
2	4202	154
2	4205	486
2	4205	750
2	4206	187
2	4207	635
2	4209	739
2	4211	701
2	4212	8
2	4213	240
2	4213	274
2	4214	232
2	4216	424
2	4217	410
2	4218	570
2	4222	696
2	4224	150
2	4225	85
2	4227	428
2	4229	100
2	4229	485
2	4229	715
2	4229	841
2	4230	457
2	4230	562
2	4233	143
2	4233	303
2	4236	788
2	4238	415
2	4238	447
2	4239	624
2	4240	128
2	4242	359
2	4242	547
2	4242	641
2	4242	992
2	4243	219
2	4245	810
2	4247	422
2	4247	560
2	4249	477
2	4249	681
2	4250	629
2	4250	799
2	4256	369
2	4257	922
2	4259	108
2	4263	513
2	4263	549
2	4263	676
2	4264	886
2	4264	956
2	4266	426
2	4266	838
2	4268	470
2	4268	514
2	4269	761
2	4269	927
2	4270	42
2	4270	400
2	4271	940
2	4272	164
2	4274	99
2	4275	481
2	4276	802
2	4277	937
2	4278	535
2	4278	662
2	4279	1
2	4279	71
2	4279	118
2	4281	207
2	4281	522
2	4281	561
2	4283	692
2	4284	6
2	4285	79
2	4286	311
2	4286	411
2	4289	33
2	4289	554
2	4290	256
2	4291	225
2	4291	482
2	4292	226
2	4294	22
2	4294	149
2	4294	801
2	4294	916
2	4295	366
2	4295	611
2	4295	857
2	4298	634
2	4300	396
2	4300	946
2	4302	365
2	4303	712
2	4303	773
2	4304	10
2	4304	37
2	4309	716
2	4310	588
2	4310	764
2	4311	234
2	4312	465
2	4312	656
2	4313	354
2	4314	453
2	4314	607
2	4316	35
2	4317	334
2	4317	992
2	4318	132
2	4318	378
2	4319	413
2	4320	299
2	4320	741
2	4321	307
2	4322	668
2	4325	552
2	4326	480
2	4327	39
2	4327	566
2	4327	757
2	4328	191
2	4329	284
2	4329	539
2	4333	640
2	4337	525
2	4338	239
2	4339	563
2	4340	793
2	4344	409
2	4346	704
2	4347	650
2	4347	670
2	4349	451
2	4349	794
2	4350	210
2	4350	231
2	4351	309
2	4351	454
2	4351	708
2	4352	107
2	4353	135
2	4353	238
2	4353	663
2	4354	364
2	4355	393
2	4355	591
2	4355	875
2	4356	98
2	4356	697
2	4357	614
2	4357	989
2	4358	657
2	4359	248
2	4359	573
2	4359	715
2	4360	111
2	4361	468
2	4362	217
2	4362	456
2	4364	719
2	4365	622
2	4366	246
2	4368	401
2	4368	726
2	4368	872
2	4368	963
2	4369	505
2	4369	913
2	4370	188
2	4371	101
2	4371	308
2	4371	770
2	4376	700
2	4378	753
2	4379	278
2	4379	619
2	4379	743
2	4380	30
2	4381	940
2	4383	136
2	4383	723
2	4384	615
2	4385	21
2	4386	165
2	4387	233
2	4388	772
2	4391	45
2	4391	72
2	4391	790
2	4391	876
2	4392	60
2	4393	842
2	4394	496
2	4395	775
2	4397	733
2	4398	260
2	4398	280
2	4399	835
2	4403	684
2	4403	975
2	4405	426
2	4405	833
2	4406	304
2	4406	686
2	4407	318
2	4407	380
2	4407	513
2	4408	93
2	4409	998
2	4410	412
2	4411	620
2	4412	157
2	4412	373
2	4412	958
2	4414	592
2	4414	652
2	4414	932
2	4417	129
2	4417	777
2	4419	209
2	4419	627
2	4421	276
2	4421	695
2	4422	53
2	4423	559
2	4425	403
2	4426	28
2	4426	317
2	4426	424
2	4430	367
2	4430	819
2	4431	319
2	4431	628
2	4434	427
2	4434	490
2	4435	512
2	4436	56
2	4436	169
2	4437	154
2	4437	526
2	4438	202
2	4438	394
2	4439	547
2	4439	864
2	4442	437
2	4444	196
2	4445	183
2	4445	399
2	4445	752
2	4446	138
2	4449	17
2	4450	498
2	4450	524
2	4451	198
2	4451	387
2	4451	483
2	4451	494
2	4451	848
2	4453	521
2	4453	575
2	4455	604
2	4456	352
2	4457	151
2	4457	508
2	4458	716
2	4459	489
2	4459	613
2	4459	692
2	4460	329
2	4460	414
2	4461	597
2	4462	671
2	4464	32
2	4464	281
2	4464	906
2	4466	338
2	4466	593
2	4467	984
2	4468	551
2	4469	340
2	4470	497
2	4471	550
2	4472	301
2	4473	400
2	4474	86
2	4474	347
2	4475	446
2	4475	565
2	4476	747
2	4477	517
2	4477	655
2	4478	122
2	4478	204
2	4479	97
2	4479	750
2	4479	896
2	4480	876
2	4482	258
2	4483	161
2	4485	888
2	4485	991
2	4486	200
2	4487	611
2	4488	40
2	4489	205
2	4489	734
2	4491	583
2	4492	948
2	4493	688
2	4495	132
2	4497	762
2	4497	805
2	4497	810
2	4498	290
2	4498	420
2	4498	701
2	4500	410
2	4502	257
2	4502	715
2	4502	792
2	4503	57
2	4503	405
2	4503	819
2	4505	472
2	4506	140
2	4506	148
2	4507	187
2	4507	300
2	4509	201
2	4509	292
2	4509	669
2	4510	136
2	4511	11
2	4513	647
2	4514	54
2	4514	996
2	4515	480
2	4516	616
2	4517	43
2	4517	665
2	4518	530
2	4519	404
2	4520	78
2	4520	731
2	4520	870
2	4520	933
2	4522	774
2	4526	212
2	4526	388
2	4528	963
2	4530	51
2	4530	756
2	4530	781
2	4532	402
2	4532	722
2	4532	802
2	4534	975
2	4535	586
2	4537	113
2	4538	270
2	4539	223
2	4539	759
2	4539	960
2	4540	515
2	4542	458
2	4542	754
2	4544	921
2	4546	143
2	4546	650
2	4546	997
2	4547	217
2	4547	698
2	4547	878
2	4547	934
2	4548	953
2	4549	652
2	4550	598
2	4551	215
2	4551	894
2	4552	507
2	4553	702
2	4554	371
2	4557	588
2	4557	724
2	4560	967
2	4562	251
2	4565	14
2	4565	602
2	4566	47
2	4567	501
2	4567	798
2	4568	700
2	4570	516
2	4572	751
2	4574	429
2	4574	681
2	4575	16
2	4575	208
2	4575	697
2	4575	974
2	4576	85
2	4579	714
2	4580	38
2	4580	973
2	4584	207
2	4584	829
2	4585	392
2	4586	334
2	4586	470
2	4587	895
2	4588	322
2	4589	727
2	4590	827
2	4591	758
2	4591	986
2	4593	914
2	4594	913
2	4596	63
2	4598	232
2	4598	315
2	4598	320
2	4598	788
2	4600	115
2	4601	117
2	4602	708
2	4602	933
2	4603	26
2	4603	620
2	4604	235
2	4605	70
2	4605	520
2	4606	435
2	4607	247
2	4608	162
2	4608	648
2	4610	268
2	4610	285
2	4610	439
2	4611	224
2	4611	409
2	4611	464
2	4611	699
2	4612	306
2	4612	312
2	4612	664
2	4613	13
2	4613	199
2	4613	214
2	4613	806
2	4613	901
2	4614	310
2	4615	521
2	4615	885
2	4616	88
2	4617	253
2	4617	374
2	4620	666
2	4623	20
2	4623	538
2	4623	938
2	4624	319
2	4624	601
2	4625	725
2	4625	870
2	4626	82
2	4626	125
2	4627	456
2	4627	833
2	4629	240
2	4629	782
2	4630	440
2	4630	487
2	4631	318
2	4631	347
2	4631	489
2	4631	667
2	4632	265
2	4634	189
2	4635	194
2	4636	463
2	4636	694
2	4638	244
2	4639	519
2	4640	502
2	4640	647
2	4641	41
2	4641	353
2	4643	773
2	4644	384
2	4645	705
2	4647	341
2	4647	683
2	4648	175
2	4648	737
2	4649	7
2	4649	269
2	4649	670
2	4649	764
2	4652	554
2	4653	15
2	4653	18
2	4653	57
2	4653	548
2	4653	595
2	4654	674
2	4656	858
2	4657	197
2	4657	291
2	4657	838
2	4658	248
2	4659	166
2	4661	621
2	4662	369
2	4662	676
2	4663	136
2	4663	989
2	4664	356
2	4664	680
2	4665	561
2	4665	687
2	4665	956
2	4666	34
2	4666	126
2	4666	581
2	4666	616
2	4666	745
2	4667	780
2	4669	973
2	4671	837
2	4673	33
2	4673	707
2	4674	60
2	4674	316
2	4675	849
2	4679	28
2	4679	432
2	4680	845
2	4680	870
2	4681	453
2	4681	856
2	4682	292
2	4682	564
2	4683	141
2	4687	995
2	4688	389
2	4688	547
2	4689	343
2	4690	260
2	4690	825
2	4692	807
2	4693	280
2	4694	360
2	4694	790
2	4696	237
2	4696	927
2	4697	783
2	4698	894
2	4699	414
2	4699	533
2	4700	187
2	4700	728
2	4700	736
2	4701	679
2	4701	756
2	4702	215
2	4702	570
2	4702	635
2	4702	776
2	4704	202
2	4704	251
2	4704	800
2	4706	58
2	4706	938
2	4707	585
2	4713	287
2	4715	55
2	4715	352
2	4716	288
2	4716	740
2	4717	3
2	4717	380
2	4717	791
2	4718	614
2	4719	81
2	4719	124
2	4720	335
2	4720	493
2	4721	593
2	4722	412
2	4724	153
2	4725	314
2	4725	863
2	4726	10
2	4727	128
2	4728	540
2	4728	993
2	4729	466
2	4730	763
2	4732	703
2	4734	362
2	4735	422
2	4735	443
2	4737	684
2	4738	582
2	4739	445
2	4740	619
2	4741	97
2	4743	909
2	4744	989
2	4745	315
2	4745	722
2	4747	426
2	4747	527
2	4747	714
2	4747	866
2	4748	290
2	4748	565
2	4750	317
2	4750	442
2	4751	56
2	4751	334
2	4752	503
2	4753	457
2	4753	755
2	4755	160
2	4757	529
2	4758	690
2	4759	229
2	4759	398
2	4759	986
2	4762	482
2	4763	296
2	4764	63
2	4765	37
2	4765	308
2	4766	199
2	4769	695
2	4769	766
2	4770	596
2	4771	69
2	4771	655
2	4772	152
2	4772	919
2	4774	172
2	4775	220
2	4775	536
2	4776	344
2	4776	375
2	4779	102
2	4783	243
2	4785	142
2	4785	640
2	4785	937
2	4786	939
2	4787	621
2	4790	545
2	4791	125
2	4791	906
2	4792	201
2	4792	555
2	4793	122
2	4794	520
2	4796	411
2	4796	788
2	4798	513
2	4799	477
2	4799	706
2	4800	715
2	4800	720
2	4802	515
2	4803	316
2	4803	955
2	4805	120
2	4806	118
2	4807	101
2	4808	355
2	4809	270
2	4809	868
2	4810	286
2	4814	48
2	4814	686
2	4816	562
2	4817	458
2	4819	145
2	4820	222
2	4820	242
2	4821	440
2	4823	207
2	4823	226
2	4823	534
2	4823	993
2	4826	603
2	4827	348
2	4829	839
2	4830	95
2	4830	214
2	4830	502
2	4831	932
2	4833	862
2	4835	437
2	4835	535
2	4835	587
2	4836	253
2	4839	265
2	4839	971
2	4840	560
2	4840	572
2	4840	678
2	4841	167
2	4841	756
2	4842	94
2	4842	221
2	4842	307
2	4844	469
2	4845	40
2	4848	91
2	4848	423
2	4848	479
2	4848	665
2	4849	671
2	4849	894
2	4852	475
2	4853	273
2	4854	224
2	4855	518
2	4855	542
2	4855	933
2	4857	441
2	4857	731
2	4859	200
2	4859	557
2	4859	826
2	4861	571
2	4862	92
2	4862	485
2	4863	261
2	4863	397
2	4863	727
2	4864	364
2	4864	385
2	4865	161
2	4865	412
2	4866	190
2	4867	408
2	4868	45
2	4868	305
2	4868	417
2	4870	105
2	4873	784
2	4874	32
2	4876	50
2	4878	710
2	4883	449
2	4883	676
2	4884	497
2	4887	267
2	4888	282
2	4888	692
2	4888	872
2	4889	116
2	4889	248
2	4890	115
2	4890	771
2	4892	592
2	4893	679
2	4895	168
2	4897	49
2	4900	321
2	4901	239
2	4902	421
2	4902	570
2	4903	810
2	4904	516
2	4904	584
2	4906	9
2	4906	130
2	4906	782
2	4908	299
2	4908	857
2	4909	54
2	4910	697
2	4910	702
2	4911	81
2	4911	456
2	4913	507
2	4913	800
2	4913	881
2	4914	543
2	4915	420
2	4916	835
2	4917	236
2	4917	387
2	4917	651
2	4918	426
2	4918	605
2	4918	662
2	4919	301
2	4919	541
2	4919	685
2	4919	960
2	4920	260
2	4920	476
2	4920	508
2	4923	271
2	4923	693
2	4924	240
2	4924	524
2	4924	670
2	4925	504
2	4926	860
2	4928	352
2	4928	532
2	4928	825
2	4929	341
2	4930	431
2	4930	602
2	4932	531
2	4935	107
2	4936	609
2	4938	380
2	4938	568
2	4938	578
2	4938	941
2	4939	533
2	4941	764
2	4942	510
2	4942	718
2	4943	109
2	4944	914
2	4945	770
2	4945	876
2	4946	310
2	4946	801
2	4947	398
2	4947	719
2	4947	866
2	4949	746
2	4949	908
2	4950	180
2	4950	350
2	4952	634
2	4955	451
2	4955	539
2	4957	698
2	4958	309
2	4959	223
2	4959	438
2	4960	328
2	4961	589
2	4961	725
2	4961	779
2	4964	626
2	4965	171
2	4966	763
2	4967	404
2	4968	613
2	4968	752
2	4969	251
2	4969	596
2	4969	661
2	4970	283
2	4970	687
2	4972	340
2	4973	567
2	4973	758
2	4973	964
2	4974	320
2	4974	629
2	4975	193
2	4976	137
2	4976	144
2	4976	538
2	4977	39
2	4977	285
2	4978	912
2	4979	48
2	4979	65
2	4979	133
2	4979	162
2	4979	853
2	4979	986
2	4982	160
2	4982	410
2	4982	690
2	4982	744
2	4982	966
2	4985	530
2	4985	886
2	4985	913
2	4986	1
2	4987	775
2	4988	268
2	4992	3
2	4992	348
2	4993	792
2	4994	579
2	4995	246
2	4996	247
2	4997	31
2	4997	867
2	4998	232
2	5000	294
2	5000	929
