2	-1	0
2	1	173
2	1	710
2	1	768
2	3	418
2	5	302
2	5	805
2	5	880
2	8	64
2	10	793
2	11	251
2	12	438
2	13	312
2	17	425
2	18	939
2	19	244
2	19	328
2	19	720
2	19	825
2	20	218
2	21	721
2	22	157
2	23	111
2	23	991
2	24	661
2	25	736
2	27	170
2	27	712
2	27	833
2	30	516
2	30	606
2	31	277
2	32	945
2	32	948
2	33	415
2	35	912
2	36	413
2	37	201
2	38	128
2	38	281
2	38	747
2	42	346
2	42	517
2	43	686
2	44	90
2	44	177
2	45	372
2	46	474
2	46	904
2	49	371
2	49	509
2	51	246
2	55	127
2	56	705
2	57	143
2	57	521
2	58	396
2	59	148
2	60	356
2	61	49
2	62	267
2	62	660
2	62	914
2	63	655
2	64	99
2	64	609
2	65	752
2	66	211
2	66	309
2	66	673
2	66	754
2	67	87
2	67	514
2	68	791
2	69	11
2	69	313
2	69	342
2	70	460
2	71	96
2	71	152
2	71	779
2	72	355
2	72	980
2	73	162
2	73	504
2	74	665
2	74	700
2	75	299
2	75	832
2	76	100
2	76	379
2	76	446
2	77	82
2	77	358
2	77	486
2	77	623
2	77	870
2	78	507
2	78	647
2	79	345
2	79	499
2	80	289
2	80	398
2	80	519
2	80	616
2	81	182
2	81	426
2	81	709
2	81	713
2	82	4
2	82	787
2	83	168
2	83	255
2	83	337
2	83	566
2	84	932
2	85	272
2	85	402
2	85	762
2	85	904
2	86	43
2	86	114
2	86	320
2	86	548
2	86	598
2	86	753
2	87	323
2	88	169
2	88	273
2	89	735
2	90	420
2	91	330
2	91	458
2	91	556
2	91	875
2	92	67
2	92	863
2	94	17
2	94	989
2	95	109
2	95	139
2	95	464
2	95	696
2	95	828
2	96	361
2	96	480
2	96	553
2	96	685
2	96	906
2	97	588
2	97	803
2	97	818
2	98	57
2	98	307
2	99	331
2	101	434
2	102	60
2	102	708
2	103	56
2	103	580
2	103	593
2	103	657
2	104	120
2	104	917
2	105	175
2	105	716
2	106	28
2	106	782
2	107	541
2	107	848
2	108	607
2	109	703
2	110	141
2	110	388
2	110	798
2	111	208
2	111	625
2	113	567
2	114	135
2	114	670
2	115	247
2	115	627
2	117	83
2	118	839
2	119	304
2	120	403
2	120	530
2	122	252
2	127	198
2	127	287
2	128	137
2	128	210
2	130	181
2	131	409
2	132	36
2	132	98
2	133	357
2	133	827
2	134	54
2	134	69
2	134	163
2	134	501
2	134	644
2	136	138
2	136	587
2	136	619
2	136	634
2	137	610
2	138	930
2	139	42
2	139	906
2	140	461
2	141	61
2	141	189
2	142	263
2	142	448
2	143	374
2	145	364
2	146	570
2	146	740
2	147	244
2	148	319
2	148	662
2	148	927
2	149	766
2	149	784
2	149	981
2	150	12
2	150	25
2	150	158
2	150	846
2	150	953
2	151	264
2	151	745
2	151	844
2	152	27
2	152	823
2	153	44
2	154	780
2	156	952
2	157	3
2	157	231
2	158	427
2	159	238
2	160	563
2	161	335
2	164	455
2	165	989
2	166	62
2	166	136
2	167	919
2	168	241
2	168	322
2	168	633
2	169	108
2	170	23
2	172	301
2	173	156
2	173	749
2	174	261
2	175	614
2	175	900
2	177	183
2	178	184
2	179	63
2	180	180
2	180	922
2	181	469
2	181	722
2	182	70
2	184	377
2	184	972
2	185	576
2	185	668
2	185	951
2	186	418
2	187	110
2	187	774
2	189	321
2	189	790
2	190	841
2	191	127
2	191	608
2	191	725
2	192	134
2	193	718
2	193	806
2	195	664
2	196	82
2	196	430
2	197	436
2	198	75
2	198	332
2	199	112
2	199	654
2	199	995
2	200	10
2	200	360
2	201	421
2	202	146
2	202	646
2	202	829
2	203	224
2	203	441
2	203	692
2	203	732
2	204	630
2	205	437
2	205	439
2	205	771
2	205	910
2	206	446
2	206	906
2	207	354
2	207	516
2	208	379
2	208	945
2	209	820
2	210	104
2	210	142
2	211	989
2	212	537
2	212	548
2	213	157
2	214	51
2	214	83
2	215	129
2	215	699
2	215	835
2	215	879
2	216	197
2	217	176
2	217	883
2	218	605
2	219	325
2	220	778
2	221	283
2	221	751
2	221	844
2	222	73
2	222	494
2	223	479
2	223	518
2	224	529
2	226	393
2	226	865
2	227	46
2	227	65
2	229	147
2	229	928
2	230	546
2	231	797
2	233	212
2	233	408
2	233	433
2	233	589
2	233	788
2	236	86
2	236	683
2	236	760
2	237	328
2	238	514
2	241	773
2	242	450
2	242	713
2	244	405
2	244	607
2	246	64
2	248	651
2	248	734
2	249	58
2	251	204
2	252	18
2	253	1
2	253	350
2	254	416
2	254	698
2	254	919
2	255	653
2	257	584
2	259	510
2	259	517
2	259	837
2	260	295
2	261	2
2	261	779
2	261	939
2	262	482
2	262	543
2	263	254
2	263	268
2	264	277
2	265	353
2	266	478
2	266	606
2	267	522
2	268	257
2	268	458
2	268	512
2	269	154
2	269	413
2	270	536
2	270	845
2	271	565
2	272	759
2	273	3
2	273	286
2	273	714
2	273	874
2	274	775
2	274	996
2	275	20
2	275	497
2	276	153
2	277	8
2	278	661
2	279	25
2	279	340
2	279	429
2	279	853
2	280	365
2	281	242
2	281	390
2	281	398
2	282	811
2	283	572
2	285	285
2	286	671
2	287	596
2	288	192
2	289	305
2	289	967
2	290	966
2	291	172
2	292	99
2	293	411
2	293	733
2	294	49
2	294	372
2	294	685
2	296	545
2	296	579
2	297	550
2	297	704
2	298	293
2	298	587
2	298	741
2	299	248
2	301	490
2	302	611
2	302	656
2	303	91
2	303	438
2	303	791
2	304	217
2	304	508
2	305	272
2	305	400
2	306	739
2	306	862
2	307	78
2	307	470
2	308	426
2	309	460
2	309	627
2	309	717
2	310	209
2	310	431
2	310	758
2	312	729
2	313	623
2	314	442
2	315	336
2	316	220
2	316	454
2	317	592
2	317	595
2	319	255
2	319	554
2	319	601
2	319	860
2	320	588
2	321	117
2	321	227
2	322	539
2	322	945
2	324	869
2	325	709
2	327	171
2	327	219
2	328	275
2	328	451
2	328	628
2	328	970
2	329	166
2	329	889
2	330	707
2	332	218
2	332	686
2	334	538
2	335	890
2	336	432
2	337	31
2	337	168
2	337	415
2	341	447
2	341	581
2	342	488
2	342	744
2	343	418
2	345	533
2	348	187
2	348	492
2	349	320
2	350	82
2	351	259
2	351	402
2	351	780
2	352	23
2	353	989
2	354	535
2	355	222
2	355	310
2	355	476
2	356	210
2	357	34
2	357	36
2	358	662
2	360	199
2	360	776
2	362	261
2	362	669
2	363	603
2	365	534
2	365	615
2	366	348
2	370	236
2	371	639
2	371	736
2	372	313
2	372	491
2	373	148
2	373	250
2	373	312
2	373	467
2	374	334
2	375	655
2	375	711
2	377	422
2	377	449
2	377	705
2	378	793
2	379	137
2	379	386
2	379	990
2	380	663
2	381	69
2	382	389
2	382	407
2	383	333
2	383	610
2	383	754
2	384	65
2	384	621
2	387	77
2	387	378
2	387	527
2	387	917
2	388	651
2	389	308
2	390	456
2	390	682
2	392	76
2	394	329
2	395	576
2	398	177
2	398	887
2	400	346
2	400	394
2	401	631
2	402	548
2	402	953
2	402	957
2	403	97
2	403	179
2	404	113
2	404	381
2	404	950
2	404	969
2	408	94
2	409	425
2	409	818
2	410	757
2	410	815
2	411	589
2	413	371
2	414	882
2	415	118
2	415	133
2	415	273
2	417	291
2	418	542
2	418	618
2	419	80
2	419	376
2	419	388
2	419	469
2	422	439
2	423	191
2	424	136
2	424	317
2	425	70
2	425	493
2	428	697
2	428	979
2	429	636
2	429	702
2	431	716
2	432	256
2	435	485
2	435	973
2	436	123
2	437	188
2	438	10
2	439	112
2	439	264
2	439	708
2	440	269
2	442	790
2	443	251
2	444	504
2	444	690
2	445	475
2	445	742
2	446	332
2	449	93
2	449	645
2	449	770
2	451	17
2	451	556
2	451	733
2	452	326
2	453	887
2	454	181
2	454	769
2	455	74
2	456	382
2	456	994
2	457	276
2	457	624
2	458	298
2	460	347
2	460	515
2	460	671
2	461	42
2	462	452
2	462	466
2	462	510
2	462	721
2	463	706
2	464	73
2	464	661
2	465	3
2	465	547
2	465	925
2	466	305
2	466	532
2	466	760
2	466	986
2	467	782
2	468	960
2	468	984
2	469	124
2	470	198
2	470	812
2	471	235
2	471	528
2	471	738
2	471	857
2	472	502
2	472	756
2	474	83
2	474	200
2	475	168
2	475	464
2	476	90
2	476	597
2	476	717
2	477	157
2	477	787
2	477	904
2	478	568
2	479	933
2	480	306
2	480	363
2	480	419
2	480	852
2	481	993
2	482	825
2	483	227
2	483	285
2	483	473
2	483	582
2	484	207
2	484	258
2	484	260
2	484	516
2	484	880
2	485	297
2	487	734
2	488	27
2	489	330
2	490	178
2	490	328
2	490	537
2	490	778
2	491	888
2	492	193
2	492	302
2	492	643
2	493	242
2	495	171
2	496	648
2	496	885
2	497	420
2	497	968
2	499	693
2	500	850
2	500	886
2	501	60
2	501	459
2	502	187
2	505	322
2	505	771
2	506	141
2	506	431
2	511	212
2	513	765
2	514	180
2	514	796
2	516	429
2	516	531
2	518	418
2	520	435
2	521	44
2	521	412
2	521	801
2	522	461
2	522	646
2	522	691
2	524	471
2	526	622
2	527	4
2	528	494
2	528	909
2	530	490
2	531	89
2	531	409
2	531	829
2	532	934
2	535	66
2	535	336
2	535	442
2	535	649
2	537	216
2	537	393
2	538	654
2	539	453
2	539	512
2	540	780
2	542	149
2	542	208
2	542	571
2	543	743
2	543	748
2	543	915
2	544	275
2	544	943
2	545	700
2	545	759
2	546	722
2	547	288
2	549	1
2	549	150
2	549	316
2	549	736
2	549	745
2	550	773
2	552	84
2	552	474
2	552	627
2	553	878
2	554	274
2	554	923
2	554	940
2	555	85
2	555	337
2	555	635
2	555	804
2	556	59
2	556	936
2	557	144
2	557	595
2	558	154
2	558	955
2	559	209
2	559	637
2	560	155
2	560	261
2	561	403
2	561	562
2	561	784
2	563	596
2	563	761
2	564	800
2	567	348
2	567	695
2	568	624
2	570	287
2	571	554
2	572	69
2	572	820
2	572	988
2	575	381
2	575	602
2	579	205
2	580	427
2	582	402
2	582	489
2	583	26
2	583	882
2	584	77
2	584	142
2	584	973
2	585	224
2	586	380
2	586	694
2	588	668
2	589	986
2	590	103
2	590	349
2	590	808
2	592	929
2	594	291
2	594	513
2	594	588
2	594	843
2	595	21
2	597	938
2	598	54
2	601	681
2	602	294
2	603	682
2	606	119
2	606	732
2	607	321
2	607	663
2	607	766
2	607	844
2	610	768
2	611	91
2	611	492
2	611	611
2	611	795
2	612	158
2	612	437
2	613	280
2	613	894
2	613	979
2	614	383
2	615	18
2	615	104
2	615	581
2	615	949
2	616	379
2	616	527
2	616	851
2	616	864
2	617	43
2	617	308
2	618	757
2	619	597
2	620	191
2	620	346
2	620	626
2	620	930
2	621	234
2	621	264
2	621	702
2	623	11
2	623	802
2	624	653
2	625	74
2	626	547
2	627	108
2	628	922
2	628	987
2	630	240
2	631	30
2	631	525
2	631	947
2	632	357
2	632	561
2	633	486
2	633	517
2	635	325
2	635	621
2	637	101
2	639	432
2	639	606
2	639	713
2	640	107
2	641	476
2	641	819
2	644	912
2	645	70
2	645	88
2	645	174
2	646	496
2	646	731
2	647	537
2	649	270
2	649	939
2	650	315
2	650	607
2	650	904
2	651	196
2	651	327
2	651	536
2	652	665
2	654	102
2	654	123
2	655	347
2	658	949
2	661	485
2	661	509
2	662	573
2	662	968
2	663	331
2	663	353
2	665	541
2	668	649
2	668	809
2	669	61
2	669	957
2	670	38
2	670	390
2	671	238
2	671	919
2	672	917
2	673	113
2	673	231
2	673	290
2	677	323
2	679	139
2	679	278
2	679	468
2	679	638
2	680	248
2	680	575
2	680	612
2	682	166
2	683	400
2	683	461
2	684	62
2	684	557
2	684	925
2	684	976
2	685	192
2	685	277
2	691	114
2	691	125
2	692	504
2	692	879
2	692	963
2	693	568
2	694	289
2	694	764
2	697	487
2	697	502
2	699	170
2	701	869
2	702	25
2	702	566
2	702	948
2	704	220
2	704	596
2	705	282
2	705	365
2	706	855
2	708	368
2	709	416
2	711	475
2	711	749
2	713	100
2	713	130
2	713	160
2	713	258
2	716	364
2	718	927
2	719	533
2	720	444
2	720	642
2	720	844
2	722	719
2	723	408
2	723	450
2	725	1
2	726	193
2	726	350
2	726	433
2	726	699
2	727	815
2	729	457
2	729	473
2	729	629
2	731	363
2	732	762
2	733	73
2	733	301
2	734	173
2	735	201
2	736	14
2	736	342
2	737	728
2	737	975
2	738	426
2	740	630
2	740	631
2	741	28
2	741	593
2	741	688
2	742	508
2	743	819
2	744	578
2	745	135
2	745	299
2	745	765
2	746	237
2	746	943
2	747	8
2	748	722
2	748	885
2	749	695
2	749	752
2	751	464
2	753	407
2	754	126
2	755	82
2	755	742
2	757	543
2	758	639
2	760	760
2	760	769
2	761	443
2	763	9
2	763	349
2	763	922
2	767	641
2	768	63
2	768	482
2	768	651
2	769	617
2	770	302
2	770	377
2	770	710
2	773	467
2	775	32
2	775	94
2	776	402
2	776	632
2	777	990
2	778	228
2	778	528
2	779	11
2	779	148
2	779	389
2	780	340
2	781	489
2	781	779
2	782	84
2	782	494
2	784	333
2	784	820
2	785	72
2	785	471
2	785	856
2	787	144
2	788	184
2	789	394
2	790	523
2	790	976
2	791	833
2	791	981
2	792	665
2	792	698
2	793	908
2	794	76
2	794	165
2	794	519
2	795	750
2	797	478
2	798	288
2	799	840
2	800	535
2	800	883
2	801	285
2	803	177
2	804	585
2	804	676
2	804	941
2	805	239
2	805	385
2	806	409
2	807	18
2	807	579
2	808	92
2	808	152
2	808	751
2	808	854
2	809	565
2	810	123
2	812	331
2	812	748
2	813	172
2	813	327
2	813	754
2	814	733
2	815	405
2	815	570
2	815	706
2	815	732
2	816	259
2	816	459
2	816	511
2	816	604
2	817	429
2	817	553
2	818	44
2	819	214
2	819	341
2	819	461
2	819	597
2	820	718
2	820	903
2	820	916
2	821	927
2	822	574
2	822	743
2	823	89
2	823	276
2	823	613
2	824	22
2	824	56
2	824	247
2	824	295
2	825	856
2	826	60
2	826	701
2	828	425
2	828	876
2	830	120
2	830	122
2	830	198
2	830	704
2	830	800
2	831	93
2	832	652
2	833	581
2	834	189
2	836	215
2	836	479
2	836	522
2	837	602
2	838	994
2	839	526
2	840	440
2	840	793
2	841	468
2	841	672
2	841	697
2	841	829
2	842	319
2	842	470
2	844	725
2	845	80
2	846	551
2	847	450
2	849	529
2	851	146
2	851	158
2	851	395
2	852	869
2	853	373
2	853	435
2	854	481
2	855	488
2	856	34
2	856	656
2	857	448
2	860	720
2	860	871
2	860	938
2	861	843
2	862	312
2	863	552
2	863	783
2	864	317
2	865	371
2	866	689
2	867	867
2	868	118
2	868	628
2	868	868
2	870	159
2	871	52
2	872	928
2	873	569
2	874	466
2	875	1000
2	876	185
2	876	204
2	876	837
2	876	886
2	876	984
2	877	74
2	877	702
2	878	903
2	879	234
2	879	253
2	880	721
2	881	473
2	881	504
2	881	591
2	881	871
2	882	469
2	882	908
2	883	162
2	883	306
2	884	301
2	884	823
2	885	693
2	886	427
2	886	766
2	886	797
2	886	967
2	890	611
2	890	734
2	891	99
2	891	510
2	892	54
2	893	729
2	894	379
2	896	633
2	897	561
2	900	335
2	900	951
2	902	376
2	904	297
2	907	629
2	908	817
2	909	416
2	911	491
2	915	813
2	915	950
2	916	309
2	916	911
2	917	337
2	918	45
2	918	412
2	918	524
2	918	811
2	919	187
2	921	489
2	922	638
2	923	13
2	923	324
2	926	149
2	926	273
2	927	461
2	929	475
2	930	360
2	931	272
2	932	855
2	933	153
2	933	613
2	934	411
2	935	315
2	936	246
2	936	909
2	938	106
2	938	293
2	938	413
2	939	355
2	940	237
2	940	964
2	941	24
2	941	649
2	942	645
2	942	715
2	942	739
2	943	539
2	943	759
2	944	305
2	944	509
2	945	1
2	945	342
2	946	462
2	947	662
2	947	781
2	948	59
2	948	314
2	948	385
2	948	785
2	950	231
2	950	813
2	951	832
2	952	318
2	952	368
2	952	420
2	952	684
2	952	770
2	952	776
2	953	283
2	953	543
2	953	875
2	954	233
2	958	534
2	959	79
2	959	249
2	959	657
2	959	748
2	961	911
2	962	647
2	965	308
2	966	340
2	968	966
2	969	137
2	969	549
2	972	238
2	972	600
2	973	68
2	973	189
2	973	320
2	973	765
2	976	26
2	976	131
2	976	169
2	976	761
2	977	229
2	981	251
2	981	372
2	982	391
2	982	925
2	985	212
2	985	817
2	986	147
2	986	267
2	986	938
2	988	585
2	989	86
2	990	441
2	991	626
2	996	9
2	998	530
2	998	818
