2	-1	0
2	1	173
2	1	774
2	2	502
2	4	209
2	4	565
2	5	82
2	5	217
2	5	555
2	5	563
2	5	677
2	6	856
2	6	863
2	8	778
2	8	915
2	9	702
2	10	299
2	10	338
2	10	944
2	11	712
2	11	792
2	12	411
2	12	434
2	14	5
2	14	132
2	14	246
2	14	289
2	14	433
2	14	521
2	14	617
2	15	641
2	15	732
2	19	385
2	20	172
2	20	451
2	22	574
2	22	876
2	22	931
2	24	376
2	24	860
2	25	196
2	25	211
2	26	752
2	27	362
2	29	287
2	29	953
2	30	263
2	30	480
2	30	679
2	30	681
2	30	900
2	31	678
2	31	857
2	31	896
2	32	847
2	35	454
2	35	529
2	35	581
2	35	616
2	36	986
2	37	101
2	37	688
2	38	107
2	38	353
2	38	355
2	38	675
2	39	593
2	40	32
2	40	516
2	41	447
2	42	550
2	44	499
2	44	571
2	46	64
2	46	999
2	47	363
2	47	849
2	48	332
2	49	909
2	50	55
2	50	818
2	51	558
2	51	703
2	52	728
2	56	163
2	56	424
2	56	837
2	57	311
2	58	461
2	60	543
2	61	201
2	61	773
2	62	354
2	63	618
2	64	583
2	64	594
2	66	871
2	67	69
2	67	488
2	67	979
2	68	258
2	69	181
2	69	935
2	70	103
2	71	272
2	71	503
2	72	7
2	72	861
2	74	307
2	74	737
2	74	913
2	75	413
2	76	468
2	76	598
2	76	831
2	77	329
2	78	53
2	78	193
2	78	884
2	78	943
2	79	407
2	79	628
2	79	748
2	79	870
2	81	460
2	82	216
2	84	28
2	84	143
2	84	241
2	84	513
2	85	42
2	86	146
2	86	290
2	86	495
2	86	642
2	87	301
2	87	569
2	87	926
2	88	692
2	88	863
2	89	324
2	89	342
2	89	638
2	90	17
2	90	367
2	91	500
2	92	57
2	92	326
2	92	891
2	93	945
2	94	231
2	94	647
2	95	169
2	95	188
2	95	269
2	95	779
2	96	609
2	96	946
2	98	313
2	98	770
2	98	985
2	99	640
2	99	890
2	100	395
2	100	600
2	101	921
2	102	620
2	103	279
2	103	886
2	104	2
2	104	599
2	105	154
2	105	440
2	106	187
2	107	297
2	108	611
2	108	643
2	109	615
2	111	819
2	111	977
2	112	472
2	113	425
2	114	99
2	114	328
2	114	754
2	114	756
2	114	852
2	115	578
2	116	448
2	116	486
2	117	48
2	118	417
2	118	572
2	119	243
2	120	633
2	120	683
2	121	177
2	121	636
2	122	93
2	123	723
2	124	437
2	124	560
2	124	644
2	125	631
2	125	684
2	125	787
2	125	880
2	125	984
2	126	842
2	127	298
2	127	761
2	128	812
2	128	843
2	128	863
2	130	280
2	130	778
2	131	300
2	131	383
2	131	545
2	133	238
2	133	366
2	133	668
2	134	588
2	137	226
2	138	283
2	138	518
2	139	714
2	140	195
2	141	320
2	141	343
2	142	322
2	144	50
2	144	96
2	144	233
2	144	265
2	145	191
2	145	463
2	146	248
2	149	474
2	149	905
2	150	118
2	150	356
2	150	805
2	150	961
2	151	589
2	152	27
2	152	60
2	153	225
2	153	670
2	153	928
2	154	228
2	154	286
2	154	420
2	155	46
2	155	294
2	155	451
2	156	150
2	156	292
2	158	200
2	158	332
2	158	352
2	158	822
2	159	105
2	159	661
2	160	273
2	160	441
2	160	475
2	161	299
2	161	520
2	162	88
2	162	696
2	163	400
2	163	542
2	163	725
2	163	799
2	164	626
2	165	15
2	165	182
2	165	259
2	165	492
2	166	456
2	166	550
2	167	546
2	167	613
2	167	660
2	168	664
2	169	388
2	170	256
2	170	800
2	171	189
2	171	284
2	171	419
2	171	499
2	171	524
2	171	652
2	172	156
2	174	953
2	175	592
2	175	699
2	175	762
2	176	432
2	176	772
2	177	678
2	177	851
2	178	650
2	179	349
2	180	316
2	181	380
2	181	534
2	181	744
2	183	648
2	183	741
2	184	566
2	184	872
2	185	204
2	185	510
2	186	904
2	187	232
2	187	693
2	188	90
2	188	540
2	188	675
2	188	951
2	189	109
2	189	713
2	191	59
2	191	135
2	193	733
2	194	74
2	194	194
2	195	263
2	195	357
2	195	481
2	196	794
2	196	962
2	197	29
2	198	346
2	199	217
2	199	442
2	199	494
2	199	717
2	201	114
2	201	752
2	202	532
2	203	37
2	203	933
2	204	498
2	207	775
2	207	795
2	208	251
2	210	30
2	215	288
2	215	663
2	216	402
2	216	983
2	218	968
2	220	318
2	221	40
2	221	788
2	222	104
2	222	557
2	223	951
2	224	127
2	226	416
2	226	621
2	226	637
2	227	436
2	228	252
2	228	414
2	229	908
2	230	539
2	230	630
2	231	86
2	232	176
2	232	303
2	232	720
2	234	809
2	235	122
2	235	614
2	235	739
2	235	986
2	236	245
2	236	649
2	237	627
2	238	16
2	239	655
2	240	81
2	240	274
2	241	216
2	242	503
2	242	523
2	243	387
2	243	624
2	245	136
2	246	620
2	246	758
2	247	276
2	247	423
2	247	553
2	250	298
2	250	707
2	251	480
2	251	662
2	252	783
2	252	876
2	254	73
2	254	461
2	254	769
2	255	358
2	255	403
2	255	633
2	256	579
2	256	793
2	257	1
2	257	571
2	258	545
2	259	87
2	259	188
2	259	302
2	259	666
2	259	734
2	259	840
2	260	462
2	260	765
2	260	998
2	261	594
2	262	97
2	262	625
2	262	923
2	263	365
2	263	371
2	263	452
2	263	563
2	264	705
2	266	771
2	267	484
2	268	470
2	268	822
2	268	892
2	269	386
2	269	947
2	270	78
2	270	639
2	272	120
2	272	960
2	273	363
2	274	912
2	275	409
2	276	116
2	276	551
2	277	192
2	278	665
2	278	757
2	278	937
2	280	57
2	280	865
2	280	965
2	281	559
2	281	984
2	282	42
2	283	133
2	283	224
2	283	254
2	283	855
2	284	36
2	284	753
2	286	816
2	289	463
2	289	942
2	290	108
2	291	776
2	293	198
2	294	325
2	294	714
2	295	535
2	295	994
2	297	587
2	298	380
2	298	856
2	300	268
2	301	175
2	303	483
2	307	569
2	309	310
2	309	570
2	310	833
2	311	319
2	312	10
2	312	443
2	314	515
2	314	760
2	315	209
2	317	173
2	317	280
2	317	640
2	318	121
2	319	781
2	320	490
2	321	305
2	321	808
2	321	959
2	322	194
2	322	567
2	323	201
2	323	247
2	324	445
2	325	519
2	326	44
2	326	667
2	326	886
2	328	582
2	328	834
2	329	597
2	330	195
2	330	659
2	330	918
2	332	448
2	332	660
2	333	22
2	333	50
2	333	946
2	334	328
2	335	53
2	335	943
2	336	345
2	336	350
2	336	474
2	337	82
2	338	110
2	339	212
2	339	609
2	339	792
2	339	901
2	340	343
2	340	702
2	340	729
2	341	96
2	341	593
2	342	129
2	342	228
2	342	354
2	343	458
2	344	51
2	344	945
2	345	608
2	347	479
2	347	719
2	348	735
2	348	911
2	349	130
2	349	144
2	350	128
2	350	157
2	350	617
2	352	368
2	352	395
2	352	607
2	352	828
2	353	895
2	354	242
2	354	489
2	356	339
2	357	41
2	357	426
2	358	272
2	358	475
2	358	497
2	358	774
2	359	677
2	361	284
2	361	292
2	361	326
2	361	419
2	362	349
2	365	95
2	366	583
2	366	626
2	367	747
2	370	75
2	370	892
2	370	952
2	371	586
2	372	506
2	374	148
2	374	521
2	375	638
2	377	766
2	379	842
2	380	622
2	380	877
2	381	249
2	381	334
2	381	346
2	382	404
2	383	390
2	383	464
2	383	645
2	383	821
2	384	107
2	384	816
2	384	993
2	385	260
2	385	830
2	386	452
2	386	454
2	386	909
2	388	227
2	388	331
2	388	644
2	388	656
2	388	765
2	389	435
2	389	468
2	389	947
2	390	601
2	390	687
2	390	710
2	390	973
2	391	230
2	391	469
2	391	939
2	392	199
2	392	602
2	392	811
2	392	853
2	392	966
2	393	172
2	394	171
2	394	185
2	395	385
2	395	882
2	396	71
2	396	74
2	397	210
2	398	439
2	398	557
2	398	759
2	399	300
2	399	481
2	399	784
2	400	411
2	400	457
2	400	950
2	401	564
2	401	808
2	401	916
2	402	730
2	403	321
2	404	92
2	404	240
2	405	629
2	406	663
2	406	736
2	406	810
2	407	897
2	408	66
2	408	449
2	410	279
2	410	293
2	410	451
2	410	466
2	410	502
2	411	7
2	411	507
2	411	669
2	412	98
2	412	373
2	413	340
2	413	840
2	414	79
2	414	725
2	414	901
2	414	983
2	415	150
2	416	176
2	416	743
2	416	873
2	417	76
2	417	297
2	417	376
2	418	418
2	419	181
2	419	912
2	420	162
2	421	540
2	421	634
2	422	35
2	422	89
2	422	919
2	423	918
2	424	134
2	424	799
2	425	105
2	425	246
2	425	695
2	425	744
2	426	396
2	427	303
2	427	870
2	428	211
2	428	371
2	429	118
2	429	571
2	429	715
2	429	797
2	430	616
2	431	309
2	431	696
2	431	823
2	431	930
2	432	324
2	432	750
2	432	817
2	434	83
2	434	403
2	434	494
2	435	726
2	436	14
2	436	26
2	437	277
2	438	241
2	438	499
2	438	562
2	438	943
2	439	124
2	439	575
2	441	47
2	441	165
2	441	460
2	441	543
2	443	298
2	443	685
2	443	804
2	444	125
2	444	440
2	444	764
2	445	317
2	445	367
2	446	141
2	447	62
2	447	94
2	447	341
2	447	864
2	448	635
2	449	643
2	450	447
2	450	516
2	451	375
2	452	400
2	453	393
2	453	863
2	454	167
2	454	441
2	455	658
2	456	782
2	457	699
2	458	650
2	459	436
2	459	552
2	459	618
2	459	688
2	459	909
2	460	202
2	461	456
2	464	627
2	466	223
2	466	365
2	466	820
2	466	871
2	468	8
2	469	258
2	469	768
2	469	905
2	470	598
2	472	578
2	472	850
2	473	986
2	474	86
2	474	237
2	474	757
2	474	943
2	476	294
2	477	32
2	477	682
2	478	231
2	480	565
2	482	450
2	482	775
2	483	278
2	483	342
2	484	221
2	484	316
2	486	275
2	486	946
2	487	193
2	487	741
2	488	444
2	488	500
2	491	470
2	493	714
2	493	780
2	494	455
2	496	681
2	497	678
2	498	668
2	498	783
2	499	187
2	499	686
2	500	628
2	502	136
2	502	544
2	502	825
2	503	420
2	503	904
2	503	988
2	504	226
2	504	689
2	505	517
2	505	684
2	505	698
2	505	745
2	506	6
2	506	198
2	506	327
2	506	648
2	507	192
2	507	448
2	508	335
2	509	253
2	509	660
2	512	641
2	512	919
2	514	52
2	515	346
2	516	979
2	517	48
2	517	511
2	517	891
2	519	582
2	520	496
2	521	57
2	522	85
2	522	197
2	522	841
2	523	369
2	524	44
2	526	251
2	526	625
2	526	921
2	528	347
2	529	81
2	529	430
2	529	786
2	529	838
2	529	892
2	529	907
2	531	184
2	532	113
2	532	795
2	535	326
2	536	64
2	536	311
2	536	445
2	536	535
2	537	156
2	537	254
2	537	296
2	538	832
2	539	551
2	540	235
2	541	108
2	542	576
2	543	651
2	543	895
2	544	587
2	545	423
2	545	654
2	546	41
2	546	111
2	546	825
2	547	886
2	548	245
2	549	148
2	549	813
2	550	569
2	550	620
2	553	285
2	553	295
2	555	106
2	555	318
2	555	997
2	556	84
2	556	256
2	556	379
2	556	523
2	557	217
2	557	512
2	557	693
2	557	784
2	558	391
2	558	908
2	559	171
2	559	465
2	561	533
2	562	236
2	562	266
2	564	92
2	564	570
2	565	218
2	565	859
2	566	584
2	567	380
2	567	748
2	569	131
2	570	100
2	570	115
2	570	220
2	570	571
2	571	727
2	571	788
2	572	646
2	572	961
2	573	384
2	573	409
2	574	322
2	576	802
2	577	124
2	578	76
2	578	299
2	580	73
2	580	144
2	582	485
2	582	486
2	582	592
2	583	293
2	583	378
2	583	550
2	583	721
2	584	122
2	584	216
2	585	754
2	585	771
2	585	876
2	586	991
2	587	45
2	587	68
2	587	205
2	587	558
2	588	405
2	589	830
2	589	995
2	590	252
2	590	304
2	592	679
2	592	806
2	592	867
2	592	909
2	594	341
2	594	890
2	595	401
2	601	400
2	601	529
2	602	753
2	604	629
2	604	916
2	605	25
2	605	621
2	606	143
2	607	525
2	608	778
2	610	705
2	610	984
2	612	373
2	614	164
2	614	243
2	614	478
2	614	767
2	615	536
2	617	195
2	618	292
2	618	573
2	618	700
2	619	351
2	619	597
2	619	680
2	619	763
2	621	26
2	621	494
2	621	522
2	621	714
2	621	716
2	623	170
2	623	507
2	624	2
2	624	141
2	624	919
2	625	676
2	626	619
2	626	732
2	626	815
2	627	149
2	629	694
2	630	237
2	630	410
2	630	519
2	630	826
2	631	504
2	631	547
2	632	316
2	632	659
2	633	298
2	634	200
2	634	393
2	634	590
2	634	599
2	634	604
2	634	662
2	635	90
2	635	671
2	637	816
2	637	993
2	638	255
2	638	501
2	639	94
2	639	710
2	640	491
2	640	526
2	640	665
2	640	836
2	641	286
2	643	91
2	643	418
2	645	97
2	645	296
2	646	531
2	647	648
2	648	745
2	648	789
2	649	675
2	650	227
2	651	325
2	651	649
2	652	312
2	652	390
2	653	534
2	653	609
2	654	349
2	654	469
2	654	998
2	655	259
2	655	741
2	657	355
2	658	51
2	659	601
2	660	345
2	660	653
2	660	839
2	661	229
2	661	782
2	662	69
2	662	421
2	663	476
2	664	50
2	664	208
2	665	88
2	665	333
2	666	56
2	666	561
2	666	642
2	667	381
2	667	859
2	667	933
2	668	300
2	668	388
2	669	40
2	670	109
2	670	242
2	670	290
2	670	454
2	670	817
2	671	358
2	672	250
2	672	480
2	672	712
2	673	387
2	673	683
2	674	882
2	674	959
2	675	225
2	675	394
2	675	624
2	677	658
2	677	685
2	678	419
2	678	554
2	678	913
2	679	214
2	679	323
2	680	54
2	680	508
2	680	972
2	681	130
2	681	277
2	682	362
2	682	799
2	684	497
2	684	598
2	684	615
2	685	49
2	687	313
2	688	954
2	689	13
2	689	379
2	690	404
2	690	783
2	690	955
2	691	197
2	691	453
2	695	338
2	696	310
2	696	370
2	696	511
2	696	693
2	696	952
2	698	79
2	698	995
2	700	15
2	700	268
2	700	530
2	700	719
2	702	246
2	702	684
2	703	461
2	704	586
2	705	48
2	707	595
2	708	279
2	708	307
2	708	613
2	708	962
2	710	10
2	711	386
2	711	682
2	715	42
2	715	180
2	716	734
2	716	916
2	716	975
2	719	1
2	720	161
2	723	863
2	724	882
2	725	254
2	727	137
2	729	689
2	730	670
2	730	833
2	731	261
2	734	7
2	734	372
2	734	687
2	735	430
2	736	314
2	737	399
2	740	350
2	740	832
2	741	686
2	741	817
2	741	895
2	742	201
2	742	512
2	742	729
2	744	60
2	747	426
2	747	735
2	748	618
2	750	271
2	750	998
2	751	958
2	753	176
2	754	730
2	756	492
2	756	643
2	757	442
2	759	906
2	761	44
2	761	509
2	761	773
2	764	994
2	765	189
2	767	29
2	768	173
2	769	17
2	770	904
2	773	562
2	773	807
2	774	195
2	775	249
2	776	299
2	778	787
2	780	192
2	780	409
2	781	733
2	782	128
2	782	155
2	782	188
2	782	222
2	783	194
2	785	41
2	785	701
2	786	427
2	787	337
2	787	502
2	787	668
2	789	434
2	789	891
2	790	977
2	791	95
2	791	607
2	791	969
2	791	975
2	792	356
2	792	762
2	793	49
2	795	464
2	795	478
2	795	925
2	795	945
2	795	995
2	796	374
2	796	429
2	798	274
2	799	317
2	799	649
2	800	672
2	802	110
2	802	503
2	802	600
2	802	718
2	802	983
2	803	789
2	805	376
2	805	767
2	806	256
2	807	148
2	807	869
2	807	967
2	809	25
2	809	377
2	809	456
2	810	71
2	810	99
2	812	645
2	813	106
2	813	639
2	814	719
2	814	862
2	815	94
2	815	614
2	816	895
2	817	676
2	818	311
2	818	371
2	819	162
2	819	305
2	819	774
2	820	727
2	820	933
2	821	273
2	821	302
2	821	344
2	821	629
2	822	50
2	822	406
2	822	425
2	822	564
2	823	494
2	825	127
2	825	754
2	826	418
2	826	585
2	827	100
2	827	698
2	828	51
2	828	119
2	828	514
2	828	652
2	828	959
2	829	152
2	830	15
2	830	97
2	830	998
2	831	240
2	831	244
2	831	906
2	831	942
2	832	394
2	832	851
2	833	26
2	833	80
2	833	416
2	834	84
2	834	549
2	834	593
2	834	886
2	836	166
2	836	378
2	836	558
2	836	559
2	836	872
2	837	331
2	837	359
2	837	474
2	838	301
2	838	354
2	838	533
2	838	605
2	838	962
2	839	648
2	839	716
2	840	443
2	840	949
2	841	523
2	841	739
2	842	322
2	842	673
2	843	293
2	843	336
2	843	592
2	844	76
2	844	245
2	844	438
2	845	101
2	845	170
2	845	827
2	846	63
2	846	255
2	847	204
2	848	92
2	848	534
2	848	579
2	848	750
2	848	825
2	849	751
2	850	105
2	851	220
2	851	368
2	851	384
2	851	836
2	852	129
2	852	228
2	852	490
2	852	578
2	852	805
2	854	330
2	854	346
2	854	400
2	854	771
2	855	980
2	858	761
2	859	625
2	859	792
2	860	410
2	861	624
2	861	791
2	862	391
2	862	414
2	863	360
2	863	951
2	865	351
2	865	741
2	866	209
2	866	994
2	868	511
2	870	207
2	874	261
2	874	294
2	874	712
2	875	190
2	876	977
2	877	104
2	879	451
2	879	469
2	879	529
2	879	635
2	880	898
2	882	196
2	882	352
2	883	708
2	884	357
2	888	460
2	888	466
2	889	193
2	889	508
2	893	646
2	896	844
2	897	420
2	897	575
2	897	802
2	899	102
2	900	725
2	903	596
2	904	594
2	905	163
2	905	916
2	906	449
2	906	693
2	906	723
2	907	284
2	907	630
2	908	348
2	908	484
2	908	580
2	909	483
2	910	304
2	911	470
2	911	489
2	912	612
2	913	973
2	914	5
2	914	770
2	914	877
2	915	361
2	915	863
2	917	111
2	917	536
2	919	58
2	919	949
2	921	283
2	922	640
2	923	271
2	923	315
2	925	85
2	925	108
2	925	966
2	926	485
2	927	475
2	927	655
2	928	504
2	928	636
2	928	914
2	928	984
2	929	781
2	930	160
2	931	980
2	932	369
2	932	978
2	933	325
2	934	270
2	934	341
2	936	146
2	937	21
2	937	709
2	939	55
2	939	142
2	940	816
2	945	236
2	945	616
2	946	852
2	949	833
2	951	542
2	952	30
2	952	495
2	953	371
2	953	554
2	953	563
2	954	895
2	955	39
2	955	767
2	956	768
2	957	151
2	957	568
2	957	653
2	957	690
2	958	543
2	958	623
2	958	686
2	959	639
2	959	714
2	960	338
2	960	345
2	960	531
2	960	847
2	961	210
2	961	324
2	961	421
2	961	870
2	962	260
2	962	507
2	962	722
2	963	168
2	963	282
2	963	966
2	964	174
2	964	892
2	964	956
2	965	389
2	966	433
2	966	677
2	966	997
2	967	736
2	968	319
2	969	148
2	969	158
2	969	161
2	969	195
2	969	314
2	969	517
2	970	187
2	970	247
2	970	840
2	971	533
2	971	577
2	972	408
2	972	595
2	972	803
2	973	95
2	974	684
2	974	826
2	976	70
2	977	18
2	977	303
2	977	562
2	978	648
2	981	381
2	981	704
2	982	291
2	982	961
2	983	46
2	984	235
2	985	366
2	985	584
2	986	79
2	986	334
2	986	412
2	986	659
2	987	24
2	988	660
2	988	841
2	989	198
2	990	983
2	991	468
2	991	498
2	991	512
2	991	525
2	991	951
2	992	128
2	993	171
2	993	219
2	993	428
2	993	462
2	993	687
2	994	601
2	994	652
2	994	853
2	995	230
2	996	347
2	996	539
2	997	984
2	998	197
2	998	638
2	998	643
2	999	299
2	999	980
