2	-1	0
2	2	437
2	3	190
2	3	616
2	4	646
2	4	711
2	5	149
2	5	347
2	6	217
2	8	790
2	8	944
2	10	430
2	13	14
2	14	151
2	15	96
2	17	785
2	18	603
2	18	781
2	19	538
2	20	709
2	20	724
2	21	501
2	22	83
2	23	589
2	24	107
2	24	768
2	25	313
2	26	53
2	26	677
2	29	229
2	32	225
2	32	250
2	32	595
2	33	559
2	33	902
2	33	925
2	34	274
2	35	117
2	35	191
2	35	583
2	38	590
2	38	733
2	40	62
2	40	581
2	41	926
2	42	455
2	44	856
2	45	683
2	47	650
2	49	428
2	50	769
2	51	120
2	51	845
2	52	375
2	52	526
2	52	565
2	52	675
2	53	676
2	54	765
2	55	879
2	56	152
2	56	687
2	59	602
2	60	681
2	60	778
2	61	975
2	64	670
2	64	927
2	65	15
2	65	727
2	66	907
2	67	234
2	67	419
2	67	759
2	67	944
2	69	997
2	70	365
2	70	552
2	71	448
2	71	567
2	72	198
2	73	128
2	77	65
2	77	184
2	77	876
2	78	212
2	78	216
2	78	467
2	79	337
2	80	695
2	81	103
2	81	155
2	81	351
2	82	32
2	83	265
2	83	494
2	83	684
2	87	75
2	87	235
2	87	761
2	89	489
2	89	767
2	89	898
2	92	176
2	94	643
2	95	541
2	96	54
2	96	179
2	98	566
2	102	259
2	102	449
2	104	977
2	105	846
2	106	140
2	106	949
2	109	679
2	110	481
2	111	87
2	112	125
2	112	158
2	114	557
2	115	67
2	115	868
2	116	37
2	116	390
2	118	66
2	119	332
2	120	85
2	120	691
2	121	58
2	121	821
2	122	475
2	124	249
2	126	51
2	128	343
2	129	628
2	129	1000
2	130	95
2	130	721
2	131	401
2	134	405
2	135	608
2	135	713
2	136	816
2	137	659
2	137	829
2	138	717
2	139	572
2	144	580
2	145	317
2	147	791
2	148	263
2	149	696
2	149	945
2	151	117
2	151	479
2	151	528
2	153	230
2	155	246
2	155	954
2	156	124
2	156	999
2	157	336
2	159	980
2	160	662
2	162	262
2	162	698
2	163	610
2	164	153
2	164	842
2	166	561
2	166	917
2	167	786
2	168	199
2	169	736
2	170	82
2	170	414
2	172	439
2	172	706
2	173	978
2	174	178
2	174	421
2	176	15
2	176	811
2	177	81
2	178	417
2	178	578
2	179	416
2	182	453
2	182	857
2	183	102
2	184	459
2	186	5
2	186	505
2	190	40
2	192	382
2	192	749
2	192	929
2	192	983
2	193	353
2	194	400
2	194	402
2	194	720
2	194	889
2	196	321
2	196	369
2	199	550
2	200	653
2	200	885
2	201	71
2	202	260
2	202	543
2	202	924
2	203	452
2	203	539
2	203	605
2	207	785
2	209	466
2	210	161
2	210	213
2	210	630
2	210	762
2	211	297
2	211	315
2	212	863
2	213	953
2	216	482
2	217	334
2	217	481
2	220	817
2	221	554
2	222	49
2	223	705
2	225	477
2	225	592
2	226	154
2	227	586
2	229	384
2	230	278
2	231	428
2	231	866
2	231	919
2	233	604
2	234	352
2	234	621
2	235	21
2	237	245
2	238	553
2	239	231
2	240	34
2	240	181
2	241	218
2	243	737
2	246	532
2	247	305
2	247	393
2	248	326
2	248	512
2	249	678
2	251	18
2	251	340
2	252	93
2	252	775
2	253	496
2	253	724
2	254	397
2	254	618
2	254	632
2	255	166
2	255	348
2	256	469
2	257	70
2	257	556
2	259	859
2	260	836
2	260	905
2	261	770
2	262	355
2	262	379
2	264	631
2	265	311
2	265	846
2	266	23
2	266	392
2	267	429
2	270	677
2	270	930
2	271	648
2	271	657
2	273	911
2	275	898
2	278	136
2	279	538
2	281	480
2	282	783
2	284	404
2	284	780
2	285	917
2	286	888
2	288	3
2	288	489
2	289	514
2	290	295
2	291	74
2	291	368
2	291	544
2	292	292
2	298	754
2	300	730
2	301	42
2	303	385
2	305	288
2	305	533
2	308	32
2	313	238
2	314	796
2	315	140
2	318	55
2	319	301
2	321	261
2	322	603
2	323	542
2	324	464
2	324	880
2	325	474
2	328	46
2	330	130
2	330	728
2	330	766
2	330	810
2	331	219
2	331	661
2	332	9
2	332	804
2	333	241
2	334	691
2	336	16
2	337	149
2	337	296
2	337	688
2	339	246
2	340	752
2	340	889
2	341	536
2	343	897
2	344	22
2	345	205
2	348	101
2	348	495
2	349	806
2	355	572
2	356	470
2	356	506
2	356	799
2	358	620
2	361	341
2	362	612
2	363	119
2	363	367
2	364	308
2	365	66
2	365	457
2	367	174
2	367	438
2	368	228
2	369	789
2	369	857
2	371	143
2	372	284
2	373	250
2	373	389
2	373	414
2	374	222
2	374	257
2	375	173
2	375	224
2	375	769
2	376	71
2	376	699
2	377	232
2	377	339
2	377	370
2	378	191
2	380	611
2	380	718
2	383	77
2	383	330
2	383	615
2	383	794
2	384	378
2	385	584
2	385	707
2	386	163
2	386	366
2	386	427
2	387	352
2	387	359
2	387	439
2	389	299
2	390	323
2	391	650
2	392	420
2	392	725
2	393	640
2	394	30
2	394	363
2	395	26
2	396	255
2	397	27
2	397	867
2	398	83
2	398	895
2	400	772
2	401	484
2	402	383
2	404	31
2	404	320
2	404	787
2	407	436
2	409	741
2	411	589
2	412	636
2	413	390
2	416	265
2	417	401
2	417	967
2	419	221
2	419	994
2	420	570
2	421	259
2	421	525
2	421	663
2	421	740
2	422	551
2	422	647
2	424	671
2	425	67
2	426	100
2	428	587
2	428	784
2	429	872
2	430	353
2	430	447
2	430	635
2	433	139
2	433	548
2	434	467
2	437	465
2	438	225
2	439	448
2	439	607
2	440	678
2	444	537
2	444	713
2	445	807
2	446	756
2	447	36
2	447	404
2	448	19
2	448	423
2	449	104
2	449	158
2	449	388
2	449	462
2	452	251
2	452	781
2	452	870
2	453	210
2	453	579
2	457	405
2	458	60
2	458	561
2	459	373
2	459	774
2	463	102
2	463	512
2	465	762
2	466	357
2	466	500
2	467	208
2	468	335
2	468	835
2	469	17
2	471	231
2	471	415
2	472	782
2	476	511
2	478	372
2	478	623
2	479	91
2	483	733
2	484	590
2	484	865
2	485	33
2	485	441
2	486	749
2	487	514
2	493	160
2	494	859
2	495	51
2	496	314
2	498	343
2	499	706
2	501	608
2	501	888
2	502	348
2	504	910
2	508	483
2	511	193
2	514	326
2	514	712
2	515	361
2	516	454
2	517	90
2	517	757
2	517	802
2	518	24
2	522	670
2	524	800
2	525	424
2	531	853
2	533	406
2	534	612
2	535	256
2	535	340
2	535	723
2	536	628
2	537	309
2	538	617
2	538	874
2	539	816
2	540	45
2	541	566
2	541	939
2	543	8
2	543	162
2	543	616
2	543	851
2	544	655
2	545	519
2	547	244
2	547	494
2	547	601
2	548	731
2	549	185
2	549	981
2	550	3
2	551	349
2	551	481
2	551	536
2	551	991
2	552	600
2	552	965
2	553	176
2	553	785
2	554	260
2	554	625
2	556	727
2	557	119
2	557	502
2	557	642
2	558	186
2	558	420
2	558	614
2	559	969
2	561	28
2	561	107
2	564	264
2	565	784
2	566	344
2	566	478
2	566	648
2	566	765
2	567	76
2	567	694
2	568	289
2	568	530
2	570	501
2	572	375
2	573	19
2	573	445
2	574	846
2	576	528
2	576	813
2	577	781
2	578	646
2	580	709
2	582	268
2	582	549
2	582	653
2	584	329
2	584	854
2	585	577
2	586	384
2	586	396
2	587	743
2	588	146
2	590	540
2	593	895
2	594	43
2	596	433
2	597	487
2	598	84
2	599	606
2	604	220
2	605	9
2	605	203
2	606	124
2	606	282
2	606	332
2	607	135
2	607	737
2	608	95
2	608	113
2	610	38
2	610	736
2	610	979
2	612	54
2	612	178
2	612	700
2	613	161
2	613	933
2	614	627
2	615	200
2	615	338
2	615	725
2	616	44
2	616	529
2	617	295
2	618	13
2	618	190
2	619	308
2	621	346
2	622	172
2	622	677
2	624	430
2	624	437
2	626	127
2	627	676
2	628	280
2	628	436
2	628	533
2	629	484
2	631	262
2	631	755
2	633	753
2	633	756
2	634	428
2	635	272
2	635	739
2	637	580
2	638	1
2	639	382
2	639	546
2	639	998
2	640	986
2	641	875
2	642	147
2	642	480
2	642	783
2	643	635
2	644	121
2	644	633
2	645	8
2	648	35
2	648	943
2	649	21
2	650	553
2	652	414
2	653	32
2	655	110
2	656	278
2	658	307
2	659	945
2	660	68
2	660	490
2	661	923
2	663	562
2	664	337
2	665	169
2	665	732
2	665	825
2	666	62
2	666	187
2	668	763
2	669	525
2	670	391
2	671	86
2	672	671
2	676	355
2	676	748
2	677	605
2	678	12
2	680	164
2	680	718
2	680	948
2	681	243
2	682	130
2	682	265
2	683	720
2	683	802
2	685	67
2	685	385
2	685	871
2	687	102
2	689	331
2	689	615
2	691	780
2	691	974
2	693	291
2	693	542
2	694	100
2	696	16
2	696	892
2	697	518
2	697	949
2	698	515
2	700	373
2	700	402
2	700	589
2	700	634
2	701	185
2	701	397
2	701	451
2	701	465
2	701	723
2	702	171
2	702	213
2	702	482
2	703	438
2	704	591
2	704	636
2	704	880
2	705	564
2	706	286
2	707	64
2	708	152
2	709	417
2	711	891
2	712	595
2	713	659
2	713	983
2	714	34
2	714	374
2	714	420
2	714	573
2	715	310
2	717	686
2	718	136
2	718	556
2	722	319
2	722	416
2	723	585
2	723	937
2	725	653
2	726	232
2	726	792
2	727	719
2	729	24
2	730	776
2	731	15
2	732	104
2	732	488
2	732	917
2	734	471
2	734	561
2	735	543
2	735	799
2	736	192
2	736	726
2	737	363
2	737	668
2	738	354
2	740	398
2	742	253
2	742	787
2	743	38
2	744	932
2	745	896
2	747	103
2	747	240
2	747	594
2	749	254
2	749	328
2	749	657
2	750	423
2	751	344
2	752	256
2	755	7
2	755	63
2	755	113
2	755	466
2	755	922
2	756	560
2	757	247
2	757	819
2	758	435
2	759	323
2	759	592
2	759	808
2	760	619
2	761	322
2	761	519
2	761	623
2	763	75
2	763	713
2	767	212
2	770	655
2	771	695
2	773	784
2	775	122
2	776	377
2	776	545
2	777	125
2	777	376
2	777	440
2	777	928
2	780	751
2	781	437
2	781	894
2	782	182
2	782	638
2	783	837
2	785	511
2	786	470
2	786	794
2	788	153
2	789	274
2	789	361
2	789	387
2	789	899
2	790	549
2	791	275
2	791	505
2	792	140
2	792	218
2	793	475
2	794	683
2	795	394
2	797	489
2	797	685
2	797	737
2	797	790
2	798	303
2	798	425
2	799	238
2	800	2
2	800	932
2	801	534
2	803	45
2	803	746
2	803	933
2	803	963
2	805	673
2	805	681
2	806	368
2	806	590
2	807	800
2	808	36
2	809	769
2	811	777
2	812	97
2	812	729
2	814	909
2	815	220
2	815	617
2	817	495
2	817	707
2	818	65
2	818	78
2	818	700
2	818	854
2	820	514
2	822	334
2	822	871
2	825	184
2	825	741
2	826	173
2	826	496
2	827	869
2	827	896
2	828	91
2	828	899
2	829	209
2	832	640
2	833	336
2	835	463
2	836	392
2	836	396
2	837	19
2	837	227
2	838	665
2	839	159
2	841	373
2	841	378
2	843	40
2	843	200
2	843	728
2	848	59
2	849	248
2	850	81
2	851	280
2	853	205
2	853	500
2	854	416
2	855	292
2	855	942
2	856	383
2	856	477
2	856	822
2	858	257
2	860	472
2	860	766
2	861	352
2	861	485
2	862	356
2	863	424
2	863	529
2	863	988
2	864	786
2	864	847
2	865	281
2	866	239
2	866	725
2	867	186
2	868	985
2	869	202
2	870	476
2	870	670
2	871	14
2	873	620
2	873	744
2	873	874
2	874	312
2	874	566
2	876	250
2	877	155
2	877	264
2	878	429
2	879	367
2	880	107
2	881	225
2	883	34
2	883	347
2	885	188
2	885	313
2	886	305
2	886	610
2	887	311
2	887	339
2	888	33
2	888	315
2	888	862
2	889	937
2	894	881
2	895	47
2	895	55
2	895	772
2	895	824
2	898	23
2	899	111
2	899	526
2	902	561
2	906	732
2	907	748
2	907	791
2	907	993
2	909	199
2	909	935
2	911	345
2	912	628
2	913	310
2	913	923
2	915	18
2	916	229
2	916	430
2	918	249
2	920	994
2	921	504
2	922	137
2	922	501
2	922	896
2	926	525
2	926	541
2	927	308
2	928	452
2	929	150
2	930	237
2	932	207
2	932	781
2	932	825
2	933	604
2	934	35
2	935	716
2	935	843
2	937	611
2	942	724
2	942	922
2	943	548
2	947	456
2	949	396
2	949	712
2	951	127
2	952	32
2	952	738
2	953	966
2	955	41
2	955	426
2	957	272
2	960	73
2	960	647
2	961	537
2	961	678
2	964	279
2	964	287
2	964	696
2	966	67
2	968	126
2	968	216
2	969	798
2	969	946
2	970	325
2	971	128
2	971	376
2	971	419
2	971	861
2	974	669
2	975	432
2	976	218
2	976	598
2	978	546
2	980	687
2	981	520
2	983	77
2	983	304
2	984	706
2	985	635
2	985	930
2	987	108
2	988	653
2	989	558
2	990	162
2	990	291
2	990	506
2	991	251
2	991	384
2	992	270
2	993	183
2	994	191
2	994	771
2	997	621
2	998	331
2	998	421
2	998	727
2	1000	958
2	1001	89
2	1001	597
2	1002	40
2	1003	839
2	1004	86
2	1007	125
2	1010	42
2	1010	379
2	1012	593
2	1013	170
2	1013	254
2	1013	375
2	1014	80
2	1014	581
2	1016	628
2	1016	637
2	1018	380
2	1019	95
2	1019	462
2	1019	571
2	1020	101
2	1020	243
2	1020	451
2	1021	5
2	1022	90
2	1022	307
2	1023	71
2	1023	538
2	1028	564
2	1029	8
2	1029	502
2	1030	730
2	1031	510
2	1033	43
2	1034	334
2	1034	684
2	1035	3
2	1035	165
2	1035	178
2	1035	283
2	1036	134
2	1036	293
2	1038	227
2	1038	560
2	1038	719
2	1039	102
2	1039	260
2	1040	828
2	1041	85
2	1042	143
2	1043	399
2	1044	11
2	1044	289
2	1045	1
2	1045	224
2	1045	519
2	1046	228
2	1046	585
2	1047	258
2	1047	266
2	1047	483
2	1048	428
2	1049	130
2	1050	391
2	1050	666
2	1050	668
2	1050	974
2	1051	193
2	1053	195
2	1055	317
2	1057	518
2	1058	422
2	1059	632
2	1061	23
2	1061	679
2	1062	131
2	1062	746
2	1066	606
2	1068	577
2	1070	322
2	1071	352
2	1071	555
2	1071	984
2	1072	685
2	1072	749
2	1073	417
2	1073	862
2	1074	327
2	1074	395
2	1077	313
2	1078	244
2	1078	728
2	1079	738
2	1081	351
2	1081	517
2	1082	514
2	1083	214
2	1083	690
2	1084	103
2	1084	873
2	1085	529
2	1085	995
2	1088	955
2	1090	582
2	1091	323
2	1091	697
2	1093	203
2	1094	528
2	1094	833
2	1094	867
2	1095	640
2	1098	566
2	1099	812
2	1101	153
2	1102	303
2	1102	309
2	1102	589
2	1103	415
2	1104	220
2	1104	441
2	1106	149
2	1106	280
2	1108	338
2	1108	511
2	1109	443
2	1110	989
2	1111	201
2	1112	257
2	1113	108
2	1113	678
2	1114	107
2	1114	665
2	1116	759
2	1118	470
2	1119	222
2	1120	444
2	1121	472
2	1124	468
2	1125	661
2	1125	841
2	1126	54
2	1126	151
2	1127	975
2	1128	167
2	1128	324
2	1128	793
2	1129	91
2	1129	979
2	1130	48
2	1131	699
2	1132	21
2	1132	621
2	1132	931
2	1134	308
2	1135	611
2	1135	907
2	1136	166
2	1136	180
2	1136	381
2	1137	408
2	1138	142
2	1138	568
2	1138	757
2	1140	946
2	1141	340
2	1141	619
2	1142	75
2	1142	373
2	1143	179
2	1143	349
2	1143	761
2	1146	648
2	1147	781
2	1148	185
2	1148	208
2	1148	473
2	1148	536
2	1148	671
2	1148	789
2	1149	128
2	1149	506
2	1151	497
2	1152	866
2	1153	467
2	1154	613
2	1155	278
2	1155	583
2	1157	288
2	1158	61
2	1160	26
2	1160	670
2	1164	658
2	1165	336
2	1170	82
2	1172	147
2	1172	353
2	1172	760
2	1175	59
2	1175	530
2	1176	425
2	1177	16
2	1178	282
2	1178	357
2	1179	115
2	1180	440
2	1181	457
2	1181	704
2	1182	602
2	1183	669
2	1184	386
2	1185	313
2	1186	295
2	1186	609
2	1187	436
2	1188	265
2	1189	634
2	1190	751
2	1192	51
2	1192	579
2	1193	25
2	1193	622
2	1194	97
2	1194	292
2	1194	462
2	1194	837
2	1197	9
2	1197	139
2	1197	140
2	1198	221
2	1199	22
2	1199	56
2	1200	176
2	1202	642
2	1203	112
2	1204	55
2	1206	438
2	1209	823
2	1211	445
2	1211	460
2	1211	581
2	1211	888
2	1215	656
2	1217	448
2	1218	314
2	1218	341
2	1222	129
2	1224	242
2	1224	537
2	1225	87
2	1225	459
2	1225	558
2	1225	852
2	1226	593
2	1226	778
2	1227	733
2	1230	712
2	1231	146
2	1231	248
2	1231	766
2	1234	801
2	1235	307
2	1236	311
2	1237	377
2	1237	412
2	1238	588
2	1240	526
2	1240	551
2	1241	636
2	1242	194
2	1243	123
2	1243	464
2	1243	684
2	1247	8
2	1247	389
2	1248	614
2	1250	70
2	1250	894
2	1252	626
2	1254	62
2	1254	175
2	1254	504
2	1254	866
2	1255	701
2	1256	547
2	1257	20
2	1257	281
2	1257	543
2	1259	731
2	1261	122
2	1263	161
2	1265	570
2	1265	842
2	1267	680
2	1268	650
2	1268	913
2	1270	34
2	1270	799
2	1271	269
2	1272	373
2	1274	692
2	1275	151
2	1277	710
2	1278	672
2	1279	332
2	1280	240
2	1286	591
2	1287	939
2	1288	4
2	1288	31
2	1288	236
2	1288	310
2	1289	358
2	1292	58
2	1292	77
2	1293	299
2	1293	794
2	1294	24
2	1294	391
2	1294	729
2	1295	411
2	1295	717
2	1297	826
2	1298	46
2	1298	337
2	1299	93
2	1300	801
2	1301	436
2	1301	715
2	1302	181
2	1303	18
2	1303	212
2	1303	977
2	1304	534
2	1305	199
2	1306	251
2	1306	935
2	1308	256
2	1309	705
2	1310	615
2	1315	365
2	1315	604
2	1316	401
2	1317	637
2	1318	491
2	1322	985
2	1323	533
2	1324	11
2	1324	184
2	1324	771
2	1325	596
2	1326	128
2	1326	631
2	1327	585
2	1327	603
2	1328	349
2	1328	686
2	1330	244
2	1331	409
2	1331	451
2	1333	992
2	1334	606
2	1334	788
2	1335	918
2	1336	185
2	1336	216
2	1337	1
2	1338	202
2	1338	350
2	1339	898
2	1342	531
2	1343	633
2	1343	662
2	1344	844
2	1345	911
2	1347	334
2	1351	488
2	1352	25
2	1352	439
2	1354	503
2	1355	60
2	1357	32
2	1359	328
2	1359	485
2	1359	586
2	1359	635
2	1360	811
2	1362	385
2	1362	454
2	1362	750
2	1363	3
2	1365	140
2	1366	506
2	1366	772
2	1366	845
2	1367	535
2	1371	642
2	1373	472
2	1373	639
2	1375	497
2	1375	501
2	1375	858
2	1376	158
2	1376	204
2	1377	2
2	1378	764
2	1380	607
2	1380	712
2	1380	830
2	1381	37
2	1381	155
2	1381	512
2	1381	685
2	1383	691
2	1385	273
2	1385	876
2	1387	293
2	1387	557
2	1388	574
2	1390	59
2	1390	464
2	1390	543
2	1390	699
2	1390	785
2	1392	778
2	1393	254
2	1393	627
2	1394	352
2	1398	468
2	1399	434
2	1399	942
2	1401	94
2	1402	98
2	1402	461
2	1402	674
2	1402	726
2	1403	33
2	1404	205
2	1404	993
2	1405	761
2	1406	834
2	1408	481
2	1411	42
2	1412	661
2	1413	405
2	1413	693
2	1413	799
2	1413	885
2	1414	127
2	1414	230
2	1414	747
2	1415	97
2	1415	744
2	1416	12
2	1416	394
2	1416	695
2	1419	288
2	1420	984
2	1421	555
2	1423	213
2	1423	361
2	1424	673
2	1425	112
2	1425	126
2	1425	659
2	1425	760
2	1426	122
2	1427	509
2	1429	690
2	1429	704
2	1430	170
2	1430	346
2	1431	82
2	1432	65
2	1432	235
2	1432	483
2	1433	477
2	1435	700
2	1435	958
2	1436	553
2	1436	687
2	1437	111
2	1438	369
2	1440	48
2	1441	613
2	1443	187
2	1443	932
2	1444	173
2	1444	929
2	1445	91
2	1445	755
2	1445	870
2	1446	672
2	1446	683
2	1447	492
2	1449	745
2	1450	120
2	1450	471
2	1451	327
2	1452	649
2	1453	47
2	1453	355
2	1453	400
2	1454	78
2	1454	357
2	1454	544
2	1455	587
2	1458	13
2	1458	294
2	1458	404
2	1458	696
2	1460	92
2	1460	430
2	1461	445
2	1462	81
2	1463	125
2	1464	802
2	1466	200
2	1466	924
2	1468	160
2	1469	519
2	1469	558
2	1471	705
2	1473	427
2	1473	510
2	1474	382
2	1475	277
2	1475	680
2	1475	767
2	1476	168
2	1479	292
2	1479	416
2	1479	554
2	1480	148
2	1480	162
2	1482	58
2	1482	592
2	1482	752
2	1483	349
2	1484	157
2	1484	275
2	1485	406
2	1485	407
2	1485	599
2	1485	808
2	1486	395
2	1486	614
2	1486	850
2	1487	208
2	1487	604
2	1489	723
2	1491	281
2	1491	706
2	1491	997
2	1494	8
2	1496	204
2	1497	264
2	1499	724
2	1500	390
2	1502	90
2	1505	137
2	1506	914
2	1508	121
2	1508	795
2	1510	437
2	1513	193
2	1516	146
2	1516	590
2	1517	764
2	1517	931
2	1518	763
2	1520	177
2	1520	605
2	1522	83
2	1523	318
2	1523	493
2	1526	75
2	1526	720
2	1527	43
2	1527	426
2	1527	824
2	1528	118
2	1528	347
2	1529	15
2	1531	460
2	1531	572
2	1531	580
2	1531	994
2	1532	353
2	1532	425
2	1533	53
2	1533	224
2	1533	278
2	1534	503
2	1534	565
2	1535	316
2	1536	129
2	1537	209
2	1537	435
2	1537	612
2	1537	644
2	1538	284
2	1539	782
2	1540	165
2	1541	4
2	1541	551
2	1543	698
2	1543	736
2	1548	949
2	1549	908
2	1550	474
2	1551	376
2	1551	530
2	1552	149
2	1553	470
2	1558	345
2	1560	199
2	1560	533
2	1561	489
2	1561	702
2	1564	40
2	1564	63
2	1564	339
2	1565	247
2	1566	9
2	1566	29
2	1567	501
2	1568	24
2	1568	405
2	1568	641
2	1569	36
2	1569	167
2	1570	657
2	1572	110
2	1572	119
2	1572	356
2	1572	743
2	1573	569
2	1576	261
2	1576	753
2	1577	291
2	1578	100
2	1579	27
2	1581	847
2	1583	456
2	1584	250
2	1585	739
2	1588	688
2	1589	402
2	1590	831
2	1592	653
2	1594	1
2	1594	451
2	1595	62
2	1595	522
2	1595	635
2	1597	279
2	1597	784
2	1598	26
2	1599	323
2	1601	230
2	1601	441
2	1601	758
2	1602	747
2	1602	933
2	1604	364
2	1608	131
2	1609	188
2	1610	694
2	1611	87
2	1611	703
2	1613	226
2	1613	603
2	1613	714
2	1615	656
2	1615	930
2	1616	127
2	1616	387
2	1617	682
2	1618	645
2	1618	777
2	1619	116
2	1619	319
2	1620	600
2	1620	885
2	1621	73
2	1621	152
2	1621	797
2	1625	89
2	1626	215
2	1626	222
2	1626	961
2	1628	135
2	1628	675
2	1628	685
2	1629	256
2	1629	837
2	1630	141
2	1630	444
2	1631	772
2	1632	369
2	1633	23
2	1634	172
2	1635	403
2	1637	137
2	1637	314
2	1638	471
2	1638	566
2	1640	567
2	1640	969
2	1643	643
2	1644	14
2	1645	82
2	1645	467
2	1645	478
2	1646	857
2	1647	718
2	1649	142
2	1649	644
2	1650	411
2	1655	716
2	1656	246
2	1656	418
2	1659	606
2	1661	745
2	1662	17
2	1663	389
2	1663	709
2	1663	764
2	1664	359
2	1664	652
2	1665	392
2	1665	393
2	1665	939
2	1666	263
2	1666	562
2	1667	305
2	1668	266
2	1668	475
2	1668	611
2	1668	640
2	1669	130
2	1670	744
2	1672	307
2	1673	681
2	1673	708
2	1678	692
2	1683	882
2	1684	138
2	1684	873
2	1686	789
2	1686	976
2	1691	273
2	1692	515
2	1694	134
2	1696	22
2	1697	481
2	1698	117
2	1698	382
2	1699	433
2	1702	237
2	1702	658
2	1703	154
2	1703	632
2	1704	12
2	1704	357
2	1704	452
2	1704	672
2	1705	525
2	1706	218
2	1706	355
2	1706	400
2	1707	667
2	1707	727
2	1708	590
2	1708	759
2	1709	614
2	1710	232
2	1710	669
2	1713	328
2	1713	650
2	1714	184
2	1714	449
2	1715	4
2	1715	628
2	1716	214
2	1716	654
2	1718	75
2	1718	836
2	1719	156
2	1719	192
2	1719	309
2	1719	395
2	1719	697
2	1720	112
2	1720	346
2	1720	662
2	1721	508
2	1722	601
2	1722	800
2	1723	973
2	1724	238
2	1725	500
2	1726	58
2	1726	72
2	1726	430
2	1728	91
2	1728	423
2	1728	489
2	1729	477
2	1731	361
2	1732	275
2	1732	497
2	1732	892
2	1733	604
2	1733	853
2	1736	483
2	1737	146
2	1738	599
2	1739	175
2	1739	356
2	1741	753
2	1742	71
2	1742	765
2	1743	734
2	1746	66
2	1747	251
2	1749	287
2	1750	293
2	1752	540
2	1752	578
2	1753	33
2	1754	288
2	1754	459
2	1754	553
2	1757	484
2	1758	702
2	1761	254
2	1761	317
2	1761	874
2	1762	560
2	1764	202
2	1764	768
2	1765	479
2	1765	796
2	1766	139
2	1766	558
2	1766	887
2	1767	653
2	1769	381
2	1771	29
2	1772	100
2	1772	563
2	1773	993
2	1774	610
2	1775	277
2	1775	528
2	1776	989
2	1778	637
2	1779	142
2	1779	968
2	1780	39
2	1781	923
2	1782	781
2	1782	995
2	1783	426
2	1783	544
2	1783	826
2	1784	37
2	1785	660
2	1786	93
2	1786	591
2	1787	77
2	1787	193
2	1789	831
2	1790	569
2	1790	762
2	1792	208
2	1792	245
2	1793	565
2	1794	427
2	1794	473
2	1797	61
2	1797	783
2	1798	161
2	1798	581
2	1798	850
2	1800	340
2	1800	415
2	1800	542
2	1802	663
2	1802	807
2	1802	933
2	1804	151
2	1804	930
2	1805	746
2	1807	102
2	1809	899
2	1812	682
2	1813	576
2	1814	56
2	1815	124
2	1815	216
2	1816	732
2	1817	524
2	1818	257
2	1819	67
2	1819	510
2	1820	141
2	1820	570
2	1820	646
2	1820	994
2	1822	706
2	1824	265
2	1826	728
2	1828	83
2	1829	368
2	1829	552
2	1831	220
2	1831	280
2	1831	364
2	1831	993
2	1835	255
2	1837	155
2	1837	665
2	1838	201
2	1840	243
2	1840	580
2	1840	648
2	1841	49
2	1841	517
2	1842	7
2	1842	701
2	1844	586
2	1844	833
2	1845	590
2	1846	173
2	1846	480
2	1847	21
2	1847	471
2	1847	494
2	1848	589
2	1848	655
2	1849	724
2	1849	774
2	1850	114
2	1851	4
2	1851	252
2	1852	327
2	1852	529
2	1853	416
2	1853	931
2	1854	137
2	1854	380
2	1855	594
2	1855	661
2	1856	696
2	1856	984
2	1857	108
2	1858	227
2	1859	372
2	1859	897
2	1860	443
2	1861	113
2	1861	241
2	1861	764
2	1863	230
2	1863	656
2	1864	603
2	1865	917
2	1866	19
2	1867	250
2	1867	577
2	1867	795
2	1869	343
2	1869	482
2	1869	645
2	1870	107
2	1871	101
2	1871	236
2	1871	440
2	1872	59
2	1874	470
2	1874	543
2	1874	935
2	1875	50
2	1875	852
2	1875	856
2	1876	316
2	1877	536
2	1877	785
2	1878	404
2	1880	75
2	1880	377
2	1880	458
2	1881	210
2	1881	235
2	1881	789
2	1881	894
2	1883	503
2	1884	106
2	1885	811
2	1886	830
2	1886	890
2	1887	191
2	1887	621
2	1888	267
2	1888	479
2	1888	496
2	1890	351
2	1890	843
2	1893	579
2	1893	766
2	1896	525
2	1896	906
2	1897	132
2	1897	793
2	1898	353
2	1899	259
2	1899	315
2	1900	264
2	1901	571
2	1902	213
2	1902	388
2	1902	430
2	1902	445
2	1903	378
2	1903	687
2	1905	150
2	1905	232
2	1905	444
2	1905	782
2	1905	818
2	1906	47
2	1907	330
2	1908	328
2	1908	631
2	1909	148
2	1910	1
2	1910	294
2	1912	90
2	1912	97
2	1912	546
2	1913	376
2	1915	979
2	1916	164
2	1916	659
2	1916	758
2	1916	968
2	1918	238
2	1918	596
2	1919	290
2	1919	522
2	1920	120
2	1920	969
2	1922	735
2	1922	778
2	1923	84
2	1923	911
2	1924	768
2	1925	38
2	1925	256
2	1925	275
2	1926	103
2	1927	61
2	1927	568
2	1927	772
2	1927	967
2	1928	668
2	1929	720
2	1930	515
2	1932	24
2	1935	69
2	1936	257
2	1936	390
2	1936	573
2	1936	990
2	1937	578
2	1939	713
2	1943	752
2	1944	538
2	1946	400
2	1946	738
2	1947	486
2	1948	22
2	1948	54
2	1948	403
2	1948	613
2	1949	25
2	1950	630
2	1951	666
2	1952	226
2	1952	862
2	1955	964
2	1958	125
2	1958	744
2	1962	499
2	1963	33
2	1963	846
2	1964	365
2	1964	857
2	1969	776
2	1970	254
2	1970	460
2	1972	319
2	1974	695
2	1975	263
2	1976	345
2	1976	763
2	1976	813
2	1977	195
2	1977	323
2	1979	408
2	1979	651
2	1980	605
2	1980	661
2	1981	354
2	1982	706
2	1983	129
2	1984	807
2	1984	922
2	1986	224
2	1990	436
2	1990	485
2	1990	588
2	1991	504
2	1992	279
2	1992	756
2	1992	832
2	1993	566
2	1995	878
2	1996	12
2	1996	718
2	1997	640
2	1998	199
2	2000	806
2	2001	68
2	2001	520
2	2001	572
2	2002	891
2	2004	233
2	2004	421
2	2005	98
2	2005	591
2	2006	237
2	2007	340
2	2008	276
2	2009	78
2	2009	193
2	2009	642
2	2014	895
2	2014	915
2	2015	283
2	2022	44
2	2022	156
2	2023	39
2	2023	166
2	2024	729
2	2025	267
2	2026	45
2	2030	337
2	2031	664
2	2034	842
2	2035	716
2	2036	71
2	2036	407
2	2038	622
2	2039	686
2	2041	481
2	2042	311
2	2045	946
2	2046	55
2	2046	121
2	2048	30
2	2049	424
2	2049	639
2	2051	376
2	2053	52
2	2054	868
2	2055	15
2	2055	85
2	2055	285
2	2056	501
2	2056	948
2	2057	141
2	2057	349
2	2057	529
2	2061	536
2	2061	562
2	2061	735
2	2061	907
2	2062	6
2	2062	16
2	2062	132
2	2063	200
2	2063	214
2	2063	495
2	2063	702
2	2064	791
2	2065	222
2	2065	465
2	2066	398
2	2067	342
2	2067	517
2	2067	994
2	2068	774
2	2070	154
2	2073	153
2	2073	382
2	2073	392
2	2073	633
2	2073	986
2	2074	122
2	2074	427
2	2075	395
2	2077	240
2	2079	423
2	2080	458
2	2080	741
2	2081	350
2	2082	984
2	2083	2
2	2084	112
2	2084	328
2	2084	358
2	2084	649
2	2084	667
2	2085	694
2	2086	454
2	2086	594
2	2086	672
2	2088	326
2	2088	468
2	2091	296
2	2092	146
2	2092	377
2	2093	10
2	2094	301
2	2094	658
2	2095	211
2	2095	307
2	2095	321
2	2095	844
2	2096	540
2	2098	981
2	2099	140
2	2099	396
2	2101	352
2	2103	268
2	2104	746
2	2105	679
2	2107	575
2	2107	946
2	2108	509
2	2108	998
2	2109	88
2	2109	696
2	2112	180
2	2113	46
2	2113	401
2	2114	239
2	2119	770
2	2121	670
2	2122	248
2	2123	698
2	2126	99
2	2127	51
2	2128	677
2	2129	44
2	2130	742
2	2132	280
2	2132	374
2	2132	450
2	2133	625
2	2134	205
2	2135	126
2	2137	496
2	2138	640
2	2139	585
2	2141	764
2	2142	714
2	2143	553
2	2146	219
2	2146	539
2	2147	27
2	2148	508
2	2149	113
2	2151	949
2	2152	158
2	2152	300
2	2152	361
2	2152	461
2	2153	210
2	2153	235
2	2153	338
2	2153	929
2	2154	251
2	2157	530
2	2158	616
2	2159	271
2	2159	578
2	2161	5
2	2162	3
2	2162	13
2	2162	483
2	2162	882
2	2164	408
2	2164	481
2	2165	267
2	2169	948
2	2170	492
2	2173	715
2	2176	179
2	2176	707
2	2177	143
2	2178	925
2	2179	960
2	2180	264
2	2181	814
2	2182	145
2	2182	978
2	2183	291
2	2183	298
2	2183	376
2	2183	794
2	2184	534
2	2184	831
2	2184	979
2	2187	604
2	2190	181
2	2192	308
2	2192	470
2	2192	541
2	2193	684
2	2193	817
2	2193	985
2	2194	641
2	2195	144
2	2196	527
2	2197	207
2	2198	189
2	2198	316
2	2198	318
2	2198	600
2	2198	654
2	2200	518
2	2201	279
2	2201	647
2	2204	21
2	2205	728
2	2207	703
2	2208	252
2	2209	8
2	2209	29
2	2209	796
2	2211	269
2	2211	475
2	2212	531
2	2215	217
2	2215	245
2	2215	471
2	2218	62
2	2218	347
2	2218	685
2	2220	356
2	2220	476
2	2221	190
2	2221	932
2	2223	550
2	2223	782
2	2225	424
2	2225	944
2	2226	335
2	2226	368
2	2226	552
2	2226	842
2	2226	872
2	2229	61
2	2229	687
2	2230	792
2	2232	580
2	2233	60
2	2233	182
2	2233	674
2	2234	310
2	2237	25
2	2240	1
2	2241	756
2	2241	863
2	2243	635
2	2244	90
2	2244	334
2	2245	183
2	2246	12
2	2246	568
2	2246	953
2	2247	850
2	2248	200
2	2248	295
2	2248	594
2	2249	747
2	2251	798
2	2252	31
2	2252	558
2	2255	472
2	2256	47
2	2257	979
2	2258	517
2	2259	201
2	2260	65
2	2261	95
2	2263	34
2	2263	272
2	2266	86
2	2266	765
2	2267	254
2	2268	529
2	2269	564
2	2269	886
2	2269	946
2	2269	950
2	2270	139
2	2270	351
2	2271	773
2	2272	311
2	2274	126
2	2274	877
2	2275	133
2	2275	452
2	2276	510
2	2276	795
2	2276	887
2	2276	930
2	2278	227
2	2278	704
2	2279	68
2	2280	409
2	2281	763
2	2284	73
2	2284	447
2	2284	881
2	2284	933
2	2285	82
2	2285	535
2	2285	961
2	2286	612
2	2288	468
2	2290	431
2	2290	501
2	2291	2
2	2291	964
2	2292	363
2	2292	962
2	2294	289
2	2295	128
2	2295	224
2	2295	648
2	2296	844
2	2299	516
2	2299	873
2	2299	957
2	2300	897
2	2303	84
2	2304	725
2	2306	372
2	2308	13
2	2308	484
2	2309	432
2	2309	743
2	2311	342
2	2311	680
2	2312	333
2	2312	775
2	2313	381
2	2314	801
2	2316	663
2	2317	141
2	2318	698
2	2320	213
2	2320	695
2	2321	147
2	2324	188
2	2324	367
2	2324	504
2	2324	547
2	2324	631
2	2324	837
2	2325	309
2	2325	636
2	2325	727
2	2326	258
2	2326	712
2	2327	851
2	2328	160
2	2328	436
2	2328	778
2	2329	319
2	2332	369
2	2333	168
2	2333	668
2	2335	521
2	2338	215
2	2338	220
2	2340	242
2	2340	435
2	2340	582
2	2340	768
2	2341	51
2	2341	829
2	2342	688
2	2343	230
2	2344	36
2	2345	982
2	2346	780
2	2346	991
2	2347	561
2	2347	583
2	2347	598
2	2353	772
2	2356	684
2	2359	228
2	2359	398
2	2360	32
2	2360	127
2	2360	666
2	2362	66
2	2362	731
2	2362	944
2	2365	395
2	2367	3
2	2367	331
2	2367	366
2	2367	473
2	2368	605
2	2368	855
2	2369	108
2	2369	439
2	2369	574
2	2370	777
2	2370	905
2	2371	67
2	2371	238
2	2372	43
2	2372	929
2	2373	8
2	2374	424
2	2374	533
2	2374	834
2	2375	326
2	2376	167
2	2377	256
2	2377	559
2	2378	440
2	2379	491
2	2379	617
2	2383	662
2	2384	106
2	2385	195
2	2387	277
2	2387	528
2	2389	292
2	2389	387
2	2391	401
2	2391	463
2	2391	783
2	2392	430
2	2392	444
2	2392	853
2	2393	604
2	2394	377
2	2395	654
2	2396	203
2	2396	766
2	2397	786
2	2398	697
2	2399	429
2	2399	891
2	2402	15
2	2402	199
2	2403	78
2	2404	40
2	2404	454
2	2405	339
2	2405	754
2	2406	69
2	2406	437
2	2407	355
2	2408	79
2	2411	404
2	2412	190
2	2412	625
2	2414	278
2	2416	87
2	2417	181
2	2417	182
2	2417	481
2	2419	539
2	2420	422
2	2422	488
2	2423	611
2	2426	378
2	2427	301
2	2427	308
2	2427	740
2	2427	866
2	2428	723
2	2429	296
2	2429	483
2	2429	978
2	2430	374
2	2431	512
2	2432	39
2	2435	275
2	2436	161
2	2436	478
2	2437	154
2	2438	250
2	2438	540
2	2438	655
2	2438	742
2	2439	972
2	2441	1
2	2443	466
2	2444	105
2	2444	336
2	2445	357
2	2445	789
2	2447	796
2	2449	140
2	2449	902
2	2450	558
2	2451	59
2	2451	162
2	2451	310
2	2453	578
2	2456	329
2	2456	739
2	2457	337
2	2457	977
2	2458	10
2	2458	99
2	2459	33
2	2460	588
2	2461	725
2	2462	854
2	2464	151
2	2464	209
2	2464	269
2	2464	594
2	2464	794
2	2467	264
2	2467	659
2	2470	233
2	2470	284
2	2470	799
2	2471	215
2	2472	382
2	2472	713
2	2472	744
2	2473	681
2	2474	771
2	2476	828
2	2476	964
2	2477	298
2	2478	124
2	2478	144
2	2478	445
2	2479	173
2	2479	249
2	2481	89
2	2482	62
2	2482	80
2	2482	486
2	2483	624
2	2484	386
2	2485	688
2	2489	288
2	2489	365
2	2489	477
2	2490	254
2	2491	37
2	2492	283
2	2492	460
2	2492	496
2	2492	989
2	2493	700
2	2495	685
2	2496	4
2	2496	385
2	2496	841
2	2498	76
2	2498	575
2	2500	193
2	2502	180
2	2502	629
2	2503	511
2	2503	532
2	2503	628
2	2504	71
2	2504	192
2	2510	612
2	2511	640
2	2511	750
2	2512	225
2	2512	345
2	2513	81
2	2513	304
2	2513	332
2	2514	271
2	2514	601
2	2516	70
2	2516	529
2	2516	779
2	2518	314
2	2520	718
2	2520	982
2	2521	527
2	2522	523
2	2525	46
2	2525	266
2	2525	351
2	2528	178
2	2528	649
2	2529	236
2	2529	617
2	2529	690
2	2531	418
2	2532	458
2	2532	554
2	2532	822
2	2533	22
2	2534	446
2	2535	294
2	2536	196
2	2537	667
2	2537	702
2	2537	867
2	2538	559
2	2539	457
2	2541	622
2	2542	110
2	2543	696
2	2545	26
2	2545	91
2	2545	484
2	2545	930
2	2547	125
2	2547	372
2	2547	474
2	2549	587
2	2552	226
2	2552	827
2	2553	36
2	2554	172
2	2555	85
2	2555	419
2	2556	551
2	2557	598
2	2559	686
2	2559	714
2	2560	152
2	2560	185
2	2560	346
2	2562	261
2	2562	844
2	2564	786
2	2566	471
2	2567	999
2	2568	55
2	2569	384
2	2570	51
2	2570	567
2	2572	417
2	2572	472
2	2574	781
2	2576	241
2	2577	644
2	2579	381
2	2580	910
2	2582	137
2	2583	31
2	2585	57
2	2585	670
2	2586	104
2	2586	441
2	2586	451
2	2588	873
2	2589	53
2	2589	210
2	2589	635
2	2591	815
2	2592	113
2	2592	270
2	2593	244
2	2593	488
2	2594	661
2	2594	888
2	2594	925
2	2595	524
2	2596	793
2	2597	715
2	2598	698
2	2598	875
2	2599	416
2	2599	626
2	2600	135
2	2600	325
2	2601	23
2	2603	126
2	2605	228
2	2606	545
2	2606	751
2	2607	606
2	2608	543
2	2610	315
2	2610	731
2	2611	292
2	2611	769
2	2612	296
2	2612	377
2	2612	580
2	2612	795
2	2614	637
2	2615	711
2	2618	407
2	2619	87
2	2619	160
2	2619	256
2	2620	30
2	2620	840
2	2621	310
2	2621	324
2	2621	438
2	2621	756
2	2622	272
2	2623	868
2	2623	974
2	2627	594
2	2627	625
2	2628	258
2	2629	163
2	2629	279
2	2629	541
2	2630	177
2	2632	509
2	2632	631
2	2632	821
2	2633	286
2	2634	656
2	2636	291
2	2638	518
2	2639	255
2	2639	770
2	2642	627
2	2642	926
2	2643	112
2	2644	157
2	2644	212
2	2644	771
2	2645	547
2	2646	389
2	2647	14
2	2648	975
2	2650	483
2	2651	724
2	2652	80
2	2653	602
2	2653	790
2	2654	947
2	2655	245
2	2655	651
2	2655	783
2	2656	492
2	2658	313
2	2660	704
2	2663	423
2	2667	564
2	2668	243
2	2669	293
2	2670	866
2	2671	238
2	2673	290
2	2676	530
2	2676	876
2	2678	307
2	2681	38
2	2682	740
2	2683	718
2	2685	50
2	2687	20
2	2689	164
2	2689	230
2	2689	854
2	2690	159
2	2693	425
2	2696	139
2	2698	882
2	2699	280
2	2700	221
2	2701	257
2	2702	512
2	2702	946
2	2703	413
2	2704	99
2	2706	880
2	2707	97
2	2707	668
2	2708	775
2	2708	949
2	2709	361
2	2709	623
2	2711	526
2	2711	693
2	2712	999
2	2713	504
2	2715	522
2	2716	303
2	2716	551
2	2716	694
2	2717	890
2	2718	62
2	2718	331
2	2720	372
2	2720	816
2	2721	952
2	2724	289
2	2725	13
2	2725	29
2	2726	181
2	2726	254
2	2726	276
2	2726	542
2	2727	482
2	2730	288
2	2731	679
2	2734	402
2	2734	881
2	2735	116
2	2735	309
2	2735	437
2	2735	840
2	2736	248
2	2736	848
2	2737	2
2	2739	127
2	2739	453
2	2741	54
2	2741	943
2	2744	563
2	2744	748
2	2745	438
2	2748	192
2	2748	608
2	2748	813
2	2749	282
2	2751	399
2	2753	772
2	2754	393
2	2756	465
2	2756	923
2	2759	742
2	2760	595
2	2762	421
2	2762	538
2	2764	768
2	2764	872
2	2765	604
2	2766	362
2	2766	691
2	2766	717
2	2767	64
2	2769	35
2	2770	316
2	2771	149
2	2771	193
2	2771	961
2	2772	76
2	2772	395
2	2774	249
2	2775	645
2	2777	706
2	2777	814
2	2777	981
2	2778	451
2	2780	274
2	2780	380
2	2783	489
2	2786	275
2	2786	676
2	2786	750
2	2787	169
2	2787	171
2	2787	673
2	2790	518
2	2790	791
2	2791	19
2	2791	55
2	2791	229
2	2792	17
2	2794	529
2	2797	549
2	2798	900
2	2802	231
2	2802	575
2	2803	534
2	2803	614
2	2804	459
2	2805	630
2	2806	133
2	2807	302
2	2808	5
2	2809	287
2	2810	893
2	2811	442
2	2812	415
2	2812	541
2	2813	75
2	2815	215
2	2815	744
2	2816	920
2	2817	894
2	2820	479
2	2820	953
2	2821	374
2	2821	466
2	2823	821
2	2824	89
2	2826	314
2	2827	213
2	2828	80
2	2830	324
2	2834	527
2	2834	745
2	2835	546
2	2836	799
2	2838	616
2	2839	153
2	2839	483
2	2840	258
2	2840	843
2	2841	491
2	2842	926
2	2843	379
2	2844	514
2	2846	299
2	2847	494
2	2848	644
2	2849	352
2	2849	670
2	2850	513
2	2851	8
2	2851	441
2	2853	411
2	2854	42
2	2856	156
2	2856	162
2	2856	425
2	2857	201
2	2858	872
2	2858	932
2	2859	681
2	2860	318
2	2860	419
2	2861	4
2	2862	439
2	2863	951
2	2865	147
2	2866	426
2	2866	591
2	2866	664
2	2867	214
2	2867	777
2	2868	298
2	2868	353
2	2870	521
2	2870	693
2	2871	413
2	2871	622
2	2872	350
2	2872	702
2	2873	226
2	2874	104
2	2874	898
2	2875	656
2	2876	3
2	2877	552
2	2877	697
2	2879	739
2	2880	205
2	2881	199
2	2882	280
2	2883	853
2	2884	130
2	2887	440
2	2890	73
2	2890	559
2	2890	690
2	2891	796
2	2892	119
2	2893	152
2	2893	212
2	2893	774
2	2894	39
2	2894	428
2	2894	435
2	2896	775
2	2897	485
2	2898	543
2	2900	579
2	2901	288
2	2902	277
2	2902	655
2	2903	341
2	2905	593
2	2906	6
2	2906	506
2	2907	64
2	2907	800
2	2908	629
2	2908	810
2	2909	36
2	2911	361
2	2911	999
2	2912	207
2	2913	297
2	2915	307
2	2915	311
2	2916	234
2	2916	809
2	2916	995
2	2919	272
2	2921	733
2	2923	927
2	2924	713
2	2924	862
2	2925	834
2	2926	242
2	2926	594
2	2928	823
2	2929	619
2	2929	798
2	2929	961
2	2930	110
2	2930	826
2	2933	65
2	2933	182
2	2934	86
2	2934	580
2	2935	198
2	2935	480
2	2935	669
2	2936	222
2	2936	621
2	2937	743
2	2938	99
2	2938	804
2	2939	123
2	2940	456
2	2940	757
2	2941	90
2	2941	640
2	2942	898
2	2944	750
2	2945	283
2	2947	782
2	2948	400
2	2951	77
2	2953	51
2	2953	108
2	2953	731
2	2953	962
2	2955	303
2	2955	918
2	2959	9
2	2959	83
2	2959	678
2	2960	778
2	2961	150
2	2963	719
2	2964	125
2	2964	490
2	2964	542
2	2964	881
2	2967	429
2	2967	703
2	2970	446
2	2970	468
2	2970	568
2	2971	583
2	2973	16
2	2973	364
2	2975	233
2	2975	378
2	2976	571
2	2977	486
2	2978	14
2	2978	586
2	2979	135
2	2979	845
2	2980	444
2	2982	120
2	2982	184
2	2986	59
2	2986	520
2	2987	254
2	2991	63
2	2992	89
2	2995	488
2	2997	598
2	2999	243
2	2999	538
2	2999	729
2	2999	744
2	3000	219
2	3000	963
2	3003	698
2	3004	28
2	3004	416
2	3005	762
2	3008	612
2	3009	212
2	3010	138
2	3012	633
2	3013	964
2	3015	886
2	3016	3
2	3016	367
2	3016	647
2	3016	725
2	3018	74
2	3019	512
2	3019	548
2	3020	376
2	3024	620
2	3025	96
2	3026	745
2	3028	574
2	3030	384
2	3030	666
2	3032	656
2	3032	668
2	3033	34
2	3033	397
2	3034	562
2	3034	615
2	3035	735
2	3036	186
2	3038	721
2	3038	989
2	3039	331
2	3039	933
2	3040	325
2	3040	354
2	3042	536
2	3043	408
2	3044	317
2	3046	319
2	3046	499
2	3047	226
2	3047	519
2	3047	541
2	3048	712
2	3050	31
2	3050	442
2	3051	95
2	3051	560
2	3051	589
2	3051	713
2	3052	167
2	3053	318
2	3054	339
2	3054	491
2	3054	556
2	3055	523
2	3056	427
2	3057	177
2	3057	604
2	3058	245
2	3059	290
2	3060	363
2	3060	389
2	3061	309
2	3061	797
2	3062	157
2	3062	569
2	3063	398
2	3064	101
2	3066	69
2	3066	739
2	3066	799
2	3067	399
2	3067	437
2	3067	756
2	3068	42
2	3068	900
2	3069	539
2	3071	610
2	3071	650
2	3074	786
2	3075	25
2	3077	160
2	3078	154
2	3078	448
2	3079	20
2	3079	966
2	3080	558
2	3081	275
2	3081	413
2	3082	989
2	3084	191
2	3088	345
2	3088	501
2	3089	193
2	3089	204
2	3089	264
2	3089	394
2	3090	244
2	3090	423
2	3091	526
2	3092	292
2	3092	743
2	3095	443
2	3098	134
2	3099	122
2	3099	169
2	3099	892
2	3100	97
2	3100	684
2	3100	720
2	3101	322
2	3101	528
2	3101	716
2	3105	2
2	3106	599
2	3106	982
2	3111	76
2	3111	130
2	3111	494
2	3112	54
2	3112	233
2	3112	602
2	3113	386
2	3113	977
2	3115	393
2	3115	419
2	3120	387
2	3120	767
2	3121	75
2	3121	274
2	3124	457
2	3124	632
2	3125	658
2	3126	358
2	3126	817
2	3127	521
2	3127	544
2	3128	901
2	3128	908
2	3130	155
2	3131	16
2	3131	372
2	3131	728
2	3136	286
2	3137	736
2	3140	194
2	3141	507
2	3142	297
2	3143	315
2	3144	517
2	3145	143
2	3145	747
2	3146	692
2	3148	852
2	3150	546
2	3150	914
2	3151	624
2	3152	145
2	3152	557
2	3152	601
2	3153	831
2	3154	238
2	3154	807
2	3155	617
2	3155	753
2	3156	382
2	3157	909
2	3158	677
2	3159	643
2	3160	162
2	3160	475
2	3161	644
2	3162	240
2	3162	370
2	3162	508
2	3163	425
2	3163	662
2	3164	554
2	3164	672
2	3165	587
2	3167	693
2	3167	695
2	3168	772
2	3169	580
2	3171	455
2	3171	912
2	3172	333
2	3172	420
2	3172	573
2	3173	989
2	3174	619
2	3175	518
2	3176	202
2	3176	635
2	3177	106
2	3178	214
2	3179	210
2	3179	220
2	3182	331
2	3185	118
2	3186	311
2	3187	225
2	3188	595
2	3189	541
2	3190	219
2	3191	502
2	3192	10
2	3193	482
2	3193	634
2	3194	438
2	3195	285
2	3195	479
2	3199	256
2	3200	232
2	3200	429
2	3200	636
2	3203	90
2	3203	852
2	3203	991
2	3206	496
2	3207	235
2	3207	565
2	3207	668
2	3208	182
2	3209	439
2	3209	804
2	3210	272
2	3213	796
2	3214	492
2	3215	248
2	3215	741
2	3216	179
2	3216	663
2	3217	58
2	3217	440
2	3218	766
2	3219	466
2	3219	627
2	3220	56
2	3220	183
2	3220	698
2	3221	763
2	3222	467
2	3222	838
2	3223	320
2	3225	369
2	3227	277
2	3228	96
2	3228	531
2	3228	706
2	3229	323
2	3229	994
2	3230	211
2	3230	227
2	3230	532
2	3231	469
2	3232	549
2	3232	711
2	3234	626
2	3234	719
2	3234	905
2	3236	8
2	3236	762
2	3236	846
2	3237	845
2	3237	942
2	3238	524
2	3238	917
2	3239	486
2	3239	751
2	3239	774
2	3240	257
2	3241	205
2	3244	251
2	3245	576
2	3246	48
2	3247	874
2	3247	971
2	3248	324
2	3249	288
2	3249	802
2	3250	26
2	3252	514
2	3253	366
2	3254	657
2	3256	73
2	3257	570
2	3258	694
2	3260	777
2	3262	347
2	3264	136
2	3264	327
2	3265	542
2	3265	561
2	3266	872
2	3267	543
2	3267	645
2	3268	67
2	3268	83
2	3268	478
2	3268	649
2	3269	685
2	3270	519
2	3270	952
2	3271	239
2	3271	584
2	3272	153
2	3272	216
2	3274	166
2	3274	325
2	3274	941
2	3275	25
2	3275	461
2	3275	465
2	3277	618
2	3278	550
2	3279	472
2	3279	734
2	3281	490
2	3281	709
2	3282	188
2	3283	545
2	3283	829
2	3285	349
2	3285	497
2	3285	754
2	3289	750
2	3289	979
2	3290	487
2	3291	116
2	3291	628
2	3291	861
2	3292	261
2	3292	280
2	3293	745
2	3294	82
2	3294	500
2	3295	462
2	3297	384
2	3297	480
2	3298	19
2	3298	24
2	3299	391
2	3299	748
2	3301	364
2	3302	579
2	3303	881
2	3304	407
2	3306	120
2	3306	792
2	3309	681
2	3312	192
2	3313	537
2	3314	505
2	3314	699
2	3317	193
2	3317	746
2	3320	147
2	3320	820
2	3321	119
2	3321	614
2	3326	52
2	3326	94
2	3326	485
2	3330	101
2	3331	287
2	3331	708
2	3332	172
2	3332	373
2	3332	794
2	3332	809
2	3333	832
2	3334	162
2	3334	243
2	3334	345
2	3335	410
2	3335	569
2	3336	1
2	3336	544
2	3336	861
2	3338	229
2	3340	421
2	3340	683
2	3341	218
2	3341	726
2	3342	507
2	3342	735
2	3343	300
2	3343	412
2	3343	737
2	3344	20
2	3344	356
2	3346	65
2	3346	747
2	3346	812
2	3347	141
2	3349	833
2	3350	905
2	3351	386
2	3351	625
2	3352	331
2	3352	443
2	3352	776
2	3352	836
2	3354	771
2	3355	779
2	3360	104
2	3360	451
2	3361	749
2	3362	127
2	3362	254
2	3362	448
2	3364	365
2	3365	333
2	3365	757
2	3366	126
2	3366	691
2	3367	340
2	3369	302
2	3369	399
2	3369	571
2	3370	156
2	3372	296
2	3373	328
2	3378	44
2	3378	549
2	3378	756
2	3378	985
2	3383	434
2	3384	800
2	3388	142
2	3392	620
2	3393	306
2	3394	586
2	3395	305
2	3397	145
2	3397	238
2	3401	195
2	3401	266
2	3402	446
2	3403	711
2	3406	213
2	3407	316
2	3408	515
2	3408	652
2	3408	918
2	3412	538
2	3413	233
2	3413	253
2	3416	855
2	3417	307
2	3417	916
2	3418	706
2	3419	117
2	3419	876
2	3420	95
2	3421	220
2	3421	257
2	3421	308
2	3422	45
2	3422	765
2	3425	696
2	3427	355
2	3427	713
2	3428	627
2	3429	362
2	3429	630
2	3430	656
2	3431	403
2	3433	135
2	3433	344
2	3434	60
2	3434	397
2	3435	951
2	3438	36
2	3438	406
2	3438	670
2	3438	770
2	3439	919
2	3440	745
2	3445	193
2	3446	926
2	3448	209
2	3450	111
2	3451	631
2	3452	334
2	3452	613
2	3454	650
2	3456	113
2	3456	692
2	3456	961
2	3457	58
2	3459	392
2	3461	617
2	3463	565
2	3465	502
2	3467	268
2	3468	82
2	3468	283
2	3469	114
2	3471	534
2	3473	217
2	3474	219
2	3474	762
2	3475	581
2	3477	101
2	3477	594
2	3478	547
2	3478	888
2	3479	47
2	3479	199
2	3481	276
2	3483	441
2	3483	680
2	3483	896
2	3484	15
2	3484	918
2	3484	981
2	3485	414
2	3486	159
2	3486	755
2	3488	86
2	3489	210
2	3489	483
2	3490	160
2	3491	473
2	3493	41
2	3493	178
2	3494	514
2	3495	467
2	3495	616
2	3496	539
2	3498	278
2	3499	70
2	3499	723
2	3499	787
2	3501	870
2	3502	573
2	3502	786
2	3502	830
2	3502	921
2	3503	416
2	3506	464
2	3506	821
2	3508	152
2	3509	327
2	3509	825
2	3510	763
2	3511	438
2	3513	556
2	3513	839
2	3515	351
2	3517	422
2	3518	369
2	3518	657
2	3521	545
2	3522	551
2	3524	124
2	3524	231
2	3524	622
2	3525	139
2	3525	191
2	3525	543
2	3526	612
2	3527	881
2	3528	298
2	3528	590
2	3528	967
2	3529	687
2	3530	17
2	3530	180
2	3531	204
2	3533	309
2	3534	628
2	3534	939
2	3535	322
2	3536	356
2	3538	521
2	3538	722
2	3539	234
2	3540	171
2	3541	227
2	3541	364
2	3541	671
2	3542	858
2	3542	910
2	3543	96
2	3545	917
2	3546	435
2	3546	571
2	3549	424
2	3549	541
2	3549	781
2	3550	531
2	3550	774
2	3551	532
2	3552	281
2	3555	88
2	3555	734
2	3556	112
2	3556	544
2	3556	962
2	3558	31
2	3558	285
2	3558	326
2	3559	157
2	3559	477
2	3559	620
2	3559	983
2	3560	84
2	3560	493
2	3560	634
2	3561	167
2	3562	80
2	3562	469
2	3563	741
2	3564	52
2	3565	182
2	3565	777
2	3566	409
2	3566	754
2	3567	361
2	3570	420
2	3571	656
2	3572	137
2	3573	333
2	3574	307
2	3575	484
2	3575	668
2	3575	791
2	3578	320
2	3581	398
2	3581	730
2	3582	57
2	3582	809
2	3583	314
2	3583	366
2	3584	750
2	3586	61
2	3586	548
2	3588	990
2	3589	743
2	3591	304
2	3591	617
2	3591	674
2	3595	445
2	3598	38
2	3599	235
2	3600	642
2	3601	371
2	3601	458
2	3601	789
2	3603	251
2	3603	423
2	3603	914
2	3604	450
2	3605	91
2	3606	849
2	3607	538
2	3608	683
2	3609	776
2	3610	265
2	3610	462
2	3611	318
2	3611	338
2	3611	486
2	3611	526
2	3612	103
2	3612	221
2	3613	214
2	3613	644
2	3613	660
2	3613	834
2	3614	913
2	3615	274
2	3615	585
2	3616	567
2	3616	670
2	3617	534
2	3621	23
2	3621	165
2	3621	689
2	3622	667
2	3622	726
2	3624	280
2	3624	293
2	3625	453
2	3626	470
2	3627	725
2	3628	380
2	3628	474
2	3630	325
2	3631	950
2	3632	454
2	3635	969
2	3635	993
2	3636	104
2	3637	44
2	3637	302
2	3637	564
2	3638	788
2	3639	195
2	3639	358
2	3641	724
2	3642	712
2	3644	446
2	3648	341
2	3649	463
2	3649	751
2	3650	691
2	3651	498
2	3651	859
2	3654	256
2	3655	6
2	3655	801
2	3656	397
2	3656	673
2	3659	107
2	3660	496
2	3661	45
2	3661	413
2	3662	202
2	3662	555
2	3663	130
2	3663	549
2	3666	697
2	3666	736
2	3667	208
2	3668	98
2	3668	975
2	3669	106
2	3669	752
2	3670	515
2	3671	1
2	3671	509
2	3674	432
2	3675	847
2	3676	196
2	3676	360
2	3677	960
2	3678	46
2	3680	401
2	3680	426
2	3680	926
2	3681	518
2	3684	89
2	3684	344
2	3688	584
2	3688	874
2	3689	545
2	3690	154
2	3691	129
2	3691	488
2	3691	635
2	3692	288
2	3692	514
2	3693	389
2	3693	402
2	3693	574
2	3693	686
2	3694	684
2	3695	913
2	3696	169
2	3696	510
2	3697	55
2	3698	671
2	3698	733
2	3699	546
2	3700	348
2	3702	384
2	3702	718
2	3703	100
2	3704	864
2	3705	702
2	3706	198
2	3707	311
2	3707	717
2	3708	210
2	3708	581
2	3709	688
2	3711	49
2	3711	863
2	3713	625
2	3713	759
2	3714	692
2	3715	395
2	3716	223
2	3717	228
2	3717	540
2	3718	513
2	3720	42
2	3720	506
2	3721	269
2	3724	4
2	3724	579
2	3725	146
2	3725	528
2	3729	735
2	3730	819
2	3732	182
2	3732	266
2	3735	381
2	3735	447
2	3735	619
2	3737	614
2	3740	434
2	3740	666
2	3742	611
2	3745	322
2	3745	820
2	3746	494
2	3747	16
2	3747	565
2	3751	295
2	3751	368
2	3751	852
2	3756	762
2	3757	282
2	3758	241
2	3759	408
2	3760	392
2	3760	457
2	3760	694
2	3761	136
2	3763	800
2	3764	66
2	3764	477
2	3764	615
2	3765	481
2	3767	51
2	3767	512
2	3767	655
2	3767	813
2	3769	281
2	3769	424
2	3770	701
2	3771	247
2	3772	101
2	3772	437
2	3773	778
2	3774	632
2	3774	957
2	3775	34
2	3775	346
2	3776	931
2	3777	467
2	3777	566
2	3778	784
2	3781	108
2	3782	417
2	3783	495
2	3783	657
2	3783	658
2	3784	601
2	3786	316
2	3788	207
2	3788	468
2	3788	737
2	3789	568
2	3792	564
2	3793	25
2	3794	125
2	3794	944
2	3797	650
2	3798	656
2	3800	89
2	3800	925
2	3801	591
2	3802	95
2	3802	472
2	3804	549
2	3805	20
2	3805	654
2	3805	854
2	3807	942
2	3808	6
2	3808	314
2	3809	283
2	3812	35
2	3815	110
2	3815	286
2	3817	491
2	3818	470
2	3820	7
2	3820	439
2	3821	678
2	3823	364
2	3826	78
2	3826	172
2	3826	292
2	3826	403
2	3827	377
2	3827	422
2	3827	429
2	3827	533
2	3828	394
2	3829	789
2	3830	142
2	3830	213
2	3830	244
2	3830	456
2	3835	421
2	3835	667
2	3836	80
2	3836	248
2	3838	327
2	3839	710
2	3840	263
2	3840	497
2	3842	341
2	3843	171
2	3844	520
2	3846	74
2	3848	745
2	3849	14
2	3849	571
2	3849	941
2	3849	985
2	3851	218
2	3851	612
2	3852	556
2	3853	725
2	3854	347
2	3854	584
2	3854	937
2	3855	670
2	3856	41
2	3856	514
2	3856	855
2	3857	934
2	3858	31
2	3858	559
2	3861	239
2	3863	574
2	3864	15
2	3865	440
2	3867	128
2	3867	169
2	3867	464
2	3869	578
2	3870	187
2	3871	250
2	3871	960
2	3872	305
2	3872	399
2	3873	73
2	3873	465
2	3873	885
2	3874	55
2	3875	43
2	3876	276
2	3876	317
2	3876	378
2	3877	623
2	3878	668
2	3878	890
2	3878	910
2	3879	122
2	3880	455
2	3880	466
2	3883	243
2	3883	536
2	3883	647
2	3884	344
2	3884	446
2	3884	945
2	3885	772
2	3887	764
2	3889	359
2	3889	381
2	3890	38
2	3890	271
2	3890	920
2	3891	345
2	3893	501
2	3893	794
2	3894	338
2	3894	540
2	3895	93
2	3895	225
2	3895	289
2	3896	733
2	3897	157
2	3897	183
2	3897	604
2	3897	748
2	3898	576
2	3898	776
2	3899	522
2	3899	899
2	3900	133
2	3900	665
2	3901	879
2	3902	426
2	3903	270
2	3903	284
2	3906	328
2	3907	414
2	3908	921
2	3909	326
2	3909	622
2	3910	192
2	3910	245
2	3910	547
2	3910	548
2	3913	590
2	3915	100
2	3916	384
2	3917	561
2	3918	618
2	3918	903
2	3919	194
2	3919	234
2	3921	816
2	3922	134
2	3923	252
2	3923	726
2	3923	869
2	3924	336
2	3924	700
2	3925	664
2	3926	265
2	3926	453
2	3926	630
2	3927	13
2	3927	822
2	3928	448
2	3932	175
2	3932	193
2	3934	626
2	3934	941
2	3937	236
2	3937	515
2	3937	608
2	3938	126
2	3940	130
2	3941	275
2	3941	353
2	3942	272
2	3942	529
2	3943	152
2	3943	434
2	3943	451
2	3943	937
2	3944	282
2	3945	137
2	3945	683
2	3947	531
2	3947	809
2	3948	179
2	3949	141
2	3952	342
2	3952	917
2	3954	687
2	3954	715
2	3956	113
2	3957	785
2	3958	494
2	3958	761
2	3960	472
2	3960	505
2	3960	642
2	3960	747
2	3960	883
2	3961	63
2	3961	751
2	3962	189
2	3962	273
2	3963	866
2	3965	621
2	3966	545
2	3966	580
2	3967	788
2	3969	379
2	3969	598
2	3970	329
2	3970	528
2	3971	744
2	3971	782
2	3972	57
2	3973	162
2	3973	566
2	3974	357
2	3974	789
2	3974	946
2	3975	572
2	3977	125
2	3977	432
2	3977	447
2	3977	709
2	3977	725
2	3977	844
2	3978	274
2	3978	735
2	3979	714
2	3982	198
2	3982	739
2	3982	907
2	3983	223
2	3983	834
2	3984	230
2	3985	521
2	3985	752
2	3986	476
2	3986	616
2	3990	541
2	3990	701
2	3992	858
2	3993	500
2	3996	253
2	3996	685
2	3997	579
2	3997	820
2	3998	12
2	3998	398
2	3999	390
2	3999	487
2	4000	17
2	4000	723
2	4000	865
2	4001	233
2	4002	422
2	4002	565
2	4004	356
2	4006	128
2	4007	352
2	4007	910
2	4008	14
2	4008	51
2	4008	523
2	4008	583
2	4009	144
2	4009	516
2	4010	971
2	4011	928
2	4012	206
2	4012	502
2	4014	77
2	4014	638
2	4014	847
2	4015	594
2	4018	996
2	4019	392
2	4020	34
2	4020	512
2	4020	890
2	4023	562
2	4025	440
2	4025	620
2	4026	181
2	4028	96
2	4028	259
2	4028	640
2	4029	897
2	4031	276
2	4031	278
2	4032	83
2	4033	134
2	4033	199
2	4034	152
2	4034	853
2	4035	605
2	4036	65
2	4036	237
2	4037	508
2	4038	39
2	4039	496
2	4041	649
2	4041	704
2	4042	557
2	4043	116
2	4045	676
2	4048	678
2	4052	265
2	4053	170
2	4053	690
2	4054	963
2	4055	480
2	4057	202
2	4058	68
2	4059	632
2	4061	40
2	4061	600
2	4061	875
2	4062	669
2	4062	813
2	4063	564
2	4064	943
2	4064	952
2	4065	109
2	4065	227
2	4065	409
2	4065	834
2	4066	988
2	4067	317
2	4067	914
2	4068	243
2	4069	400
2	4071	171
2	4072	653
2	4075	316
2	4076	380
2	4078	254
2	4078	462
2	4079	464
2	4079	479
2	4079	493
2	4081	760
2	4082	161
2	4082	320
2	4084	441
2	4085	26
2	4086	800
2	4086	932
2	4089	430
2	4089	597
2	4091	239
2	4093	986
2	4094	635
2	4094	727
2	4095	711
2	4097	697
2	4097	871
2	4098	603
2	4100	111
2	4100	438
2	4101	300
2	4102	20
2	4103	334
2	4104	293
2	4104	661
2	4104	755
2	4105	258
2	4105	517
2	4105	856
2	4106	648
2	4107	778
2	4108	415
2	4108	449
2	4110	748
2	4112	757
2	4113	368
2	4114	138
2	4115	489
2	4116	73
2	4116	645
2	4117	566
2	4117	572
2	4118	143
2	4119	182
2	4121	95
2	4122	739
2	4123	486
2	4123	677
2	4123	680
2	4124	324
2	4126	950
2	4127	467
2	4128	488
2	4129	345
2	4129	749
2	4129	897
2	4132	296
2	4132	529
2	4132	561
2	4134	398
2	4135	283
2	4136	127
2	4136	980
2	4136	987
2	4139	484
2	4140	1
2	4140	47
2	4140	442
2	4140	990
2	4141	785
2	4143	969
2	4144	670
2	4145	287
2	4146	907
2	4147	738
2	4148	124
2	4148	458
2	4150	610
2	4150	948
2	4151	272
2	4151	514
2	4151	788
2	4152	32
2	4153	113
2	4153	379
2	4154	536
2	4157	260
2	4157	474
2	4159	582
2	4160	922
2	4162	106
2	4162	667
2	4165	376
2	4166	664
2	4167	693
2	4168	810
2	4170	271
2	4170	496
2	4171	731
2	4174	698
2	4175	902
2	4176	914
2	4178	279
2	4179	329
2	4180	102
2	4180	721
2	4181	298
2	4181	836
2	4182	319
2	4183	262
2	4185	734
2	4185	774
2	4186	365
2	4187	369
2	4188	523
2	4188	620
2	4191	110
2	4193	234
2	4193	545
2	4194	179
2	4194	985
2	4195	654
2	4195	897
2	4198	52
2	4199	417
2	4200	395
2	4200	457
2	4201	799
2	4202	936
2	4202	970
2	4203	754
2	4203	769
2	4204	469
2	4204	802
2	4204	838
2	4205	233
2	4205	938
2	4206	267
2	4207	328
2	4207	341
2	4207	393
2	4207	571
2	4207	668
2	4208	539
2	4211	78
2	4211	439
2	4212	450
2	4212	548
2	4212	817
2	4212	856
2	4213	591
2	4214	477
2	4214	485
2	4216	54
2	4218	433
2	4218	790
2	4219	137
2	4220	150
2	4220	331
2	4224	766
2	4226	97
2	4228	675
2	4230	168
2	4230	873
2	4231	389
2	4231	418
2	4231	520
2	4231	598
2	4233	7
2	4233	38
2	4233	459
2	4233	563
2	4234	349
2	4235	198
2	4235	949
2	4236	653
2	4238	302
2	4238	550
2	4239	105
2	4239	263
2	4240	392
2	4241	249
2	4243	94
2	4244	401
2	4244	725
2	4245	217
2	4245	412
2	4245	461
2	4245	707
2	4246	244
2	4248	71
2	4250	108
2	4251	311
2	4251	559
2	4258	3
2	4258	205
2	4260	516
2	4260	761
2	4262	663
2	4266	751
2	4266	757
2	4267	254
2	4268	861
2	4268	900
2	4269	499
2	4269	812
2	4270	223
2	4271	146
2	4272	70
2	4272	91
2	4272	289
2	4272	500
2	4274	590
2	4275	104
2	4275	336
2	4277	245
2	4280	792
2	4284	495
2	4284	504
2	4285	422
2	4285	519
2	4285	922
2	4297	65
2	4297	773
2	4297	793
2	4299	538
2	4299	618
2	4300	222
2	4303	153
2	4304	411
2	4305	248
2	4306	432
2	4306	599
2	4308	904
2	4312	77
2	4313	109
2	4314	68
2	4315	378
2	4315	781
2	4316	544
2	4316	593
2	4319	145
2	4319	514
2	4320	126
2	4320	242
2	4320	923
2	4322	265
2	4322	271
2	4322	973
2	4323	250
2	4324	59
2	4324	159
2	4325	639
2	4326	437
2	4326	543
2	4328	268
2	4329	40
2	4330	580
2	4331	351
2	4331	732
2	4332	122
2	4333	261
2	4334	95
2	4334	155
2	4336	380
2	4337	542
2	4337	798
2	4338	218
2	4338	247
2	4338	468
2	4338	763
2	4339	429
2	4339	900
2	4340	776
2	4341	191
2	4342	47
2	4344	53
2	4344	503
2	4345	323
2	4345	581
2	4345	594
2	4346	304
2	4346	770
2	4347	266
2	4347	511
2	4347	699
2	4351	691
2	4352	67
2	4352	287
2	4352	440
2	4354	238
2	4354	924
2	4355	301
2	4355	780
2	4357	367
2	4357	666
2	4357	994
2	4358	69
2	4358	936
2	4359	27
2	4359	131
2	4359	274
2	4359	332
2	4360	342
2	4361	240
2	4361	584
2	4361	650
2	4361	848
2	4362	1
2	4362	120
2	4363	482
2	4363	708
2	4364	182
2	4366	127
2	4368	89
2	4368	573
2	4368	842
2	4369	727
2	4370	867
2	4371	335
2	4371	441
2	4372	841
2	4373	13
2	4373	320
2	4373	622
2	4375	524
2	4376	299
2	4377	169
2	4377	389
2	4377	550
2	4377	614
2	4378	951
2	4379	96
2	4379	298
2	4379	467
2	4379	689
2	4381	507
2	4383	572
2	4383	692
2	4385	239
2	4385	609
2	4386	112
2	4386	860
2	4387	436
2	4388	420
2	4388	433
2	4388	583
2	4388	713
2	4388	778
2	4389	151
2	4391	654
2	4392	140
2	4393	611
2	4393	687
2	4393	953
2	4394	448
2	4394	642
2	4396	317
2	4396	855
2	4396	935
2	4401	906
2	4402	445
2	4402	697
2	4403	971
2	4405	212
2	4405	887
2	4406	489
2	4406	635
2	4408	260
2	4408	522
2	4408	809
2	4409	63
2	4409	834
2	4410	97
2	4410	129
2	4410	224
2	4410	903
2	4411	91
2	4411	178
2	4412	103
2	4413	589
2	4415	677
2	4415	974
2	4416	952
2	4417	241
2	4420	480
2	4421	476
2	4422	349
2	4422	530
2	4423	383
2	4423	390
2	4423	413
2	4425	168
2	4425	472
2	4426	663
2	4427	948
2	4428	272
2	4428	868
2	4429	373
2	4431	11
2	4431	35
2	4431	221
2	4431	517
2	4431	863
2	4432	170
2	4435	269
2	4436	164
2	4440	406
2	4440	723
2	4440	838
2	4441	166
2	4441	230
2	4441	606
2	4443	132
2	4444	160
2	4444	234
2	4444	785
2	4445	394
2	4447	813
2	4449	577
2	4449	686
2	4450	755
2	4451	714
2	4452	246
2	4452	370
2	4453	402
2	4456	800
2	4458	439
2	4458	801
2	4460	52
2	4460	277
2	4461	570
2	4461	754
2	4462	161
2	4462	965
2	4465	678
2	4467	291
2	4467	293
2	4467	641
2	4468	376
2	4469	163
2	4471	786
2	4475	262
2	4475	285
2	4478	200
2	4478	309
2	4480	165
2	4480	540
2	4481	452
2	4481	716
2	4483	34
2	4486	846
2	4487	617
2	4489	621
2	4489	705
2	4490	393
2	4490	414
2	4490	465
2	4491	558
2	4493	407
2	4495	65
2	4495	162
2	4497	219
2	4497	289
2	4497	603
2	4498	579
2	4499	175
2	4499	633
2	4501	148
2	4502	424
2	4502	515
2	4503	655
2	4504	243
2	4505	648
2	4509	283
2	4509	791
2	4512	637
2	4513	150
2	4514	604
2	4515	201
2	4517	667
2	4518	138
2	4519	671
2	4520	475
2	4521	134
2	4522	769
2	4523	620
2	4523	969
2	4524	211
2	4524	567
2	4524	710
2	4524	981
2	4525	741
2	4526	947
2	4527	354
2	4528	504
2	4529	62
2	4529	87
2	4529	116
2	4530	15
2	4530	273
2	4530	542
2	4533	126
2	4533	210
2	4533	356
2	4534	274
2	4534	645
2	4534	918
2	4535	903
2	4537	102
2	4537	249
2	4537	578
2	4538	799
2	4538	994
2	4540	395
2	4541	552
2	4541	820
2	4542	789
2	4544	437
2	4544	519
2	4544	657
2	4545	518
2	4546	530
2	4549	112
2	4550	735
2	4552	718
2	4554	441
2	4556	529
2	4558	890
2	4559	586
2	4559	924
2	4560	555
2	4562	178
2	4564	189
2	4564	292
2	4568	824
2	4571	227
2	4574	444
2	4574	490
2	4576	143
2	4576	934
2	4578	128
2	4578	531
2	4579	111
2	4579	394
2	4580	764
2	4583	286
2	4584	612
2	4584	669
2	4585	333
2	4585	427
2	4587	216
2	4587	330
2	4587	850
2	4589	387
2	4589	454
2	4590	768
2	4591	139
2	4591	933
2	4592	877
2	4593	12
2	4594	360
2	4596	842
2	4598	467
2	4599	182
2	4599	264
2	4600	650
2	4601	308
2	4605	240
2	4611	46
2	4611	257
2	4611	300
2	4611	751
2	4612	80
2	4613	314
2	4613	719
2	4613	917
2	4614	141
2	4614	481
2	4614	870
2	4615	43
2	4615	881
2	4616	142
2	4618	76
2	4618	259
2	4620	432
2	4622	108
2	4622	298
2	4623	271
2	4623	413
2	4624	623
2	4625	742
2	4627	346
2	4627	973
2	4631	692
2	4633	344
2	4633	522
2	4637	762
2	4637	814
2	4639	287
2	4639	963
2	4640	469
2	4642	756
2	4643	107
2	4643	786
2	4644	957
2	4646	28
2	4646	681
2	4647	635
2	4647	793
2	4649	26
2	4649	86
2	4649	988
2	4650	477
2	4653	668
2	4654	245
2	4654	928
2	4655	69
2	4655	916
2	4656	155
2	4659	712
2	4660	140
2	4660	146
2	4660	551
2	4660	949
2	4662	162
2	4663	618
2	4664	9
2	4664	31
2	4664	388
2	4664	703
2	4665	167
2	4666	310
2	4666	483
2	4667	553
2	4667	707
2	4668	144
2	4668	545
2	4670	377
2	4672	114
2	4672	219
2	4672	232
2	4673	147
2	4673	430
2	4674	629
2	4676	613
2	4676	935
2	4677	184
2	4677	349
2	4677	736
2	4679	309
2	4679	520
2	4681	237
2	4681	649
2	4682	877
2	4684	596
2	4684	636
2	4684	765
2	4685	509
2	4685	677
2	4688	6
2	4688	101
2	4690	56
2	4690	138
2	4692	634
2	4692	998
2	4693	525
2	4693	726
2	4694	280
2	4695	109
2	4697	408
2	4699	713
2	4701	120
2	4702	820
2	4703	208
2	4705	665
2	4708	35
2	4709	782
2	4710	625
2	4710	826
2	4711	484
2	4712	714
2	4714	193
2	4714	330
2	4714	407
2	4715	779
2	4715	969
2	4716	760
2	4717	57
2	4717	273
2	4719	40
2	4720	688
2	4721	190
2	4721	352
2	4722	683
2	4724	359
2	4724	919
2	4727	92
2	4728	99
2	4728	686
2	4729	355
2	4729	947
2	4730	239
2	4731	433
2	4733	418
2	4734	58
2	4734	796
2	4735	27
2	4735	49
2	4735	250
2	4736	336
2	4736	468
2	4741	401
2	4742	609
2	4743	306
2	4744	417
2	4744	583
2	4745	183
2	4745	211
2	4745	414
2	4745	801
2	4746	12
2	4748	463
2	4749	652
2	4751	233
2	4753	10
2	4754	125
2	4754	528
2	4754	630
2	4756	22
2	4756	288
2	4757	236
2	4757	270
2	4757	893
2	4760	425
2	4761	94
2	4761	767
2	4765	794
2	4767	503
2	4767	800
2	4768	17
2	4768	426
2	4770	607
2	4771	271
2	4772	595
2	4774	385
2	4775	97
2	4776	45
2	4776	578
2	4777	466
2	4778	506
2	4779	814
2	4779	868
2	4781	164
2	4781	431
2	4782	215
2	4782	635
2	4783	392
2	4784	696
2	4785	103
2	4785	743
2	4786	369
2	4786	532
2	4786	806
2	4787	186
2	4788	546
2	4789	610
2	4791	244
2	4792	580
2	4793	698
2	4794	168
2	4794	316
2	4794	957
2	4797	8
2	4797	341
2	4799	141
2	4801	885
2	4802	156
2	4802	207
2	4802	600
2	4802	797
2	4803	598
2	4803	754
2	4805	439
2	4805	497
2	4805	558
2	4806	601
2	4806	891
2	4807	378
2	4807	738
2	4808	390
2	4810	560
2	4811	720
2	4812	906
2	4813	859
2	4816	115
2	4816	136
2	4816	886
2	4817	203
2	4817	227
2	4819	898
2	4824	323
2	4825	465
2	4827	334
2	4827	467
2	4829	442
2	4829	549
2	4830	231
2	4831	459
2	4831	538
2	4831	642
2	4831	784
2	4832	397
2	4834	133
2	4834	229
2	4835	16
2	4837	712
2	4839	464
2	4840	63
2	4840	123
2	4840	490
2	4840	667
2	4844	3
2	4845	606
2	4846	15
2	4846	786
2	4847	584
2	4847	835
2	4848	194
2	4849	269
2	4849	471
2	4850	417
2	4851	419
2	4851	450
2	4851	785
2	4852	248
2	4852	500
2	4853	885
2	4854	220
2	4855	280
2	4855	971
2	4856	297
2	4856	326
2	4857	403
2	4857	725
2	4857	982
2	4859	206
2	4859	440
2	4859	723
2	4860	435
2	4860	929
2	4861	492
2	4862	116
2	4862	617
2	4863	671
2	4864	379
2	4864	774
2	4866	456
2	4867	685
2	4870	171
2	4870	637
2	4873	42
2	4874	72
2	4876	34
2	4876	254
2	4877	626
2	4879	856
2	4882	345
2	4882	666
2	4882	815
2	4885	571
2	4886	954
2	4887	230
2	4887	640
2	4888	219
2	4888	630
2	4888	957
2	4890	267
2	4892	478
2	4893	238
2	4896	809
2	4897	202
2	4898	172
2	4899	190
2	4899	798
2	4900	867
2	4903	525
2	4904	589
2	4907	821
2	4907	864
2	4912	1
2	4914	634
2	4916	907
2	4917	978
2	4920	375
2	4921	651
2	4922	84
2	4922	271
2	4922	290
2	4922	523
2	4923	61
2	4929	728
2	4929	740
2	4930	337
2	4930	744
2	4931	101
2	4933	74
2	4933	232
2	4933	302
2	4935	204
2	4936	344
2	4936	916
2	4937	135
2	4937	166
2	4937	184
2	4937	727
2	4938	33
2	4938	495
2	4939	182
2	4939	553
2	4939	817
2	4940	875
2	4941	289
2	4942	226
2	4942	371
2	4943	370
2	4943	787
2	4945	708
2	4945	967
2	4949	623
2	4949	903
2	4949	922
2	4950	327
2	4951	51
2	4951	386
2	4952	498
2	4953	624
2	4957	132
2	4957	487
2	4958	205
2	4958	257
2	4959	336
2	4959	374
2	4960	656
2	4961	47
2	4962	50
2	4962	561
2	4962	743
2	4963	14
2	4964	148
2	4964	556
2	4964	565
2	4965	264
2	4965	278
2	4967	958
2	4968	968
2	4969	795
2	4971	770
2	4972	30
2	4972	282
2	4972	333
2	4973	760
2	4974	107
2	4974	216
2	4974	224
2	4976	187
2	4977	766
2	4979	508
2	4980	170
2	4980	479
2	4980	814
2	4980	942
2	4981	507
2	4981	933
2	4985	237
2	4986	63
2	4986	228
2	4986	444
2	4986	445
2	4986	984
2	4987	263
2	4987	305
2	4988	168
2	4988	939
2	4990	349
2	4990	916
2	4991	151
2	4992	89
2	4996	759
2	4997	39
2	4997	119
2	4997	265
2	4997	733
2	4998	435
2	4998	719
