2	-1	0
2	4	769
2	4	806
2	5	942
2	5	993
2	6	144
2	6	231
2	6	738
2	7	709
2	9	907
2	10	174
2	10	414
2	13	586
2	13	864
2	17	572
2	17	668
2	17	684
2	18	142
2	19	271
2	20	471
2	20	534
2	21	184
2	24	288
2	25	289
2	27	856
2	30	335
2	30	433
2	31	328
2	31	961
2	32	251
2	32	363
2	34	66
2	34	82
2	34	259
2	34	759
2	35	409
2	36	676
2	37	892
2	42	464
2	43	227
2	44	295
2	44	555
2	44	581
2	44	739
2	45	108
2	47	602
2	47	708
2	48	145
2	50	112
2	51	935
2	52	17
2	52	203
2	52	381
2	53	815
2	54	216
2	56	364
2	56	507
2	57	770
2	57	927
2	59	523
2	59	686
2	59	948
2	60	379
2	60	752
2	61	353
2	62	388
2	63	49
2	63	620
2	64	538
2	64	623
2	65	580
2	69	326
2	69	394
2	71	209
2	72	55
2	72	756
2	73	180
2	74	653
2	74	845
2	75	696
2	75	743
2	77	45
2	77	149
2	77	426
2	77	539
2	78	29
2	78	661
2	78	999
2	79	163
2	82	36
2	85	852
2	88	412
2	89	176
2	89	195
2	90	410
2	90	665
2	91	287
2	91	760
2	93	213
2	93	530
2	93	794
2	94	12
2	95	255
2	99	151
2	101	517
2	102	720
2	103	127
2	103	248
2	103	329
2	104	202
2	104	484
2	106	342
2	107	179
2	107	727
2	109	252
2	109	561
2	110	504
2	111	513
2	111	542
2	112	262
2	113	154
2	113	873
2	113	969
2	114	692
2	117	706
2	119	487
2	119	735
2	121	765
2	122	102
2	122	671
2	123	110
2	123	841
2	124	9
2	125	557
2	125	916
2	126	648
2	127	780
2	129	511
2	130	43
2	131	77
2	131	217
2	131	884
2	133	238
2	134	126
2	135	403
2	135	792
2	138	282
2	138	389
2	138	626
2	139	19
2	140	496
2	142	547
2	143	159
2	143	942
2	144	391
2	144	551
2	146	71
2	146	509
2	146	645
2	147	725
2	147	931
2	148	401
2	148	465
2	149	86
2	149	625
2	151	697
2	152	636
2	152	936
2	153	120
2	153	477
2	154	490
2	156	768
2	156	812
2	159	260
2	159	436
2	159	761
2	163	268
2	164	512
2	164	641
2	164	710
2	166	609
2	167	59
2	167	80
2	168	106
2	168	267
2	168	420
2	169	374
2	170	139
2	170	940
2	171	5
2	171	281
2	171	891
2	173	66
2	173	582
2	173	627
2	174	153
2	174	531
2	175	40
2	177	207
2	178	370
2	178	494
2	179	397
2	180	376
2	180	709
2	180	912
2	182	537
2	182	716
2	183	516
2	183	851
2	185	50
2	185	169
2	187	22
2	191	841
2	192	433
2	192	633
2	193	197
2	195	340
2	196	399
2	197	95
2	197	296
2	199	576
2	199	618
2	201	811
2	201	905
2	202	972
2	204	463
2	205	279
2	205	419
2	205	673
2	206	469
2	208	91
2	208	722
2	211	678
2	212	271
2	212	664
2	213	571
2	214	39
2	214	772
2	214	994
2	215	184
2	215	369
2	215	739
2	215	865
2	215	984
2	217	294
2	217	471
2	217	682
2	219	413
2	219	759
2	220	384
2	223	114
2	224	362
2	224	778
2	224	885
2	225	563
2	226	338
2	227	662
2	229	60
2	231	89
2	231	304
2	231	416
2	231	666
2	232	853
2	234	190
2	234	558
2	234	733
2	235	79
2	235	555
2	236	122
2	237	75
2	237	119
2	237	375
2	237	493
2	237	791
2	238	160
2	239	210
2	240	718
2	240	812
2	241	462
2	241	849
2	242	356
2	242	745
2	243	554
2	245	183
2	245	219
2	245	293
2	247	861
2	249	586
2	250	67
2	250	130
2	250	467
2	252	786
2	254	660
2	255	746
2	255	760
2	255	775
2	256	406
2	256	440
2	256	472
2	257	908
2	258	47
2	259	941
2	261	405
2	262	77
2	265	642
2	267	203
2	267	454
2	270	226
2	275	113
2	275	400
2	279	439
2	279	502
2	279	534
2	280	30
2	280	355
2	281	32
2	282	764
2	283	833
2	284	611
2	285	498
2	286	73
2	288	681
2	289	318
2	289	417
2	290	349
2	290	580
2	292	38
2	292	738
2	293	748
2	299	6
2	299	118
2	299	821
2	302	352
2	302	848
2	303	4
2	303	410
2	304	700
2	307	336
2	307	485
2	307	654
2	308	557
2	308	940
2	308	954
2	309	367
2	309	726
2	312	951
2	313	125
2	313	547
2	314	816
2	314	865
2	314	916
2	315	68
2	316	258
2	317	81
2	318	55
2	318	601
2	318	729
2	319	956
2	320	402
2	323	229
2	323	470
2	324	25
2	324	540
2	326	646
2	327	532
2	327	715
2	328	63
2	329	546
2	329	741
2	330	305
2	331	86
2	332	14
2	332	43
2	332	806
2	334	943
2	335	737
2	336	132
2	337	673
2	337	828
2	337	984
2	339	70
2	339	972
2	340	131
2	341	570
2	343	465
2	343	751
2	344	693
2	344	922
2	345	252
2	345	652
2	347	71
2	351	296
2	352	213
2	352	239
2	353	608
2	353	755
2	353	933
2	354	100
2	354	583
2	355	332
2	355	541
2	357	384
2	357	436
2	358	537
2	359	163
2	359	599
2	361	217
2	361	628
2	362	66
2	362	404
2	363	91
2	365	281
2	368	610
2	370	180
2	370	423
2	372	240
2	372	277
2	372	581
2	377	111
2	377	699
2	378	630
2	379	374
2	379	444
2	379	975
2	380	46
2	380	899
2	382	173
2	384	120
2	384	227
2	385	544
2	386	379
2	386	895
2	390	645
2	391	339
2	391	689
2	392	514
2	392	550
2	393	266
2	395	386
2	395	493
2	396	271
2	398	57
2	398	504
2	399	795
2	400	424
2	400	822
2	401	656
2	407	1
2	407	47
2	408	335
2	408	430
2	409	95
2	409	142
2	411	205
2	412	160
2	413	203
2	413	617
2	414	770
2	414	926
2	415	349
2	419	189
2	420	56
2	420	695
2	420	831
2	421	874
2	422	674
2	422	714
2	422	920
2	423	105
2	423	825
2	424	198
2	425	573
2	425	871
2	426	345
2	426	383
2	426	943
2	427	702
2	428	513
2	428	525
2	429	885
2	429	996
2	431	191
2	431	509
2	432	356
2	434	45
2	434	238
2	434	745
2	436	865
2	438	468
2	440	49
2	442	161
2	442	665
2	444	159
2	445	286
2	449	309
2	450	216
2	450	257
2	450	299
2	450	527
2	451	75
2	451	145
2	451	968
2	453	793
2	454	19
2	454	119
2	454	175
2	454	483
2	454	587
2	454	688
2	455	429
2	455	742
2	456	623
2	457	771
2	458	394
2	458	956
2	459	994
2	460	692
2	461	106
2	461	302
2	461	520
2	461	788
2	462	510
2	462	637
2	462	928
2	462	937
2	464	419
2	467	551
2	468	59
2	469	88
2	469	782
2	473	80
2	474	2
2	474	28
2	474	552
2	475	435
2	478	412
2	478	624
2	479	73
2	480	149
2	480	642
2	481	10
2	481	48
2	481	151
2	481	306
2	482	334
2	484	783
2	485	987
2	486	359
2	489	27
2	489	167
2	490	402
2	491	977
2	492	347
2	492	976
2	493	62
2	495	408
2	496	144
2	496	790
2	497	221
2	497	276
2	497	616
2	497	632
2	498	818
2	499	598
2	502	244
2	502	536
2	503	83
2	503	346
2	504	611
2	504	737
2	504	738
2	505	90
2	505	116
2	506	875
2	509	30
2	510	117
2	511	881
2	512	820
2	513	453
2	514	805
2	514	923
2	515	267
2	516	86
2	518	774
2	519	233
2	520	672
2	521	255
2	521	583
2	523	251
2	525	361
2	525	517
2	527	463
2	529	794
2	531	477
2	531	755
2	532	93
2	532	229
2	532	732
2	532	968
2	533	79
2	533	636
2	533	907
2	534	234
2	534	283
2	534	442
2	535	717
2	535	960
2	536	839
2	537	935
2	538	329
2	538	384
2	539	155
2	540	23
2	540	215
2	541	459
2	541	668
2	541	762
2	543	445
2	543	655
2	544	136
2	544	454
2	545	200
2	546	217
2	547	71
2	548	649
2	549	297
2	549	936
2	550	389
2	551	67
2	552	639
2	553	182
2	553	699
2	555	284
2	558	280
2	560	654
2	562	103
2	562	235
2	562	320
2	563	174
2	565	24
2	565	565
2	566	126
2	566	397
2	567	51
2	568	410
2	573	570
2	574	736
2	575	134
2	575	157
2	577	640
2	577	916
2	578	158
2	579	622
2	579	842
2	580	475
2	580	669
2	580	693
2	583	835
2	583	939
2	584	594
2	586	455
2	586	769
2	588	965
2	590	556
2	590	599
2	591	533
2	591	900
2	592	277
2	592	393
2	596	496
2	597	893
2	598	220
2	598	796
2	599	723
2	603	37
2	603	327
2	604	156
2	604	494
2	605	201
2	605	330
2	605	543
2	606	617
2	607	420
2	607	478
2	608	35
2	608	343
2	609	331
2	610	203
2	611	534
2	611	816
2	611	933
2	612	104
2	612	212
2	612	432
2	613	222
2	613	275
2	613	742
2	614	385
2	614	425
2	614	707
2	616	741
2	616	786
2	617	424
2	617	538
2	619	747
2	621	84
2	621	377
2	622	764
2	623	65
2	623	814
2	629	354
2	630	716
2	631	81
2	631	653
2	632	39
2	632	421
2	633	348
2	633	493
2	633	800
2	636	240
2	637	581
2	637	646
2	639	97
2	639	405
2	643	55
2	644	133
2	644	175
2	645	664
2	646	651
2	646	813
2	647	401
2	649	434
2	650	34
2	652	522
2	652	690
2	653	232
2	653	364
2	654	986
2	655	809
2	656	918
2	657	460
2	657	598
2	657	606
2	659	227
2	659	914
2	660	436
2	660	737
2	661	142
2	661	341
2	661	435
2	662	72
2	662	159
2	662	550
2	664	125
2	664	204
2	664	624
2	664	833
2	665	621
2	668	714
2	669	225
2	672	937
2	673	687
2	674	810
2	676	884
2	677	74
2	677	497
2	678	799
2	679	218
2	680	992
2	681	109
2	681	580
2	682	310
2	682	336
2	683	248
2	685	271
2	685	785
2	685	895
2	685	899
2	686	291
2	687	86
2	688	313
2	692	470
2	693	794
2	700	406
2	700	686
2	702	59
2	706	118
2	707	492
2	707	700
2	709	360
2	711	587
2	712	387
2	713	110
2	715	443
2	719	285
2	719	718
2	722	650
2	723	758
2	725	14
2	725	622
2	726	1
2	726	151
2	726	613
2	728	503
2	729	452
2	729	740
2	730	290
2	732	315
2	733	724
2	734	129
2	735	691
2	736	456
2	738	732
2	739	630
2	739	797
2	740	252
2	740	549
2	741	480
2	741	554
2	742	247
2	743	153
2	743	174
2	744	30
2	744	241
2	744	810
2	745	40
2	745	869
2	746	82
2	747	284
2	747	539
2	750	874
2	751	333
2	752	265
2	752	601
2	752	628
2	754	599
2	754	823
2	756	15
2	756	516
2	759	261
2	759	657
2	760	314
2	760	521
2	762	820
2	763	771
2	766	439
2	766	553
2	768	474
2	770	569
2	771	148
2	771	167
2	771	273
2	772	675
2	772	727
2	773	390
2	777	579
2	778	188
2	779	389
2	781	961
2	783	372
2	784	282
2	784	410
2	787	458
2	789	567
2	789	723
2	790	805
2	792	146
2	793	216
2	793	757
2	794	316
2	794	594
2	795	332
2	796	326
2	796	505
2	796	864
2	797	98
2	798	211
2	799	623
2	800	43
2	800	172
2	801	236
2	801	523
2	802	337
2	803	263
2	804	26
2	804	673
2	804	933
2	805	820
2	808	96
2	808	790
2	811	24
2	811	404
2	814	57
2	815	924
2	816	500
2	816	982
2	817	852
2	818	795
2	819	575
2	819	672
2	820	615
2	822	156
2	823	532
2	825	773
2	826	955
2	827	417
2	829	141
2	829	584
2	829	930
2	832	81
2	832	845
2	833	278
2	835	139
2	836	495
2	836	625
2	836	717
2	838	706
2	838	819
2	839	858
2	840	318
2	841	92
2	842	62
2	842	436
2	842	671
2	843	682
2	843	807
2	843	906
2	844	381
2	845	624
2	846	303
2	846	598
2	846	662
2	847	308
2	847	685
2	847	760
2	847	980
2	848	765
2	848	839
2	849	485
2	850	965
2	850	1000
2	851	483
2	852	492
2	855	358
2	855	844
2	855	918
2	856	207
2	857	29
2	858	39
2	859	395
2	861	299
2	861	964
2	862	154
2	862	408
2	862	708
2	862	933
2	863	702
2	863	995
2	864	253
2	864	342
2	864	688
2	865	345
2	865	647
2	866	41
2	866	159
2	866	451
2	868	460
2	869	214
2	869	540
2	870	459
2	870	527
2	870	778
2	871	331
2	872	55
2	872	768
2	873	609
2	874	820
2	875	471
2	877	789
2	878	397
2	878	563
2	879	416
2	881	818
2	882	461
2	883	591
2	886	180
2	886	219
2	887	22
2	887	478
2	889	103
2	889	516
2	890	749
2	891	225
2	892	16
2	893	229
2	893	329
2	894	541
2	896	176
2	896	780
2	897	147
2	898	400
2	901	577
2	902	170
2	902	200
2	905	559
2	908	356
2	909	315
2	909	741
2	911	110
2	911	196
2	912	424
2	912	441
2	913	88
2	913	287
2	914	927
2	914	985
2	916	770
2	917	721
2	917	734
2	917	759
2	918	628
2	918	700
2	918	975
2	919	90
2	920	310
2	921	620
2	922	186
2	924	873
2	927	510
2	927	528
2	928	42
2	928	44
2	928	53
2	931	89
2	931	636
2	933	136
2	933	297
2	933	336
2	933	654
2	933	665
2	934	798
2	936	392
2	937	339
2	938	761
2	938	967
2	939	15
2	939	250
2	939	797
2	940	599
2	942	861
2	944	796
2	946	146
2	947	360
2	947	368
2	948	23
2	948	826
2	950	4
2	950	678
2	951	197
2	951	389
2	952	482
2	956	157
2	957	152
2	962	642
2	963	703
2	964	466
2	964	481
2	967	106
2	967	673
2	967	887
2	968	135
2	968	566
2	970	46
2	970	398
2	970	912
2	971	681
2	971	907
2	972	256
2	973	385
2	974	790
2	974	799
2	975	876
2	981	491
2	983	125
2	985	35
2	985	786
2	986	362
2	986	672
2	988	67
2	989	999
2	991	525
2	993	905
2	994	495
2	994	590
2	994	883
2	995	199
2	995	252
2	995	464
2	996	289
2	998	328
2	998	544
2	998	601
2	998	684
2	1001	245
2	1002	277
2	1003	350
2	1005	232
2	1005	267
2	1005	945
2	1008	292
2	1009	500
2	1010	984
2	1011	61
2	1011	69
2	1011	115
2	1011	660
2	1012	745
2	1013	740
2	1015	285
2	1015	644
2	1016	402
2	1016	828
2	1017	154
2	1017	677
2	1019	468
2	1020	603
2	1021	17
2	1021	163
2	1021	976
2	1022	191
2	1022	207
2	1022	475
2	1022	992
2	1023	142
2	1023	818
2	1024	255
2	1026	436
2	1027	318
2	1027	675
2	1028	6
2	1028	89
2	1028	687
2	1029	409
2	1030	375
2	1030	474
2	1030	489
2	1032	396
2	1033	600
2	1034	342
2	1034	750
2	1035	452
2	1035	679
2	1037	737
2	1040	404
2	1042	24
2	1042	532
2	1043	521
2	1046	351
2	1046	867
2	1051	393
2	1052	654
2	1054	758
2	1055	961
2	1059	573
2	1060	976
2	1062	480
2	1063	122
2	1063	319
2	1064	613
2	1065	434
2	1065	825
2	1066	263
2	1066	308
2	1066	479
2	1067	693
2	1067	724
2	1068	203
2	1070	503
2	1070	627
2	1072	699
2	1074	417
2	1075	705
2	1076	279
2	1078	347
2	1079	106
2	1079	744
2	1081	492
2	1082	108
2	1082	412
2	1082	518
2	1083	58
2	1084	827
2	1086	117
2	1086	885
2	1086	892
2	1090	151
2	1091	41
2	1091	178
2	1091	984
2	1092	183
2	1092	352
2	1092	447
2	1092	893
2	1092	976
2	1095	507
2	1096	651
2	1097	34
2	1100	381
2	1102	366
2	1102	634
2	1103	204
2	1103	998
2	1108	18
2	1108	170
2	1111	395
2	1112	40
2	1112	341
2	1114	296
2	1114	536
2	1115	800
2	1116	147
2	1116	362
2	1116	944
2	1118	698
2	1120	798
2	1122	868
2	1123	484
2	1124	86
2	1126	469
2	1126	497
2	1126	772
2	1127	708
2	1128	604
2	1129	128
2	1130	167
2	1131	55
2	1132	477
2	1132	525
2	1134	665
2	1134	890
2	1134	960
2	1136	542
2	1137	266
2	1138	57
2	1140	91
2	1140	476
2	1140	490
2	1140	985
2	1144	534
2	1145	21
2	1145	66
2	1145	119
2	1145	686
2	1146	102
2	1147	636
2	1148	355
2	1149	25
2	1149	746
2	1150	460
2	1151	166
2	1151	324
2	1152	663
2	1152	781
2	1152	992
2	1153	669
2	1154	4
2	1154	259
2	1155	607
2	1156	896
2	1157	38
2	1158	586
2	1158	899
2	1158	954
2	1160	664
2	1160	691
2	1161	192
2	1162	75
2	1163	755
2	1165	30
2	1165	61
2	1165	667
2	1166	427
2	1166	572
2	1167	471
2	1167	579
2	1167	941
2	1169	578
2	1172	695
2	1174	376
2	1174	382
2	1177	504
2	1178	721
2	1179	345
2	1179	391
2	1179	394
2	1179	632
2	1180	104
2	1181	197
2	1181	472
2	1181	810
2	1182	340
2	1183	237
2	1184	53
2	1184	437
2	1186	125
2	1186	127
2	1187	785
2	1188	871
2	1189	548
2	1189	682
2	1189	783
2	1190	243
2	1193	295
2	1194	68
2	1194	278
2	1195	697
2	1196	220
2	1197	879
2	1198	487
2	1199	272
2	1199	418
2	1199	554
2	1201	388
2	1202	444
2	1202	624
2	1202	863
2	1203	246
2	1203	860
2	1204	159
2	1204	195
2	1204	513
2	1204	639
2	1205	357
2	1206	124
2	1206	459
2	1206	729
2	1206	765
2	1208	619
2	1209	473
2	1209	640
2	1210	193
2	1211	466
2	1211	568
2	1213	502
2	1215	670
2	1216	182
2	1217	498
2	1217	892
2	1218	51
2	1218	796
2	1219	201
2	1219	404
2	1219	649
2	1220	991
2	1222	660
2	1222	893
2	1224	181
2	1224	416
2	1224	531
2	1225	36
2	1225	242
2	1225	520
2	1227	726
2	1228	398
2	1231	107
2	1231	333
2	1234	223
2	1235	571
2	1235	598
2	1236	365
2	1236	996
2	1238	112
2	1238	262
2	1239	172
2	1239	381
2	1241	291
2	1241	712
2	1241	985
2	1242	972
2	1243	198
2	1245	187
2	1245	247
2	1248	268
2	1250	834
2	1251	417
2	1251	493
2	1252	222
2	1252	326
2	1253	494
2	1254	446
2	1256	63
2	1256	680
2	1256	984
2	1257	862
2	1258	371
2	1259	143
2	1259	349
2	1261	277
2	1262	866
2	1263	169
2	1263	236
2	1265	58
2	1265	528
2	1267	269
2	1267	480
2	1268	264
2	1269	43
2	1269	170
2	1271	226
2	1274	614
2	1275	666
2	1276	969
2	1277	647
2	1278	413
2	1279	779
2	1284	573
2	1284	728
2	1285	5
2	1286	753
2	1286	875
2	1286	900
2	1289	595
2	1291	91
2	1291	724
2	1291	759
2	1294	152
2	1295	556
2	1296	623
2	1296	913
2	1298	576
2	1300	690
2	1302	585
2	1303	108
2	1303	615
2	1304	468
2	1306	208
2	1306	356
2	1306	942
2	1307	744
2	1309	361
2	1310	410
2	1312	180
2	1313	745
2	1315	549
2	1316	340
2	1316	768
2	1316	899
2	1317	216
2	1317	874
2	1318	76
2	1319	626
2	1320	127
2	1320	671
2	1321	241
2	1321	527
2	1322	733
2	1323	95
2	1323	642
2	1324	209
2	1324	245
2	1325	218
2	1325	229
2	1326	492
2	1326	564
2	1326	805
2	1327	346
2	1327	544
2	1328	130
2	1328	387
2	1328	606
2	1329	539
2	1331	133
2	1331	240
2	1332	400
2	1333	412
2	1335	479
2	1335	489
2	1336	566
2	1337	401
2	1340	47
2	1340	81
2	1340	367
2	1343	13
2	1343	427
2	1344	158
2	1346	87
2	1347	509
2	1348	890
2	1349	369
2	1350	496
2	1351	735
2	1353	396
2	1354	165
2	1354	456
2	1357	255
2	1357	565
2	1357	604
2	1358	85
2	1361	904
2	1362	25
2	1362	51
2	1362	444
2	1362	627
2	1362	828
2	1367	624
2	1367	697
2	1368	309
2	1369	519
2	1371	279
2	1372	304
2	1373	34
2	1373	295
2	1373	514
2	1374	156
2	1376	350
2	1376	439
2	1376	555
2	1378	244
2	1383	927
2	1384	144
2	1385	285
2	1387	27
2	1389	15
2	1389	191
2	1389	454
2	1391	3
2	1391	37
2	1391	720
2	1392	98
2	1392	782
2	1393	271
2	1393	843
2	1394	157
2	1394	538
2	1394	684
2	1394	945
2	1394	994
2	1395	622
2	1395	933
2	1396	40
2	1396	652
2	1396	997
2	1399	865
2	1400	687
2	1400	822
2	1401	441
2	1401	648
2	1402	503
2	1403	314
2	1404	299
2	1406	404
2	1406	557
2	1407	9
2	1407	657
2	1407	909
2	1408	388
2	1409	8
2	1409	104
2	1409	721
2	1410	858
2	1411	258
2	1411	901
2	1412	716
2	1414	349
2	1414	975
2	1415	372
2	1416	149
2	1417	151
2	1418	950
2	1419	713
2	1420	164
2	1421	893
2	1422	611
2	1423	791
2	1428	259
2	1429	927
2	1430	246
2	1430	707
2	1431	318
2	1431	366
2	1431	678
2	1431	752
2	1432	507
2	1433	448
2	1435	380
2	1436	265
2	1436	301
2	1437	730
2	1437	757
2	1438	290
2	1441	199
2	1441	488
2	1443	233
2	1445	920
2	1446	14
2	1446	867
2	1447	154
2	1447	174
2	1447	176
2	1448	535
2	1449	495
2	1449	602
2	1451	373
2	1451	763
2	1452	762
2	1453	490
2	1455	46
2	1455	384
2	1456	679
2	1456	828
2	1457	458
2	1458	769
2	1458	960
2	1459	228
2	1461	189
2	1461	673
2	1462	20
2	1463	610
2	1464	594
2	1464	717
2	1466	36
2	1466	552
2	1468	790
2	1469	562
2	1470	464
2	1473	493
2	1476	351
2	1477	891
2	1480	232
2	1481	523
2	1481	798
2	1482	236
2	1485	147
2	1485	499
2	1487	267
2	1488	597
2	1488	681
2	1489	741
2	1490	775
2	1493	537
2	1494	497
2	1494	723
2	1495	243
2	1497	34
2	1498	460
2	1498	654
2	1499	45
2	1500	298
2	1500	408
2	1501	249
2	1502	616
2	1503	449
2	1503	536
2	1505	561
2	1505	712
2	1506	11
2	1506	297
2	1506	517
2	1508	17
2	1510	634
2	1511	512
2	1512	148
2	1512	719
2	1515	403
2	1515	816
2	1516	665
2	1519	386
2	1520	194
2	1520	629
2	1521	365
2	1521	905
2	1522	142
2	1524	603
2	1525	138
2	1525	732
2	1527	84
2	1527	680
2	1528	144
2	1528	735
2	1529	65
2	1529	90
2	1530	47
2	1530	158
2	1530	392
2	1530	941
2	1532	414
2	1534	770
2	1535	29
2	1535	85
2	1535	835
2	1536	317
2	1537	201
2	1538	446
2	1539	43
2	1540	588
2	1541	672
2	1543	817
2	1543	867
2	1544	327
2	1546	75
2	1546	106
2	1546	227
2	1546	319
2	1546	353
2	1546	760
2	1547	257
2	1547	337
2	1548	393
2	1551	756
2	1551	934
2	1552	136
2	1554	198
2	1555	238
2	1556	269
2	1557	767
2	1559	231
2	1559	445
2	1561	892
2	1562	151
2	1562	195
2	1562	473
2	1563	314
2	1566	111
2	1567	190
2	1567	252
2	1568	995
2	1569	193
2	1571	196
2	1572	19
2	1572	338
2	1573	559
2	1574	358
2	1576	55
2	1576	457
2	1576	655
2	1577	339
2	1577	901
2	1578	501
2	1579	120
2	1579	673
2	1580	256
2	1582	93
2	1582	589
2	1583	434
2	1584	289
2	1586	387
2	1587	291
2	1587	774
2	1588	463
2	1589	42
2	1589	348
2	1591	57
2	1591	400
2	1593	521
2	1593	546
2	1594	24
2	1594	171
2	1596	439
2	1598	18
2	1598	282
2	1599	847
2	1601	548
2	1602	607
2	1603	502
2	1605	220
2	1607	271
2	1608	246
2	1609	658
2	1611	693
2	1611	925
2	1615	483
2	1616	705
2	1616	947
2	1619	96
2	1619	162
2	1621	700
2	1622	433
2	1624	422
2	1626	165
2	1626	721
2	1626	921
2	1627	656
2	1628	530
2	1630	72
2	1631	253
2	1631	572
2	1632	421
2	1633	619
2	1634	67
2	1634	468
2	1636	487
2	1636	570
2	1637	268
2	1638	885
2	1641	322
2	1643	135
2	1643	173
2	1643	514
2	1644	802
2	1645	715
2	1646	520
2	1647	142
2	1647	623
2	1648	103
2	1648	148
2	1648	276
2	1648	694
2	1648	840
2	1649	248
2	1649	991
2	1651	919
2	1652	273
2	1653	131
2	1655	250
2	1656	275
2	1656	397
2	1656	469
2	1657	874
2	1658	56
2	1659	344
2	1659	692
2	1661	184
2	1661	713
2	1662	115
2	1663	245
2	1663	414
2	1664	450
2	1664	707
2	1665	787
2	1668	484
2	1668	562
2	1669	654
2	1670	714
2	1671	728
2	1672	493
2	1673	207
2	1673	263
2	1673	330
2	1673	924
2	1675	265
2	1675	915
2	1676	208
2	1676	379
2	1677	91
2	1677	516
2	1678	126
2	1678	155
2	1678	569
2	1679	295
2	1680	409
2	1680	462
2	1680	960
2	1681	644
2	1681	883
2	1683	229
2	1683	557
2	1684	367
2	1685	86
2	1685	203
2	1685	725
2	1687	985
2	1691	328
2	1692	116
2	1694	904
2	1695	872
2	1696	79
2	1696	448
2	1696	678
2	1699	177
2	1700	68
2	1701	223
2	1702	280
2	1702	662
2	1703	612
2	1703	841
2	1704	803
2	1705	30
2	1706	17
2	1708	661
2	1712	989
2	1713	581
2	1714	494
2	1714	507
2	1715	191
2	1715	349
2	1715	859
2	1716	410
2	1716	837
2	1717	417
2	1717	444
2	1717	632
2	1720	604
2	1720	825
2	1721	11
2	1721	735
2	1725	168
2	1725	401
2	1726	440
2	1726	724
2	1727	710
2	1728	49
2	1728	141
2	1729	156
2	1730	366
2	1732	243
2	1733	284
2	1734	146
2	1735	698
2	1736	503
2	1738	744
2	1739	524
2	1739	766
2	1741	232
2	1741	371
2	1741	860
2	1742	227
2	1743	175
2	1743	355
2	1744	5
2	1745	190
2	1745	337
2	1745	345
2	1745	795
2	1746	342
2	1747	90
2	1747	92
2	1747	279
2	1747	325
2	1748	968
2	1749	764
2	1750	423
2	1751	109
2	1752	835
2	1753	965
2	1754	73
2	1754	354
2	1754	797
2	1755	650
2	1756	682
2	1757	4
2	1759	311
2	1762	645
2	1763	61
2	1763	556
2	1763	842
2	1764	246
2	1765	759
2	1766	647
2	1767	504
2	1769	437
2	1770	559
2	1771	258
2	1772	15
2	1772	592
2	1773	42
2	1774	809
2	1775	962
2	1776	655
2	1776	784
2	1777	120
2	1777	477
2	1777	740
2	1779	62
2	1779	534
2	1781	815
2	1781	856
2	1783	688
2	1784	812
2	1785	140
2	1786	987
2	1787	785
2	1789	257
2	1790	505
2	1791	575
2	1794	943
2	1795	869
2	1796	570
2	1797	806
2	1798	261
2	1801	112
2	1801	180
2	1802	238
2	1802	651
2	1803	98
2	1804	241
2	1805	154
2	1808	442
2	1811	158
2	1811	348
2	1811	726
2	1812	335
2	1813	341
2	1813	981
2	1814	542
2	1814	587
2	1815	513
2	1816	183
2	1816	605
2	1817	202
2	1818	751
2	1822	81
2	1822	178
2	1822	268
2	1822	441
2	1822	594
2	1823	295
2	1824	455
2	1824	530
2	1824	545
2	1826	106
2	1826	601
2	1827	317
2	1828	3
2	1828	299
2	1829	2
2	1829	47
2	1832	174
2	1832	964
2	1833	499
2	1835	440
2	1835	888
2	1835	999
2	1836	871
2	1837	75
2	1837	561
2	1839	123
2	1839	727
2	1840	372
2	1840	544
2	1843	429
2	1844	260
2	1844	714
2	1845	461
2	1846	780
2	1848	237
2	1849	236
2	1849	675
2	1851	410
2	1853	142
2	1856	581
2	1857	967
2	1860	683
2	1861	870
2	1862	151
2	1863	46
2	1863	221
2	1864	885
2	1868	877
2	1869	55
2	1869	307
2	1870	599
2	1872	400
2	1872	665
2	1873	364
2	1874	883
2	1875	285
2	1876	226
2	1877	250
2	1877	347
2	1881	273
2	1882	366
2	1885	531
2	1886	852
2	1887	52
2	1887	609
2	1887	617
2	1887	789
2	1888	110
2	1890	495
2	1890	624
2	1892	19
2	1892	234
2	1895	633
2	1897	814
2	1898	28
2	1898	699
2	1899	289
2	1899	790
2	1900	272
2	1900	378
2	1902	468
2	1902	474
2	1902	835
2	1905	139
2	1905	893
2	1906	374
2	1906	569
2	1907	585
2	1907	847
2	1909	302
2	1910	339
2	1911	283
2	1913	214
2	1913	890
2	1914	368
2	1915	984
2	1916	170
2	1916	679
2	1917	953
2	1919	185
2	1919	249
2	1919	647
2	1919	960
2	1920	248
2	1921	842
2	1922	626
2	1923	12
2	1923	796
2	1925	496
2	1925	758
2	1929	312
2	1930	397
2	1930	562
2	1930	867
2	1931	540
2	1931	622
2	1933	512
2	1934	644
2	1935	988
2	1936	459
2	1937	481
2	1938	176
2	1939	113
2	1940	689
2	1941	96
2	1941	266
2	1941	276
2	1941	926
2	1942	224
2	1945	355
2	1945	726
2	1947	365
2	1947	476
2	1948	473
2	1950	475
2	1950	631
2	1950	821
2	1950	871
2	1951	884
2	1952	38
2	1952	66
2	1952	247
2	1952	294
2	1953	98
2	1953	132
2	1955	195
2	1955	251
2	1955	422
2	1959	50
2	1959	466
2	1959	505
2	1960	232
2	1960	859
2	1961	464
2	1962	94
2	1963	59
2	1965	146
2	1966	29
2	1966	155
2	1967	852
2	1968	105
2	1969	166
2	1970	865
2	1972	84
2	1972	414
2	1972	954
2	1974	483
2	1976	932
2	1979	202
2	1981	583
2	1982	982
2	1983	713
2	1984	451
2	1986	238
2	1987	652
2	1988	577
2	1989	875
2	1989	922
2	1990	663
2	1992	571
2	1993	142
2	1993	548
2	1993	820
2	1994	160
2	1995	342
2	1995	549
2	1997	241
2	1999	431
2	2000	442
2	2000	741
2	2001	34
2	2001	200
2	2001	413
2	2003	207
2	2003	722
2	2003	798
2	2003	916
2	2004	542
2	2004	543
2	2004	721
2	2007	88
2	2008	485
2	2009	453
2	2009	494
2	2010	893
2	2011	167
2	2011	206
2	2011	676
2	2011	772
2	2012	163
2	2013	345
2	2014	677
2	2015	460
2	2016	8
2	2016	240
2	2016	510
2	2016	528
2	2016	702
2	2018	767
2	2020	969
2	2021	867
2	2022	564
2	2022	604
2	2022	720
2	2026	829
2	2026	878
2	2026	965
2	2027	337
2	2027	358
2	2029	205
2	2032	180
2	2035	164
2	2035	486
2	2036	526
2	2037	156
2	2038	43
2	2038	578
2	2038	670
2	2039	258
2	2041	44
2	2041	596
2	2042	237
2	2042	611
2	2043	127
2	2045	462
2	2046	181
2	2046	311
2	2047	714
2	2050	116
2	2052	438
2	2052	992
2	2054	373
2	2054	691
2	2055	587
2	2057	253
2	2057	646
2	2057	961
2	2060	703
2	2061	390
2	2064	547
2	2065	92
2	2065	138
2	2065	334
2	2067	479
2	2068	440
2	2068	828
2	2069	227
2	2069	252
2	2070	606
2	2071	490
2	2072	568
2	2074	299
2	2074	984
2	2075	449
2	2076	108
2	2076	117
2	2077	834
2	2079	153
2	2079	262
2	2080	723
2	2082	698
2	2082	788
2	2084	782
2	2084	786
2	2085	394
2	2086	459
2	2087	574
2	2087	942
2	2088	52
2	2088	697
2	2088	931
2	2089	902
2	2090	190
2	2093	688
2	2094	454
2	2094	517
2	2095	85
2	2096	794
2	2096	851
2	2097	216
2	2098	428
2	2098	696
2	2099	636
2	2101	119
2	2102	911
2	2103	305
2	2103	651
2	2104	610
2	2105	613
2	2105	659
2	2106	922
2	2107	231
2	2107	627
2	2107	898
2	2109	785
2	2109	935
2	2111	514
2	2111	595
2	2111	822
2	2112	943
2	2114	682
2	2115	563
2	2115	586
2	2115	648
2	2115	919
2	2115	978
2	2121	169
2	2121	699
2	2122	63
2	2123	261
2	2123	436
2	2123	914
2	2124	755
2	2126	652
2	2127	318
2	2127	769
2	2128	366
2	2128	409
2	2128	929
2	2130	661
2	2131	740
2	2132	710
2	2132	743
2	2132	864
2	2133	456
2	2134	296
2	2134	745
2	2137	11
2	2137	831
2	2138	198
2	2140	498
2	2141	658
2	2142	513
2	2142	774
2	2143	437
2	2144	389
2	2144	881
2	2145	983
2	2148	282
2	2151	7
2	2153	899
2	2154	757
2	2156	298
2	2158	589
2	2159	96
2	2159	765
2	2160	497
2	2160	537
2	2160	643
2	2162	584
2	2162	909
2	2164	27
2	2165	604
2	2166	649
2	2167	239
2	2169	384
2	2170	368
2	2171	874
2	2172	139
2	2172	335
2	2172	458
2	2175	235
2	2177	864
2	2179	33
2	2180	372
2	2180	473
2	2180	816
2	2181	135
2	2181	376
2	2181	413
2	2182	508
2	2183	833
2	2184	210
2	2188	218
2	2188	538
2	2190	532
2	2191	41
2	2191	136
2	2192	404
2	2192	509
2	2193	860
2	2194	125
2	2194	607
2	2195	345
2	2196	515
2	2196	992
2	2197	685
2	2198	103
2	2200	12
2	2200	677
2	2201	350
2	2202	123
2	2204	425
2	2204	662
2	2204	996
2	2206	535
2	2209	37
2	2210	899
2	2211	26
2	2211	770
2	2213	429
2	2213	640
2	2213	840
2	2214	188
2	2215	642
2	2215	728
2	2216	281
2	2216	880
2	2217	176
2	2218	326
2	2218	956
2	2219	559
2	2219	725
2	2222	233
2	2222	977
2	2225	520
2	2226	679
2	2229	334
2	2229	342
2	2229	371
2	2231	370
2	2231	634
2	2233	236
2	2233	395
2	2234	272
2	2235	792
2	2237	622
2	2239	410
2	2239	544
2	2239	614
2	2239	899
2	2242	343
2	2243	348
2	2243	489
2	2243	551
2	2244	542
2	2244	651
2	2246	502
2	2246	732
2	2247	152
2	2248	351
2	2248	427
2	2248	615
2	2248	945
2	2249	861
2	2251	21
2	2251	170
2	2251	201
2	2251	742
2	2252	759
2	2253	156
2	2253	791
2	2254	669
2	2254	996
2	2255	751
2	2256	247
2	2256	519
2	2256	594
2	2259	35
2	2259	319
2	2259	948
2	2261	167
2	2261	796
2	2262	573
2	2262	667
2	2263	51
2	2263	145
2	2264	191
2	2266	195
2	2267	378
2	2268	332
2	2270	77
2	2270	420
2	2270	423
2	2270	953
2	2273	579
2	2273	889
2	2275	500
2	2277	10
2	2277	554
2	2277	994
2	2278	3
2	2279	566
2	2279	749
2	2279	910
2	2280	688
2	2281	276
2	2282	63
2	2282	482
2	2283	762
2	2285	34
2	2287	671
2	2288	255
2	2290	561
2	2291	418
2	2292	355
2	2295	251
2	2295	496
2	2297	101
2	2298	256
2	2300	521
2	2300	524
2	2302	180
2	2303	612
2	2303	726
2	2304	620
2	2304	666
2	2305	75
2	2305	424
2	2305	858
2	2306	182
2	2307	549
2	2308	917
2	2309	83
2	2309	457
2	2310	483
2	2311	303
2	2312	19
2	2312	510
2	2313	112
2	2314	31
2	2315	617
2	2316	336
2	2316	486
2	2317	198
2	2317	242
2	2318	527
2	2318	686
2	2318	908
2	2321	400
2	2324	260
2	2324	550
2	2326	179
2	2326	684
2	2326	876
2	2327	536
2	2328	209
2	2329	777
2	2331	79
2	2332	838
2	2333	113
2	2333	252
2	2333	472
2	2333	676
2	2334	283
2	2335	204
2	2335	265
2	2335	605
2	2340	103
2	2340	587
2	2342	914
2	2344	329
2	2345	174
2	2346	313
2	2346	936
2	2348	600
2	2348	607
2	2349	216
2	2350	49
2	2351	739
2	2352	325
2	2354	141
2	2354	334
2	2355	183
2	2355	961
2	2356	736
2	2356	768
2	2358	306
2	2359	64
2	2359	515
2	2361	22
2	2362	38
2	2362	56
2	2364	65
2	2364	92
2	2365	377
2	2366	448
2	2367	824
2	2367	906
2	2369	481
2	2370	250
2	2370	289
2	2371	354
2	2371	567
2	2372	721
2	2373	700
2	2374	708
2	2375	735
2	2375	923
2	2376	39
2	2376	391
2	2377	311
2	2378	120
2	2378	421
2	2379	363
2	2379	653
2	2380	665
2	2380	814
2	2381	102
2	2381	189
2	2381	244
2	2381	701
2	2382	106
2	2383	307
2	2385	258
2	2385	479
2	2385	599
2	2386	572
2	2387	997
2	2391	425
2	2391	924
2	2392	508
2	2396	288
2	2396	845
2	2397	241
2	2399	335
2	2400	720
2	2401	290
2	2403	756
2	2404	171
2	2405	794
2	2406	11
2	2406	384
2	2407	40
2	2410	675
2	2411	26
2	2411	372
2	2413	499
2	2413	737
2	2414	27
2	2414	155
2	2415	89
2	2415	146
2	2415	555
2	2417	619
2	2418	911
2	2419	820
2	2421	741
2	2422	142
2	2422	971
2	2423	509
2	2424	906
2	2426	592
2	2427	461
2	2428	678
2	2429	518
2	2430	734
2	2432	60
2	2432	863
2	2433	2
2	2433	874
2	2434	156
2	2434	379
2	2434	547
2	2434	753
2	2435	370
2	2435	468
2	2437	636
2	2438	575
2	2439	72
2	2439	403
2	2440	462
2	2440	680
2	2440	983
2	2441	439
2	2444	647
2	2445	82
2	2445	259
2	2447	347
2	2451	773
2	2452	427
2	2453	663
2	2455	986
2	2458	606
2	2458	855
2	2460	136
2	2461	541
2	2462	346
2	2462	416
2	2465	192
2	2466	617
2	2466	798
2	2467	153
2	2467	571
2	2467	759
2	2468	203
2	2468	381
2	2468	488
2	2469	221
2	2469	459
2	2469	573
2	2470	342
2	2470	629
2	2471	718
2	2477	409
2	2478	465
2	2479	247
2	2480	210
2	2480	369
2	2480	417
2	2482	426
2	2486	799
2	2487	212
2	2487	235
2	2488	864
2	2490	190
2	2491	308
2	2492	256
2	2493	835
2	2494	20
2	2494	186
2	2496	977
2	2497	443
2	2498	320
2	2499	80
2	2499	728
2	2500	538
2	2501	410
2	2502	183
2	2503	558
2	2504	95
2	2504	819
2	2506	838
2	2506	932
2	2507	763
2	2509	188
2	2511	128
2	2511	433
2	2511	632
2	2511	697
2	2513	356
2	2514	564
2	2514	685
2	2515	218
2	2515	689
2	2517	87
2	2517	875
2	2519	182
2	2519	441
2	2521	279
2	2521	525
2	2523	321
2	2523	721
2	2524	121
2	2525	700
2	2527	570
2	2527	894
2	2532	471
2	2532	953
2	2533	447
2	2533	691
2	2536	222
2	2536	562
2	2537	307
2	2538	200
2	2540	327
2	2543	367
2	2544	325
2	2544	526
2	2544	719
2	2545	818
2	2546	404
2	2547	962
2	2551	792
2	2551	935
2	2552	292
2	2552	293
2	2553	511
2	2556	648
2	2556	845
2	2557	520
2	2558	350
2	2561	477
2	2561	519
2	2561	828
2	2564	536
2	2566	10
2	2568	58
2	2568	74
2	2569	577
2	2571	459
2	2573	37
2	2573	510
2	2574	895
2	2576	4
2	2577	542
2	2578	157
2	2578	160
2	2578	706
2	2578	755
2	2579	44
2	2581	59
2	2582	524
2	2583	264
2	2584	771
2	2585	217
2	2585	532
2	2586	372
2	2586	654
2	2587	454
2	2587	872
2	2588	997
2	2589	328
2	2589	739
2	2591	52
2	2592	138
2	2593	365
2	2594	490
2	2595	57
2	2595	83
2	2595	265
2	2598	118
2	2598	352
2	2598	394
2	2599	638
2	2599	651
2	2599	715
2	2600	610
2	2602	63
2	2602	634
2	2603	177
2	2603	786
2	2604	143
2	2605	628
2	2607	935
2	2608	405
2	2609	189
2	2609	535
2	2609	672
2	2610	92
2	2610	120
2	2610	439
2	2611	351
2	2612	901
2	2613	204
2	2613	847
2	2614	9
2	2616	235
2	2616	440
2	2617	123
2	2618	199
2	2618	690
2	2619	568
2	2621	226
2	2621	650
2	2622	801
2	2622	884
2	2623	107
2	2624	646
2	2625	224
2	2625	275
2	2626	984
2	2627	184
2	2628	688
2	2631	205
2	2631	681
2	2631	811
2	2632	412
2	2633	735
2	2634	113
2	2634	838
2	2635	563
2	2635	916
2	2636	567
2	2636	702
2	2637	609
2	2638	349
2	2639	326
2	2639	384
2	2639	656
2	2642	472
2	2645	919
2	2646	39
2	2646	428
2	2646	666
2	2647	761
2	2648	46
2	2649	386
2	2650	594
2	2651	47
2	2651	423
2	2651	430
2	2651	438
2	2651	835
2	2651	836
2	2654	446
2	2654	515
2	2660	81
2	2660	548
2	2660	744
2	2660	895
2	2661	201
2	2662	912
2	2663	408
2	2664	630
2	2665	574
2	2665	714
2	2665	720
2	2667	473
2	2668	841
2	2670	247
2	2670	726
2	2671	237
2	2672	61
2	2672	126
2	2672	954
2	2675	492
2	2677	640
2	2679	137
2	2679	534
2	2680	312
2	2680	498
2	2680	932
2	2681	174
2	2683	413
2	2683	530
2	2683	619
2	2683	794
2	2685	13
2	2685	960
2	2686	36
2	2686	502
2	2688	475
2	2688	686
2	2688	976
2	2689	778
2	2691	353
2	2692	529
2	2693	5
2	2693	74
2	2693	570
2	2694	674
2	2695	25
2	2695	377
2	2696	607
2	2698	552
2	2699	66
2	2699	961
2	2700	303
2	2701	182
2	2701	421
2	2702	34
2	2702	87
2	2702	737
2	2703	31
2	2703	655
2	2703	796
2	2704	68
2	2705	987
2	2706	378
2	2707	725
2	2708	896
2	2710	194
2	2713	310
2	2713	797
2	2713	965
2	2714	95
2	2714	846
2	2715	689
2	2718	370
2	2718	513
2	2719	155
2	2720	620
2	2720	967
2	2721	232
2	2722	510
2	2723	803
2	2724	611
2	2725	96
2	2725	892
2	2725	952
2	2726	539
2	2726	585
2	2726	629
2	2726	673
2	2726	940
2	2727	300
2	2727	738
2	2727	784
2	2728	313
2	2728	700
2	2730	721
2	2731	639
2	2732	223
2	2732	336
2	2732	608
2	2732	649
2	2733	516
2	2733	576
2	2734	692
2	2735	758
2	2736	249
2	2736	808
2	2736	910
2	2737	256
2	2737	305
2	2739	90
2	2739	487
2	2742	88
2	2742	623
2	2743	994
2	2744	679
2	2747	947
2	2748	264
2	2748	543
2	2748	634
2	2749	979
2	2750	538
2	2751	1
2	2753	73
2	2753	770
2	2754	501
2	2756	270
2	2757	403
2	2757	636
2	2757	828
2	2759	768
2	2759	897
2	2760	605
2	2761	187
2	2761	296
2	2761	632
2	2762	228
2	2762	724
2	2763	211
2	2763	314
2	2766	352
2	2766	367
2	2766	718
2	2767	439
2	2767	810
2	2767	847
2	2768	875
2	2769	278
2	2772	94
2	2773	7
2	2773	701
2	2774	119
2	2774	799
2	2775	364
2	2776	255
2	2777	118
2	2778	175
2	2779	836
2	2780	500
2	2780	722
2	2783	297
2	2783	442
2	2783	621
2	2784	109
2	2785	385
2	2786	271
2	2787	653
2	2787	683
2	2788	252
2	2788	519
2	2789	245
2	2789	360
2	2790	186
2	2790	295
2	2793	742
2	2794	335
2	2794	707
2	2794	756
2	2795	395
2	2795	440
2	2795	960
2	2797	246
2	2799	153
2	2799	425
2	2800	568
2	2802	65
2	2803	451
2	2804	589
2	2805	829
2	2806	560
2	2806	734
2	2807	150
2	2807	362
2	2808	229
2	2808	233
2	2808	476
2	2808	566
2	2809	710
2	2810	114
2	2810	755
2	2811	44
2	2811	583
2	2812	323
2	2812	532
2	2814	92
2	2816	839
2	2817	78
2	2817	803
2	2818	906
2	2820	242
2	2820	317
2	2820	523
2	2820	932
2	2824	169
2	2824	268
2	2826	453
2	2827	456
2	2828	331
2	2828	748
2	2831	547
2	2831	791
2	2832	262
2	2832	877
2	2834	745
2	2835	410
2	2835	417
2	2835	459
2	2835	574
2	2837	482
2	2837	820
2	2838	390
2	2839	218
2	2839	810
2	2842	729
2	2843	481
2	2845	14
2	2845	749
2	2846	449
2	2848	607
2	2849	512
2	2850	361
2	2850	670
2	2851	462
2	2852	382
2	2852	947
2	2853	798
2	2853	956
2	2854	58
2	2854	759
2	2854	990
2	2855	185
2	2855	781
2	2856	285
2	2857	163
2	2857	330
2	2858	95
2	2860	67
2	2862	197
2	2862	310
2	2862	388
2	2862	714
2	2862	732
2	2863	906
2	2864	3
2	2864	415
2	2865	332
2	2865	469
2	2865	687
2	2866	9
2	2866	719
2	2867	772
2	2868	307
2	2868	426
2	2869	263
2	2870	374
2	2871	450
2	2871	496
2	2871	697
2	2871	800
2	2872	238
2	2872	789
2	2873	429
2	2874	15
2	2874	311
2	2874	631
2	2877	38
2	2877	458
2	2877	530
2	2878	128
2	2878	495
2	2879	897
2	2880	535
2	2880	824
2	2881	124
2	2881	394
2	2883	98
2	2884	105
2	2885	72
2	2885	646
2	2885	658
2	2886	529
2	2887	338
2	2887	531
2	2888	420
2	2889	176
2	2889	563
2	2891	409
2	2891	540
2	2892	507
2	2895	917
2	2896	370
2	2897	598
2	2898	892
2	2899	695
2	2901	615
2	2902	493
2	2902	650
2	2903	117
2	2903	148
2	2904	74
2	2905	880
2	2906	113
2	2906	380
2	2906	986
2	2908	526
2	2910	333
2	2910	586
2	2910	738
2	2911	353
2	2912	414
2	2913	304
2	2914	556
2	2914	886
2	2915	210
2	2917	216
2	2918	281
2	2918	709
2	2920	470
2	2920	575
2	2920	648
2	2920	731
2	2921	674
2	2923	489
2	2924	510
2	2926	457
2	2926	871
2	2928	81
2	2928	249
2	2928	422
2	2929	857
2	2931	428
2	2934	295
2	2936	16
2	2936	215
2	2937	717
2	2940	541
2	2943	617
2	2945	603
2	2946	51
2	2948	324
2	2948	557
2	2949	275
2	2949	545
2	2949	660
2	2951	524
2	2952	513
2	2953	999
2	2955	43
2	2959	356
2	2960	748
2	2961	487
2	2961	645
2	2961	819
2	2963	182
2	2963	620
2	2966	2
2	2966	24
2	2968	146
2	2968	227
2	2968	265
2	2968	692
2	2969	131
2	2969	260
2	2969	337
2	2970	661
2	2970	983
2	2971	287
2	2971	355
2	2971	696
2	2974	291
2	2974	618
2	2974	843
2	2977	440
2	2977	795
2	2978	178
2	2978	360
2	2979	411
2	2980	25
2	2980	656
2	2980	722
2	2981	101
2	2981	279
2	2981	576
2	2981	764
2	2981	920
2	2982	390
2	2983	166
2	2985	123
2	2985	663
2	2985	684
2	2985	944
2	2986	308
2	2986	327
2	2986	789
2	2987	720
2	2988	522
2	2988	852
2	2989	71
2	2989	792
2	2991	49
2	2991	676
2	2991	898
2	2993	901
2	2994	230
2	2996	455
2	2997	365
2	2998	56
2	2998	657
2	2999	375
2	2999	643
2	3003	62
2	3003	195
2	3003	340
2	3003	555
2	3003	592
2	3003	594
2	3004	387
2	3004	528
2	3008	173
2	3008	313
2	3008	383
2	3009	55
2	3009	145
2	3010	567
2	3012	325
2	3013	90
2	3015	766
2	3016	17
2	3016	589
2	3016	998
2	3017	726
2	3018	902
2	3019	88
2	3020	256
2	3022	254
2	3023	484
2	3025	475
2	3025	552
2	3026	160
2	3026	220
2	3026	359
2	3027	238
2	3027	284
2	3027	849
2	3028	498
2	3029	293
2	3029	713
2	3030	593
2	3033	155
2	3036	302
2	3038	765
2	3038	991
2	3039	848
2	3040	544
2	3042	461
2	3042	701
2	3043	945
2	3046	45
2	3046	614
2	3047	392
2	3047	683
2	3047	714
2	3048	328
2	3049	167
2	3050	876
2	3053	670
2	3054	150
2	3054	553
2	3055	334
2	3055	740
2	3058	695
2	3059	271
2	3060	217
2	3060	443
2	3061	176
2	3061	612
2	3061	744
2	3062	48
2	3062	820
2	3063	679
2	3063	781
2	3064	257
2	3064	565
2	3064	775
2	3065	20
2	3065	887
2	3066	202
2	3066	326
2	3067	543
2	3067	610
2	3069	718
2	3070	117
2	3070	382
2	3072	19
2	3072	573
2	3074	624
2	3076	467
2	3076	734
2	3078	6
2	3078	391
2	3080	211
2	3081	421
2	3081	575
2	3082	514
2	3084	638
2	3085	236
2	3085	801
2	3086	247
2	3086	511
2	3087	426
2	3087	490
2	3087	521
2	3087	688
2	3087	704
2	3089	22
2	3089	401
2	3089	885
2	3089	904
2	3090	74
2	3091	582
2	3092	282
2	3093	700
2	3095	985
2	3096	998
2	3099	169
2	3100	91
2	3100	342
2	3100	457
2	3100	889
2	3102	324
2	3105	747
2	3106	180
2	3107	680
2	3107	854
2	3108	351
2	3109	199
2	3109	595
2	3110	472
2	3111	200
2	3112	994
2	3113	259
2	3113	948
2	3115	712
2	3116	299
2	3117	189
2	3117	942
2	3119	104
2	3120	77
2	3120	363
2	3120	605
2	3121	425
2	3121	471
2	3124	274
2	3125	242
2	3125	399
2	3126	505
2	3126	653
2	3127	68
2	3128	239
2	3129	237
2	3129	804
2	3130	413
2	3130	533
2	3131	526
2	3132	76
2	3132	444
2	3134	54
2	3134	355
2	3135	753
2	3136	731
2	3136	875
2	3137	96
2	3137	488
2	3139	84
2	3141	478
2	3141	665
2	3142	280
2	3142	335
2	3142	538
2	3142	727
2	3143	597
2	3143	608
2	3146	434
2	3149	660
2	3149	808
2	3150	509
2	3151	585
2	3152	214
2	3153	838
2	3154	172
2	3154	321
2	3154	661
2	3155	244
2	3155	506
2	3155	671
2	3156	687
2	3156	989
2	3157	523
2	3159	518
2	3159	783
2	3160	480
2	3161	95
2	3161	187
2	3161	310
2	3161	311
2	3162	284
2	3163	685
2	3166	764
2	3166	883
2	3167	344
2	3168	810
2	3169	332
2	3170	47
2	3172	333
2	3175	99
2	3175	166
2	3175	218
2	3175	419
2	3176	559
2	3178	634
2	3180	557
2	3181	133
2	3181	403
2	3182	313
2	3184	417
2	3184	469
2	3187	365
2	3188	46
2	3189	493
2	3189	621
2	3189	708
2	3190	737
2	3191	9
2	3191	571
2	3191	702
2	3194	155
2	3194	367
2	3195	181
2	3195	198
2	3197	195
2	3197	527
2	3199	36
2	3200	41
2	3202	826
2	3204	93
2	3204	541
2	3204	663
2	3204	717
2	3204	721
2	3206	863
2	3207	309
2	3207	748
2	3208	201
2	3209	17
2	3211	739
2	3212	453
2	3212	618
2	3212	673
2	3212	691
2	3213	456
2	3214	15
2	3214	141
2	3218	750
2	3219	770
2	3220	500
2	3220	791
2	3221	345
2	3223	238
2	3224	476
2	3224	519
2	3224	715
2	3224	812
2	3225	504
2	3225	730
2	3226	16
2	3226	441
2	3227	86
2	3227	385
2	3227	561
2	3227	692
2	3228	216
2	3228	297
2	3229	535
2	3229	589
2	3230	593
2	3231	840
2	3231	849
2	3232	170
2	3233	29
2	3233	250
2	3233	959
2	3234	42
2	3234	607
2	3236	3
2	3236	277
2	3237	331
2	3239	78
2	3240	62
2	3240	317
2	3241	914
2	3242	74
2	3242	299
2	3242	732
2	3245	119
2	3248	60
2	3248	891
2	3249	38
2	3249	90
2	3249	322
2	3249	655
2	3250	763
2	3251	578
2	3251	582
2	3252	127
2	3252	220
2	3253	552
2	3255	475
2	3255	539
2	3256	31
2	3258	308
2	3258	902
2	3258	933
2	3260	194
2	3261	226
2	3263	173
2	3265	627
2	3266	174
2	3266	421
2	3266	810
2	3267	131
2	3267	623
2	3270	267
2	3270	530
2	3270	570
2	3272	211
2	3272	887
2	3273	139
2	3276	758
2	3276	788
2	3277	150
2	3277	452
2	3279	232
2	3279	761
2	3281	114
2	3281	398
2	3282	547
2	3284	612
2	3284	625
2	3285	149
2	3285	676
2	3285	768
2	3286	772
2	3287	377
2	3287	462
2	3290	609
2	3291	185
2	3292	161
2	3292	599
2	3292	680
2	3293	577
2	3295	269
2	3297	657
2	3299	610
2	3300	328
2	3300	370
2	3302	395
2	3302	785
2	3305	255
2	3305	843
2	3306	111
2	3306	213
2	3310	184
2	3312	153
2	3312	528
2	3312	738
2	3312	854
2	3314	410
2	3315	54
2	3315	786
2	3316	325
2	3318	556
2	3320	425
2	3320	908
2	3321	437
2	3321	596
2	3321	774
2	3322	266
2	3322	542
2	3322	741
2	3323	461
2	3325	393
2	3325	639
2	3326	295
2	3330	759
2	3331	742
2	3334	503
2	3335	722
2	3336	334
2	3336	558
2	3337	243
2	3337	594
2	3337	983
2	3339	381
2	3340	427
2	3341	346
2	3342	720
2	3345	256
2	3345	470
2	3346	467
2	3346	483
2	3348	261
2	3348	458
2	3348	494
2	3348	614
2	3349	734
2	3350	352
2	3351	422
2	3353	931
2	3354	420
2	3354	986
2	3355	533
2	3358	714
2	3358	974
2	3360	321
2	3361	636
2	3362	332
2	3365	704
2	3365	733
2	3368	447
2	3368	537
2	3369	156
2	3369	952
2	3370	987
2	3373	8
2	3373	481
2	3377	135
2	3377	615
2	3377	944
2	3378	34
2	3380	121
2	3380	362
2	3381	56
2	3382	76
2	3382	486
2	3382	975
2	3385	712
2	3386	98
2	3386	329
2	3388	86
2	3388	426
2	3391	248
2	3391	293
2	3391	866
2	3392	536
2	3392	726
2	3392	962
2	3393	130
2	3393	729
2	3396	46
2	3397	416
2	3399	689
2	3400	514
2	3401	340
2	3401	434
2	3401	698
2	3402	652
2	3403	186
2	3404	102
2	3404	274
2	3404	765
2	3405	27
2	3405	258
2	3405	532
2	3407	307
2	3410	592
2	3411	289
2	3411	701
2	3413	50
2	3415	66
2	3415	227
2	3415	932
2	3416	21
2	3416	799
2	3417	469
2	3418	403
2	3418	443
2	3419	55
2	3421	124
2	3421	267
2	3421	785
2	3421	794
2	3424	82
2	3425	360
2	3425	622
2	3426	357
2	3426	577
2	3428	18
2	3428	87
2	3428	586
2	3429	5
2	3430	6
2	3430	415
2	3432	694
2	3433	769
2	3435	822
2	3436	202
2	3436	417
2	3436	585
2	3437	500
2	3438	435
2	3439	370
2	3441	15
2	3441	116
2	3441	671
2	3442	151
2	3442	380
2	3442	449
2	3442	677
2	3444	721
2	3445	110
2	3445	418
2	3445	560
2	3448	374
2	3448	600
2	3448	748
2	3449	668
2	3451	579
2	3453	872
2	3454	630
2	3455	23
2	3455	484
2	3458	891
2	3459	464
2	3461	301
2	3462	424
2	3464	175
2	3464	633
2	3464	656
2	3468	670
2	3468	724
2	3468	920
2	3469	429
2	3469	638
2	3470	612
2	3472	304
2	3473	198
2	3473	221
2	3474	349
2	3474	436
2	3474	439
2	3475	3
2	3477	369
2	3477	678
2	3478	310
2	3478	628
2	3479	108
2	3480	174
2	3480	575
2	3483	152
2	3484	653
2	3485	730
2	3486	756
2	3487	519
2	3487	587
2	3488	179
2	3488	801
2	3488	900
2	3489	150
2	3490	459
2	3490	520
2	3491	214
2	3491	470
2	3491	635
2	3491	669
2	3492	405
2	3494	131
2	3494	665
2	3496	306
2	3496	661
2	3496	754
2	3497	190
2	3498	604
2	3499	31
2	3499	234
2	3500	44
2	3500	63
2	3500	316
2	3502	381
2	3502	431
2	3502	752
2	3502	796
2	3503	266
2	3504	53
2	3504	313
2	3504	379
2	3504	456
2	3505	852
2	3506	530
2	3506	932
2	3508	57
2	3508	358
2	3508	511
2	3509	837
2	3510	145
2	3510	570
2	3512	300
2	3512	738
2	3513	343
2	3513	705
2	3514	713
2	3515	99
2	3516	476
2	3516	676
2	3517	533
2	3518	223
2	3519	938
2	3520	270
2	3521	775
2	3522	806
2	3524	483
2	3526	580
2	3526	689
2	3527	185
2	3527	658
2	3528	168
2	3534	139
2	3535	288
2	3539	309
2	3539	971
2	3540	466
2	3545	70
2	3546	704
2	3547	733
2	3553	324
2	3554	47
2	3555	10
2	3555	368
2	3556	80
2	3557	386
2	3559	308
2	3560	147
2	3560	406
2	3560	620
2	3561	621
2	3563	166
2	3566	21
2	3566	210
2	3567	134
2	3567	423
2	3567	526
2	3569	85
2	3569	104
2	3569	740
2	3569	768
2	3570	736
2	3571	611
2	3572	442
2	3572	887
2	3574	122
2	3574	424
2	3576	195
2	3577	715
2	3577	824
2	3577	916
2	3579	792
2	3581	702
2	3581	748
2	3582	726
2	3583	350
2	3584	784
2	3586	823
2	3588	121
2	3590	502
2	3590	962
2	3591	25
2	3592	641
2	3592	687
2	3593	573
2	3594	640
2	3594	741
2	3596	238
2	3596	322
2	3596	395
2	3596	701
2	3597	135
2	3597	559
2	3597	719
2	3598	458
2	3598	542
2	3599	805
2	3602	154
2	3602	732
2	3605	286
2	3606	232
2	3606	932
2	3607	457
2	3608	781
2	3609	224
2	3609	873
2	3610	194
2	3610	722
2	3611	735
2	3612	117
2	3612	555
2	3615	252
2	3616	961
2	3617	337
2	3618	78
2	3619	38
2	3620	58
2	3621	279
2	3621	438
2	3621	569
2	3622	89
2	3623	576
2	3624	551
2	3624	795
2	3626	151
2	3627	192
2	3627	772
2	3630	451
2	3630	500
2	3630	672
2	3630	728
2	3632	489
2	3633	548
2	3636	114
2	3636	782
2	3637	681
2	3638	222
2	3638	529
2	3638	707
2	3639	67
2	3639	183
2	3642	708
2	3643	226
2	3643	907
2	3644	159
2	3644	433
2	3645	91
2	3645	357
2	3645	412
2	3647	429
2	3648	381
2	3648	474
2	3651	616
2	3653	467
2	3654	583
2	3654	809
2	3655	321
2	3656	654
2	3656	757
2	3656	876
2	3658	146
2	3658	499
2	3659	215
2	3659	270
2	3660	40
2	3660	197
2	3660	477
2	3662	95
2	3664	619
2	3665	384
2	3665	927
2	3666	130
2	3667	543
2	3668	328
2	3668	601
2	3668	898
2	3672	348
2	3674	175
2	3674	834
2	3675	868
2	3676	174
2	3677	284
2	3677	683
2	3677	810
2	3679	365
2	3679	480
2	3680	293
2	3680	593
2	3680	980
2	3681	65
2	3682	839
2	3684	446
2	3685	32
2	3686	16
2	3686	904
2	3687	1
2	3687	941
2	3688	670
2	3689	419
2	3689	837
2	3690	53
2	3690	835
2	3691	44
2	3692	801
2	3693	789
2	3694	493
2	3695	711
2	3696	376
2	3696	897
2	3701	316
2	3701	484
2	3701	554
2	3704	290
2	3704	377
2	3704	403
2	3705	347
2	3705	705
2	3706	188
2	3707	714
2	3708	4
2	3708	631
2	3709	265
2	3709	472
2	3709	651
2	3709	665
2	3710	441
2	3710	758
2	3713	895
2	3716	14
2	3716	242
2	3716	581
2	3716	602
2	3717	51
2	3718	530
2	3719	395
2	3719	647
2	3720	110
2	3721	383
2	3721	586
2	3721	787
2	3723	287
2	3725	124
2	3726	513
2	3726	675
2	3726	767
2	3726	774
2	3728	690
2	3728	793
2	3729	330
2	3729	653
2	3729	986
2	3730	442
2	3730	443
2	3731	137
2	3731	587
2	3731	742
2	3732	814
2	3733	63
2	3733	233
2	3734	101
2	3734	335
2	3735	12
2	3735	223
2	3735	775
2	3738	54
2	3738	844
2	3739	50
2	3740	380
2	3741	298
2	3741	372
2	3741	636
2	3743	320
2	3743	991
2	3744	318
2	3744	913
2	3745	24
2	3745	83
2	3746	289
2	3748	133
2	3749	59
2	3749	162
2	3749	190
2	3749	491
2	3750	346
2	3751	87
2	3754	599
2	3755	280
2	3756	31
2	3756	698
2	3757	256
2	3759	819
2	3763	479
2	3764	381
2	3765	766
2	3767	245
2	3767	750
2	3768	776
2	3769	570
2	3769	829
2	3770	66
2	3770	656
2	3770	868
2	3771	415
2	3771	930
2	3774	204
2	3774	288
2	3774	582
2	3776	131
2	3776	960
2	3777	694
2	3778	724
2	3778	797
2	3779	17
2	3779	299
2	3782	79
2	3782	304
2	3782	649
2	3784	75
2	3784	266
2	3785	640
2	3786	8
2	3786	473
2	3787	42
2	3787	228
2	3788	97
2	3790	144
2	3790	452
2	3791	458
2	3791	963
2	3792	713
2	3792	889
2	3793	21
2	3793	992
2	3794	22
2	3794	614
2	3795	351
2	3795	646
2	3796	688
2	3800	777
2	3801	561
2	3801	771
2	3802	156
2	3803	58
2	3803	173
2	3804	81
2	3804	982
2	3805	594
2	3805	710
2	3805	826
2	3806	243
2	3806	268
2	3808	420
2	3808	440
2	3808	741
2	3809	136
2	3809	659
2	3811	692
2	3812	203
2	3812	979
2	3813	728
2	3814	236
2	3814	321
2	3815	910
2	3820	731
2	3822	56
2	3822	140
2	3822	607
2	3823	179
2	3823	296
2	3823	845
2	3824	935
2	3826	906
2	3827	167
2	3827	270
2	3828	501
2	3828	969
2	3829	305
2	3829	340
2	3830	759
2	3831	637
2	3831	863
2	3832	462
2	3834	143
2	3835	198
2	3835	207
2	3839	589
2	3841	139
2	3841	460
2	3841	709
2	3844	922
2	3847	261
2	3847	423
2	3849	690
2	3851	338
2	3852	904
2	3853	396
2	3854	349
2	3855	428
2	3856	849
2	3857	5
2	3857	744
2	3857	828
2	3861	623
2	3862	259
2	3864	679
2	3865	653
2	3867	274
2	3867	844
2	3868	11
2	3869	513
2	3869	959
2	3870	91
2	3871	634
2	3872	632
2	3872	664
2	3873	502
2	3875	784
2	3876	164
2	3878	13
2	3880	117
2	3880	130
2	3880	170
2	3880	358
2	3880	641
2	3880	655
2	3880	852
2	3881	262
2	3881	568
2	3883	220
2	3883	233
2	3883	517
2	3884	251
2	3885	195
2	3886	160
2	3887	998
2	3889	265
2	3889	362
2	3889	403
2	3889	499
2	3890	329
2	3890	510
2	3891	111
2	3891	293
2	3893	978
2	3894	680
2	3897	967
2	3898	370
2	3898	975
2	3900	678
2	3902	695
2	3902	738
2	3903	41
2	3904	124
2	3905	467
2	3906	155
2	3907	496
2	3908	135
2	3908	550
2	3909	245
2	3911	542
2	3912	681
2	3913	34
2	3913	149
2	3913	152
2	3913	371
2	3914	536
2	3915	415
2	3915	477
2	3916	29
2	3917	571
2	3918	313
2	3919	98
2	3919	202
2	3920	582
2	3920	779
2	3921	720
2	3921	921
2	3921	925
2	3921	998
2	3922	3
2	3922	416
2	3923	685
2	3923	704
2	3925	359
2	3926	524
2	3926	732
2	3929	290
2	3930	48
2	3930	64
2	3930	556
2	3933	71
2	3934	65
2	3934	392
2	3934	741
2	3935	240
2	3937	254
2	3938	122
2	3939	234
2	3939	253
2	3940	317
2	3941	552
2	3943	247
2	3943	746
2	3943	815
2	3943	856
2	3944	804
2	3945	604
2	3947	969
2	3948	20
2	3948	157
2	3948	442
2	3949	314
2	3949	481
2	3950	258
2	3950	895
2	3951	287
2	3951	292
2	3952	671
2	3952	712
2	3953	37
2	3953	374
2	3955	47
2	3957	993
2	3958	656
2	3958	839
2	3961	171
2	3962	402
2	3962	577
2	3963	373
2	3963	480
2	3963	742
2	3964	773
2	3965	361
2	3965	682
2	3966	50
2	3967	520
2	3967	583
2	3969	81
2	3969	423
2	3969	757
2	3970	476
2	3970	529
2	3973	717
2	3975	793
2	3976	110
2	3976	189
2	3978	691
2	3979	178
2	3979	352
2	3980	326
2	3981	203
2	3981	490
2	3981	677
2	3982	367
2	3985	109
2	3985	558
2	3985	613
2	3988	95
2	3988	397
2	3988	763
2	3990	562
2	3991	229
2	3992	419
2	3995	284
2	3995	661
2	3998	707
2	3999	279
2	3999	281
2	3999	940
2	4000	748
2	4001	112
2	4001	360
2	4004	35
2	4004	518
2	4004	596
2	4005	747
2	4007	97
2	4009	822
2	4010	105
2	4011	594
2	4012	177
2	4013	191
2	4014	401
2	4017	316
2	4018	330
2	4019	433
2	4021	780
2	4022	696
2	4022	721
2	4023	657
2	4023	683
2	4024	76
2	4024	310
2	4024	770
2	4025	212
2	4026	256
2	4026	774
2	4027	786
2	4029	903
2	4031	16
2	4031	33
2	4031	879
2	4032	147
2	4032	408
2	4032	487
2	4034	988
2	4035	744
2	4037	438
2	4037	534
2	4037	928
2	4038	517
2	4039	547
2	4041	383
2	4041	532
2	4042	29
2	4042	346
2	4043	219
2	4043	728
2	4044	572
2	4044	628
2	4045	994
2	4046	824
2	4048	343
2	4048	503
2	4048	817
2	4050	53
2	4050	689
2	4051	252
2	4052	233
2	4053	249
2	4053	660
2	4054	175
2	4054	722
2	4054	869
2	4054	889
2	4055	348
2	4055	645
2	4055	785
2	4056	978
2	4057	12
2	4058	221
2	4059	209
2	4059	363
2	4060	86
2	4061	282
2	4061	289
2	4061	811
2	4063	672
2	4063	977
2	4064	345
2	4064	560
2	4065	153
2	4065	402
2	4065	607
2	4065	670
2	4065	796
2	4065	810
2	4066	724
2	4070	751
2	4070	760
2	4071	200
2	4071	725
2	4073	125
2	4073	539
2	4073	690
2	4073	777
2	4075	141
2	4076	522
2	4076	883
2	4077	226
2	4080	571
2	4082	296
2	4082	733
2	4083	963
2	4085	169
2	4086	371
2	4087	255
2	4087	447
2	4089	624
2	4090	417
2	4091	317
2	4092	533
2	4093	699
2	4095	184
2	4095	277
2	4096	766
2	4099	543
2	4100	542
2	4100	574
2	4100	599
2	4100	726
2	4103	171
2	4103	655
2	4104	625
2	4105	247
2	4105	457
2	4105	609
2	4106	40
2	4106	146
2	4107	686
2	4107	767
2	4109	56
2	4109	101
2	4109	108
2	4110	160
2	4110	631
2	4111	332
2	4112	788
2	4113	458
2	4114	297
2	4115	118
2	4115	362
2	4116	46
2	4117	692
2	4118	423
2	4119	422
2	4121	758
2	4121	966
2	4123	737
2	4124	268
2	4125	173
2	4125	238
2	4127	202
2	4128	551
2	4133	227
2	4133	570
2	4133	832
2	4134	521
2	4136	614
2	4136	626
2	4136	706
2	4137	523
2	4139	460
2	4140	287
2	4140	425
2	4140	795
2	4140	798
2	4141	259
2	4141	710
2	4142	26
2	4143	187
2	4143	901
2	4144	938
2	4145	456
2	4146	891
2	4147	671
2	4148	196
2	4148	333
2	4149	797
2	4150	368
2	4150	466
2	4150	590
2	4153	350
2	4154	127
2	4155	206
2	4157	411
2	4157	685
2	4158	888
2	4159	50
2	4161	204
2	4163	431
2	4163	762
2	4164	386
2	4164	535
2	4165	426
2	4165	781
2	4166	787
2	4166	900
2	4168	491
2	4170	330
2	4170	502
2	4171	294
2	4171	833
2	4171	876
2	4171	913
2	4172	587
2	4173	519
2	4178	132
2	4178	391
2	4179	191
2	4181	151
2	4181	291
2	4182	111
2	4183	189
2	4183	583
2	4184	385
2	4185	442
2	4185	611
2	4186	865
2	4187	246
2	4187	644
2	4188	658
2	4189	925
2	4192	283
2	4192	478
2	4192	488
2	4193	98
2	4193	578
2	4194	30
2	4195	244
2	4197	549
2	4198	733
2	4202	588
2	4202	750
2	4203	262
2	4203	525
2	4203	669
2	4204	351
2	4204	681
2	4210	126
2	4211	193
2	4213	113
2	4213	231
2	4214	134
2	4215	255
2	4215	528
2	4215	736
2	4216	216
2	4217	197
2	4217	234
2	4217	394
2	4217	534
2	4218	164
2	4219	782
2	4220	569
2	4222	678
2	4223	209
2	4223	480
2	4223	664
2	4224	277
2	4224	993
2	4225	82
2	4225	810
2	4226	421
2	4228	205
2	4228	666
2	4228	752
2	4229	654
2	4230	148
2	4230	424
2	4230	438
2	4230	554
2	4230	602
2	4230	916
2	4231	701
2	4231	716
2	4232	76
2	4232	267
2	4232	446
2	4233	13
2	4233	47
2	4233	100
2	4233	355
2	4233	537
2	4233	581
2	4233	977
2	4234	546
2	4234	560
2	4234	720
2	4235	85
2	4235	544
2	4237	558
2	4238	388
2	4238	413
2	4242	171
2	4242	520
2	4242	755
2	4243	688
2	4249	60
2	4249	339
2	4249	402
2	4251	260
2	4251	512
2	4252	941
2	4254	895
2	4255	266
2	4256	172
2	4258	719
2	4258	742
2	4259	328
2	4259	436
2	4260	357
2	4260	573
2	4262	384
2	4265	714
2	4266	273
2	4267	741
2	4269	153
2	4270	557
2	4270	847
2	4271	826
2	4273	613
2	4274	459
2	4275	138
2	4275	674
2	4275	706
2	4276	293
2	4276	823
2	4279	643
2	4279	738
2	4283	548
2	4283	676
2	4284	779
2	4285	323
2	4285	387
2	4285	655
2	4285	908
2	4287	516
2	4287	708
2	4288	117
2	4288	902
2	4290	93
2	4290	510
2	4291	360
2	4292	584
2	4292	926
2	4295	276
2	4295	835
2	4297	278
2	4298	97
2	4299	183
2	4299	346
2	4299	629
2	4301	756
2	4302	793
2	4303	11
2	4303	772
2	4304	96
2	4304	112
2	4304	763
2	4307	983
2	4309	128
2	4310	254
2	4310	493
2	4311	670
2	4311	987
2	4312	950
2	4313	895
2	4314	545
2	4314	769
2	4316	226
2	4316	988
2	4317	341
2	4321	598
2	4324	5
2	4326	214
2	4326	461
2	4327	217
2	4328	102
2	4329	657
2	4330	503
2	4331	617
2	4332	28
2	4332	224
2	4332	506
2	4333	31
2	4333	90
2	4333	725
2	4334	301
2	4335	610
2	4336	638
2	4337	142
2	4337	269
2	4337	353
2	4337	550
2	4337	562
2	4338	281
2	4340	227
2	4340	812
2	4341	151
2	4342	18
2	4342	187
2	4342	615
2	4343	27
2	4343	482
2	4344	180
2	4344	747
2	4344	761
2	4344	895
2	4345	228
2	4345	524
2	4346	195
2	4346	302
2	4346	470
2	4346	530
2	4347	306
2	4348	133
2	4348	274
2	4348	804
2	4349	84
2	4349	713
2	4350	426
2	4352	327
2	4353	105
2	4353	408
2	4353	517
2	4354	329
2	4356	38
2	4358	856
2	4360	275
2	4360	427
2	4360	660
2	4361	627
2	4362	401
2	4363	1
2	4364	646
2	4365	417
2	4365	649
2	4365	848
2	4366	961
2	4367	998
2	4368	832
2	4369	148
2	4369	542
2	4369	907
2	4370	231
2	4371	596
2	4372	81
2	4372	913
2	4373	181
2	4373	684
2	4374	377
2	4374	941
2	4375	256
2	4375	728
2	4377	52
2	4378	709
2	4381	139
2	4381	286
2	4381	830
2	4385	590
2	4385	661
2	4386	365
2	4386	532
2	4387	143
2	4389	505
2	4391	131
2	4391	639
2	4392	282
2	4393	330
2	4393	368
2	4393	485
2	4394	42
2	4396	175
2	4396	457
2	4397	693
2	4398	170
2	4400	593
2	4401	949
2	4402	257
2	4402	475
2	4404	825
2	4406	296
2	4407	73
2	4407	211
2	4407	315
2	4407	477
2	4408	223
2	4408	624
2	4408	837
2	4408	991
2	4410	246
2	4410	751
2	4411	755
2	4411	905
2	4412	388
2	4413	407
2	4413	656
2	4414	153
2	4414	630
2	4415	305
2	4415	491
2	4416	83
2	4416	188
2	4417	201
2	4417	789
2	4418	150
2	4424	543
2	4424	691
2	4426	57
2	4427	817
2	4429	343
2	4429	488
2	4431	599
2	4432	174
2	4432	778
2	4433	4
2	4433	248
2	4433	501
2	4433	682
2	4437	68
2	4439	487
2	4441	811
2	4443	567
2	4444	183
2	4445	802
2	4446	259
2	4448	145
2	4449	12
2	4450	272
2	4451	552
2	4454	238
2	4454	268
2	4456	65
2	4457	397
2	4457	526
2	4457	717
2	4459	198
2	4459	451
2	4460	337
2	4460	746
2	4462	474
2	4462	497
2	4462	836
2	4463	49
2	4463	745
2	4464	266
2	4464	535
2	4464	648
2	4465	285
2	4466	96
2	4466	230
2	4467	34
2	4467	340
2	4467	432
2	4468	133
2	4468	917
2	4469	686
2	4470	428
2	4472	381
2	4472	641
2	4473	577
2	4475	702
2	4476	424
2	4478	260
2	4479	53
2	4480	350
2	4482	245
2	4482	450
2	4483	215
2	4483	394
2	4484	572
2	4485	320
2	4486	283
2	4486	703
2	4487	94
2	4488	404
2	4493	136
2	4493	250
2	4495	570
2	4496	667
2	4496	826
2	4497	618
2	4499	185
2	4503	240
2	4504	304
2	4504	514
2	4505	213
2	4505	362
2	4505	679
2	4506	45
2	4506	190
2	4507	905
2	4507	932
2	4510	177
2	4510	688
2	4511	653
2	4511	859
2	4512	678
2	4512	734
2	4514	373
2	4517	490
2	4517	726
2	4517	760
2	4518	88
2	4520	735
2	4521	77
2	4522	156
2	4522	426
2	4522	756
2	4522	853
2	4524	8
2	4525	113
2	4525	419
2	4527	822
2	4527	881
2	4528	747
2	4528	936
2	4529	158
2	4530	480
2	4530	768
2	4530	895
2	4531	633
2	4533	416
2	4535	182
2	4536	11
2	4537	478
2	4538	37
2	4539	777
2	4540	93
2	4542	483
2	4542	622
2	4543	205
2	4545	292
2	4545	327
2	4545	716
2	4547	144
2	4550	477
2	4550	563
2	4550	676
2	4552	457
2	4552	929
2	4553	143
2	4553	420
2	4553	525
2	4554	280
2	4554	564
2	4555	3
2	4555	13
2	4555	824
2	4556	187
2	4556	587
2	4558	212
2	4559	48
2	4559	848
2	4560	264
2	4560	495
2	4560	520
2	4560	556
2	4561	550
2	4562	482
2	4562	940
2	4563	644
2	4564	110
2	4566	741
2	4566	766
2	4567	191
2	4567	642
2	4568	243
2	4568	496
2	4570	71
2	4570	298
2	4572	232
2	4572	683
2	4573	228
2	4573	993
2	4574	852
2	4574	908
2	4575	242
2	4576	38
2	4576	147
2	4577	725
2	4579	722
2	4580	685
2	4581	6
2	4583	157
2	4583	689
2	4584	103
2	4584	422
2	4586	34
2	4586	519
2	4588	558
2	4589	359
2	4589	524
2	4590	719
2	4591	384
2	4591	427
2	4592	810
2	4593	139
2	4595	853
2	4598	806
2	4600	47
2	4600	421
2	4600	815
2	4603	616
2	4605	827
2	4606	342
2	4606	461
2	4607	122
2	4607	669
2	4608	859
2	4609	186
2	4609	220
2	4609	794
2	4609	981
2	4610	518
2	4610	739
2	4611	92
2	4611	171
2	4614	179
2	4615	876
2	4616	635
2	4617	924
2	4619	799
2	4620	755
2	4621	167
2	4622	307
2	4624	662
2	4625	173
2	4627	657
2	4628	639
2	4628	919
2	4630	763
2	4630	825
2	4631	388
2	4633	62
2	4633	309
2	4633	403
2	4633	720
2	4634	339
2	4637	401
2	4638	433
2	4639	174
2	4639	880
2	4640	202
2	4642	410
2	4643	679
2	4644	126
2	4644	140
2	4646	785
2	4648	218
2	4649	762
2	4651	681
2	4652	706
2	4653	82
2	4655	876
2	4656	406
2	4657	367
2	4657	566
2	4658	776
2	4662	201
2	4663	290
2	4664	409
2	4665	945
2	4666	961
2	4670	345
2	4670	392
2	4670	412
2	4670	675
2	4672	445
2	4675	200
2	4676	175
2	4676	913
2	4677	901
2	4678	81
2	4678	239
2	4678	795
2	4682	618
2	4684	870
2	4687	118
2	4687	586
2	4688	574
2	4690	441
2	4692	80
2	4692	152
2	4692	442
2	4693	715
2	4693	793
2	4694	51
2	4694	453
2	4694	864
2	4695	234
2	4695	517
2	4697	300
2	4698	934
2	4699	630
2	4701	109
2	4701	390
2	4703	700
2	4704	72
2	4705	49
2	4706	142
2	4707	620
2	4708	346
2	4708	498
2	4708	746
2	4710	56
2	4711	788
2	4713	54
2	4713	133
2	4714	696
2	4715	160
2	4715	194
2	4715	362
2	4716	168
2	4717	668
2	4718	162
2	4718	373
2	4719	170
2	4720	285
2	4720	415
2	4720	919
2	4722	23
2	4724	21
2	4726	31
2	4726	52
2	4726	375
2	4726	455
2	4728	532
2	4728	608
2	4728	626
2	4729	603
2	4729	641
2	4732	366
2	4733	214
2	4734	26
2	4734	629
2	4736	446
2	4736	741
2	4736	806
2	4736	850
2	4737	397
2	4737	510
2	4738	792
2	4739	86
2	4739	523
2	4739	664
2	4741	177
2	4741	272
2	4742	130
2	4744	209
2	4744	337
2	4744	559
2	4744	787
2	4746	284
2	4746	842
2	4747	204
2	4748	19
2	4750	256
2	4752	315
2	4752	342
2	4752	385
2	4753	545
2	4754	592
2	4754	815
2	4755	693
2	4756	361
2	4756	558
2	4758	240
2	4758	536
2	4758	638
2	4758	967
2	4760	809
2	4761	166
2	4761	538
2	4761	952
2	4762	319
2	4762	601
2	4762	965
2	4763	275
2	4763	539
2	4763	557
2	4764	44
2	4764	143
2	4764	225
2	4765	35
2	4766	97
2	4767	208
2	4768	821
2	4769	672
2	4771	40
2	4772	223
2	4772	320
2	4772	631
2	4773	464
2	4773	707
2	4773	711
2	4774	650
2	4774	799
2	4777	134
2	4777	677
2	4777	999
2	4778	613
2	4779	425
2	4779	577
2	4780	591
2	4780	780
2	4781	784
2	4782	832
2	4782	942
2	4784	220
2	4784	457
2	4784	929
2	4785	572
2	4786	185
2	4787	400
2	4787	418
2	4787	917
2	4788	726
2	4788	926
2	4791	48
2	4791	156
2	4793	689
2	4793	712
2	4793	770
2	4794	823
2	4795	429
2	4796	61
2	4796	632
2	4797	625
2	4798	546
2	4798	753
2	4799	605
2	4800	526
2	4800	809
2	4800	848
2	4801	584
2	4801	648
2	4803	46
2	4803	876
2	4805	321
2	4805	354
2	4808	308
2	4809	412
2	4812	65
2	4813	496
2	4814	216
2	4814	286
2	4814	817
2	4814	835
2	4815	2
2	4815	188
2	4815	325
2	4816	473
2	4816	757
2	4817	76
2	4818	671
2	4819	249
2	4819	714
2	4820	411
2	4821	767
2	4824	356
2	4825	857
2	4826	87
2	4827	761
2	4828	141
2	4828	329
2	4829	265
2	4830	609
2	4830	652
2	4831	289
2	4831	338
2	4831	568
2	4832	528
2	4832	575
2	4835	547
2	4837	258
2	4838	201
2	4838	674
2	4839	85
2	4839	585
2	4839	738
2	4839	764
2	4840	899
2	4842	311
2	4842	777
2	4843	293
2	4843	388
2	4843	624
2	4844	324
2	4844	458
2	4844	637
2	4845	607
2	4846	29
2	4848	460
2	4850	147
2	4852	556
2	4853	422
2	4854	660
2	4854	794
2	4855	431
2	4855	486
2	4856	396
2	4856	746
2	4857	708
2	4858	25
2	4858	78
2	4859	276
2	4859	315
2	4859	889
2	4860	535
2	4861	359
2	4861	908
2	4862	266
2	4862	405
2	4864	227
2	4865	178
2	4865	189
2	4865	252
2	4865	288
2	4867	99
2	4867	260
2	4867	303
2	4867	759
2	4869	583
2	4870	11
2	4870	238
2	4871	165
2	4874	663
2	4875	297
2	4875	550
2	4876	267
2	4877	925
2	4877	933
2	4878	791
2	4881	352
2	4882	335
2	4882	885
2	4884	270
2	4887	279
2	4890	841
2	4894	182
2	4895	700
2	4895	815
2	4896	13
2	4896	393
2	4898	109
2	4898	659
2	4900	588
2	4902	466
2	4902	525
2	4904	680
2	4904	891
2	4906	693
2	4908	915
2	4909	649
2	4911	360
2	4911	544
2	4912	251
2	4912	858
2	4913	68
2	4913	123
2	4914	3
2	4914	658
2	4915	630
2	4915	713
2	4918	362
2	4919	685
2	4920	522
2	4921	91
2	4922	316
2	4922	369
2	4923	151
2	4923	721
2	4923	768
2	4926	139
2	4926	771
2	4928	899
2	4929	461
2	4930	45
2	4932	382
2	4932	471
2	4933	17
2	4933	36
2	4935	548
2	4935	711
2	4936	187
2	4937	484
2	4938	283
2	4942	73
2	4942	744
2	4943	454
2	4944	282
2	4944	501
2	4945	16
2	4946	175
2	4951	330
2	4951	395
2	4951	921
2	4953	498
2	4954	190
2	4955	553
2	4955	998
2	4956	642
2	4957	380
2	4957	409
2	4961	339
2	4961	448
2	4962	202
2	4962	594
2	4964	39
2	4964	493
2	4964	752
2	4964	808
2	4965	595
2	4966	166
2	4966	432
2	4967	368
2	4967	810
2	4969	679
2	4970	462
2	4970	896
2	4970	941
2	4971	619
2	4972	66
2	4972	579
2	4972	932
2	4974	281
2	4974	703
2	4976	90
2	4976	157
2	4977	15
2	4979	379
2	4980	534
2	4980	577
2	4980	906
2	4982	307
2	4982	516
2	4983	502
2	4983	958
2	4984	372
2	4984	725
2	4985	563
2	4986	115
2	4986	641
2	4986	741
2	4987	540
2	4987	834
2	4988	97
2	4988	576
2	4988	712
2	4989	205
2	4991	30
2	4991	226
2	4992	354
2	4993	88
2	4993	276
2	4994	133
2	4994	273
2	4994	543
2	4995	280
2	4996	918
2	4997	33
2	4997	357
2	4998	128
2	4998	381
2	4999	644
2	5000	441
