2	-1	0
2	1	687
2	1	800
2	2	20
2	2	446
2	4	153
2	4	478
2	4	770
2	5	665
2	5	730
2	6	712
2	8	50
2	8	924
2	10	772
2	11	72
2	11	326
2	14	715
2	16	159
2	18	99
2	19	787
2	19	796
2	20	397
2	20	764
2	21	533
2	21	681
2	22	843
2	23	521
2	24	250
2	25	592
2	26	466
2	26	989
2	27	136
2	27	263
2	27	718
2	28	77
2	28	489
2	30	368
2	30	570
2	32	329
2	32	507
2	34	70
2	34	422
2	34	438
2	34	964
2	35	168
2	35	360
2	35	480
2	35	996
2	36	951
2	37	182
2	38	485
2	39	684
2	39	780
2	40	366
2	40	751
2	41	116
2	41	200
2	41	333
2	42	143
2	42	504
2	42	885
2	42	929
2	43	785
2	43	789
2	47	145
2	49	941
2	50	1
2	51	245
2	52	30
2	52	195
2	52	251
2	52	316
2	52	742
2	53	820
2	56	88
2	59	238
2	59	911
2	60	241
2	61	120
2	61	361
2	62	414
2	65	132
2	67	40
2	71	206
2	72	275
2	72	573
2	72	999
2	74	430
2	75	450
2	76	456
2	76	739
2	78	117
2	79	23
2	79	216
2	81	542
2	81	983
2	82	608
2	83	370
2	84	615
2	85	223
2	85	389
2	85	605
2	88	164
2	89	415
2	89	472
2	89	568
2	91	699
2	92	44
2	92	724
2	92	906
2	95	271
2	95	431
2	97	162
2	98	157
2	100	130
2	100	630
2	102	18
2	103	587
2	106	473
2	106	635
2	107	110
2	107	140
2	109	428
2	110	351
2	111	128
2	111	322
2	112	491
2	112	578
2	113	404
2	114	292
2	116	386
2	116	566
2	118	664
2	119	599
2	120	188
2	120	314
2	121	995
2	122	474
2	122	688
2	123	90
2	123	158
2	124	279
2	124	307
2	125	303
2	127	318
2	127	844
2	128	81
2	128	955
2	129	191
2	130	530
2	131	53
2	132	109
2	132	486
2	133	640
2	133	986
2	136	656
2	139	449
2	140	52
2	140	411
2	140	419
2	140	524
2	141	27
2	142	497
2	143	546
2	143	901
2	143	983
2	144	296
2	145	187
2	145	603
2	146	172
2	146	363
2	148	268
2	148	285
2	148	968
2	149	137
2	149	857
2	150	284
2	150	783
2	152	444
2	152	710
2	154	676
2	155	799
2	156	356
2	156	584
2	158	468
2	159	755
2	160	155
2	162	944
2	163	400
2	164	179
2	167	802
2	168	274
2	168	515
2	170	620
2	170	896
2	170	967
2	173	494
2	176	476
2	178	677
2	179	325
2	179	460
2	181	65
2	181	408
2	181	696
2	182	371
2	182	447
2	182	614
2	182	916
2	183	63
2	183	142
2	185	548
2	187	736
2	188	306
2	188	754
2	188	950
2	190	563
2	192	639
2	193	612
2	193	622
2	194	500
2	194	544
2	194	796
2	196	294
2	197	174
2	197	463
2	197	557
2	197	600
2	198	287
2	199	17
2	199	147
2	199	520
2	200	80
2	200	733
2	202	990
2	203	580
2	204	107
2	204	484
2	205	856
2	206	380
2	206	749
2	207	29
2	207	911
2	207	929
2	208	661
2	209	565
2	212	23
2	212	39
2	213	595
2	214	9
2	214	731
2	215	98
2	215	725
2	216	793
2	217	623
2	218	95
2	219	68
2	219	83
2	220	923
2	221	726
2	222	941
2	223	637
2	225	510
2	226	425
2	227	571
2	227	757
2	228	937
2	230	320
2	232	375
2	232	553
2	233	8
2	233	446
2	233	659
2	236	293
2	236	947
2	237	437
2	238	945
2	239	336
2	241	436
2	243	55
2	243	708
2	244	684
2	245	85
2	245	505
2	245	806
2	247	3
2	247	350
2	247	394
2	248	389
2	248	693
2	251	401
2	253	153
2	253	210
2	253	669
2	254	377
2	254	378
2	254	732
2	255	201
2	256	504
2	257	1
2	258	434
2	261	762
2	262	78
2	263	93
2	263	260
2	265	837
2	266	125
2	266	587
2	267	120
2	268	339
2	268	748
2	270	397
2	270	441
2	271	604
2	274	589
2	276	6
2	276	184
2	276	337
2	276	642
2	276	720
2	277	957
2	278	75
2	278	413
2	278	564
2	278	851
2	279	197
2	279	288
2	280	469
2	281	605
2	281	672
2	282	524
2	283	266
2	283	386
2	284	692
2	284	948
2	287	126
2	287	566
2	287	738
2	288	283
2	288	745
2	290	498
2	291	64
2	292	314
2	292	560
2	292	629
2	294	148
2	294	194
2	294	361
2	294	473
2	294	765
2	296	764
2	297	541
2	297	833
2	298	967
2	299	353
2	299	606
2	299	626
2	299	776
2	300	808
2	302	769
2	304	49
2	305	549
2	308	208
2	308	232
2	309	181
2	312	399
2	313	255
2	313	559
2	314	827
2	316	593
2	316	729
2	318	772
2	318	900
2	319	143
2	322	766
2	323	601
2	326	635
2	328	709
2	330	2
2	331	262
2	331	534
2	334	963
2	335	506
2	335	751
2	336	108
2	338	942
2	339	291
2	339	568
2	340	287
2	342	346
2	348	318
2	348	968
2	349	302
2	349	651
2	349	866
2	351	599
2	351	923
2	351	926
2	352	400
2	352	516
2	354	791
2	355	464
2	355	596
2	357	940
2	358	168
2	360	133
2	362	341
2	362	658
2	362	790
2	364	406
2	365	540
2	366	363
2	368	457
2	368	823
2	369	832
2	371	638
2	371	809
2	372	149
2	372	258
2	374	521
2	374	588
2	374	771
2	375	675
2	376	50
2	376	290
2	376	488
2	377	35
2	377	130
2	380	257
2	380	378
2	380	853
2	382	774
2	383	16
2	384	183
2	384	354
2	384	622
2	385	459
2	387	115
2	387	303
2	388	752
2	388	921
2	389	396
2	389	483
2	390	394
2	391	334
2	392	23
2	393	70
2	394	929
2	396	159
2	397	102
2	397	552
2	398	373
2	398	796
2	399	110
2	401	94
2	401	352
2	401	388
2	401	572
2	402	608
2	403	683
2	403	715
2	404	471
2	404	687
2	405	444
2	406	182
2	408	225
2	409	37
2	409	417
2	409	507
2	410	479
2	411	76
2	411	281
2	411	556
2	412	458
2	412	475
2	413	13
2	413	14
2	413	256
2	413	331
2	413	740
2	414	543
2	415	64
2	415	662
2	416	425
2	417	349
2	419	947
2	420	282
2	420	714
2	422	217
2	422	913
2	423	267
2	423	817
2	424	383
2	427	940
2	429	243
2	429	759
2	429	879
2	430	981
2	433	492
2	433	760
2	435	88
2	435	617
2	435	938
2	436	548
2	437	422
2	439	29
2	439	161
2	439	247
2	439	584
2	440	105
2	440	733
2	441	208
2	442	284
2	442	390
2	443	432
2	444	116
2	444	309
2	444	514
2	445	296
2	446	495
2	446	587
2	446	704
2	446	896
2	447	123
2	447	705
2	447	824
2	448	970
2	450	350
2	451	645
2	451	708
2	452	526
2	453	17
2	453	277
2	454	59
2	454	718
2	454	820
2	454	831
2	455	601
2	456	863
2	457	250
2	457	652
2	459	274
2	459	794
2	460	31
2	460	320
2	460	953
2	462	637
2	463	450
2	463	598
2	463	685
2	464	8
2	464	213
2	466	582
2	467	991
2	468	360
2	468	408
2	469	239
2	469	899
2	470	974
2	471	235
2	471	677
2	477	934
2	478	90
2	479	129
2	479	237
2	479	822
2	480	531
2	480	663
2	481	73
2	482	77
2	482	669
2	483	330
2	483	498
2	483	566
2	484	201
2	485	445
2	486	119
2	486	448
2	486	554
2	487	494
2	487	609
2	487	893
2	488	456
2	489	553
2	489	695
2	490	505
2	491	21
2	493	253
2	493	841
2	494	636
2	495	209
2	495	593
2	496	954
2	497	802
2	497	944
2	498	36
2	498	368
2	498	433
2	498	689
2	498	900
2	499	299
2	499	481
2	501	860
2	502	536
2	502	699
2	503	125
2	503	420
2	506	880
2	508	624
2	509	595
2	510	292
2	511	315
2	512	418
2	513	564
2	514	348
2	514	440
2	514	569
2	514	686
2	515	328
2	515	724
2	516	480
2	517	304
2	519	570
2	519	700
2	520	962
2	523	486
2	524	991
2	526	916
2	527	750
2	528	679
2	530	49
2	530	780
2	532	746
2	533	694
2	533	701
2	535	437
2	535	518
2	536	516
2	537	109
2	540	283
2	540	583
2	542	546
2	542	740
2	542	837
2	543	199
2	543	625
2	544	234
2	544	783
2	545	424
2	545	538
2	545	994
2	548	400
2	549	658
2	549	870
2	550	81
2	551	45
2	553	275
2	555	726
2	557	351
2	560	136
2	561	162
2	561	436
2	561	924
2	563	56
2	565	297
2	565	411
2	567	896
2	568	778
2	571	220
2	572	519
2	573	60
2	573	398
2	573	628
2	575	671
2	577	215
2	578	230
2	579	6
2	580	723
2	581	474
2	584	666
2	585	285
2	586	355
2	587	334
2	588	501
2	588	523
2	588	535
2	590	670
2	591	353
2	591	373
2	592	74
2	593	942
2	596	170
2	596	684
2	597	728
2	597	753
2	601	108
2	603	122
2	603	508
2	603	547
2	604	1
2	605	552
2	606	354
2	607	12
2	607	703
2	608	156
2	608	767
2	609	313
2	611	380
2	611	387
2	612	260
2	612	532
2	613	539
2	615	481
2	617	166
2	617	596
2	618	712
2	621	89
2	622	75
2	622	736
2	623	525
2	624	611
2	624	836
2	625	37
2	625	412
2	626	682
2	626	913
2	627	385
2	627	716
2	628	476
2	628	756
2	631	395
2	633	43
2	633	438
2	634	144
2	636	451
2	637	393
2	637	504
2	638	41
2	638	247
2	638	392
2	639	148
2	640	101
2	640	751
2	641	606
2	643	225
2	643	496
2	645	79
2	645	653
2	647	295
2	647	512
2	648	771
2	648	946
2	649	548
2	649	996
2	650	760
2	652	257
2	652	397
2	652	456
2	652	713
2	655	410
2	656	198
2	656	467
2	656	482
2	657	83
2	658	347
2	658	862
2	659	659
2	660	255
2	662	417
2	662	486
2	662	561
2	662	636
2	662	968
2	663	727
2	664	286
2	666	339
2	666	382
2	667	176
2	667	972
2	668	381
2	669	227
2	670	124
2	672	245
2	672	702
2	672	738
2	673	102
2	673	899
2	674	763
2	675	330
2	676	646
2	677	117
2	677	665
2	677	811
2	678	748
2	679	371
2	679	761
2	681	487
2	682	833
2	683	757
2	683	796
2	685	717
2	691	801
2	692	500
2	693	46
2	694	273
2	694	429
2	694	503
2	694	692
2	695	50
2	697	488
2	701	147
2	701	251
2	701	520
2	703	132
2	703	859
2	705	981
2	706	261
2	707	169
2	708	129
2	708	370
2	709	228
2	710	311
2	712	123
2	712	219
2	714	8
2	714	658
2	715	428
2	716	127
2	718	76
2	718	540
2	720	193
2	720	342
2	720	663
2	723	483
2	723	582
2	725	211
2	726	678
2	726	724
2	728	968
2	733	458
2	733	470
2	733	783
2	733	930
2	735	74
2	735	737
2	738	894
2	740	821
2	741	252
2	741	745
2	741	913
2	742	179
2	742	907
2	743	419
2	743	790
2	744	804
2	745	411
2	746	945
2	747	521
2	747	645
2	749	610
2	749	799
2	749	951
2	751	560
2	752	221
2	752	855
2	752	941
2	753	197
2	753	336
2	754	509
2	754	644
2	757	510
2	758	642
2	759	302
2	759	733
2	760	30
2	762	84
2	762	188
2	762	270
2	762	299
2	762	529
2	763	55
2	763	293
2	763	312
2	764	185
2	764	220
2	766	865
2	767	402
2	768	459
2	769	306
2	769	445
2	769	853
2	770	776
2	771	446
2	771	721
2	773	31
2	773	33
2	773	369
2	773	386
2	773	474
2	773	615
2	774	139
2	775	201
2	775	292
2	775	627
2	777	734
2	779	454
2	779	532
2	779	650
2	781	891
2	782	92
2	782	691
2	784	69
2	785	198
2	786	327
2	786	872
2	788	332
2	790	331
2	791	304
2	791	523
2	792	272
2	792	998
2	793	938
2	795	119
2	796	72
2	796	439
2	796	711
2	797	489
2	798	243
2	798	307
2	799	722
2	803	849
2	805	120
2	805	507
2	806	635
2	807	59
2	807	236
2	809	152
2	809	314
2	809	326
2	810	277
2	810	577
2	811	13
2	811	383
2	812	66
2	812	151
2	812	461
2	812	544
2	812	730
2	813	275
2	813	572
2	815	285
2	815	555
2	816	177
2	816	378
2	817	408
2	817	518
2	817	782
2	818	612
2	820	196
2	820	536
2	821	85
2	821	374
2	821	542
2	822	276
2	822	854
2	823	82
2	824	368
2	826	403
2	826	835
2	826	842
2	828	200
2	828	300
2	830	652
2	831	599
2	833	904
2	835	297
2	836	250
2	836	720
2	837	168
2	839	756
2	841	303
2	843	133
2	843	282
2	844	48
2	844	533
2	847	581
2	848	257
2	850	79
2	850	362
2	850	783
2	852	192
2	852	412
2	852	589
2	853	621
2	854	890
2	854	921
2	855	718
2	857	205
2	857	639
2	857	694
2	858	256
2	858	269
2	858	550
2	858	794
2	859	186
2	859	488
2	860	476
2	861	295
2	862	334
2	863	11
2	863	264
2	864	760
2	868	424
2	868	667
2	869	340
2	870	475
2	872	809
2	873	68
2	873	607
2	873	628
2	874	417
2	879	873
2	880	96
2	880	481
2	881	668
2	882	441
2	884	524
2	884	816
2	885	313
2	885	985
2	886	451
2	887	167
2	887	691
2	890	324
2	891	376
2	892	14
2	892	191
2	893	610
2	894	648
2	895	415
2	896	508
2	898	137
2	900	140
2	900	213
2	901	64
2	901	579
2	901	912
2	902	162
2	902	495
2	903	288
2	904	420
2	904	677
2	904	786
2	905	697
2	907	471
2	908	311
2	910	279
2	912	803
2	913	78
2	915	877
2	916	359
2	917	449
2	917	600
2	920	618
2	921	328
2	921	432
2	923	8
2	923	184
2	924	390
2	925	939
2	927	998
2	929	375
2	930	81
2	930	343
2	931	169
2	932	335
2	933	663
2	934	109
2	935	702
2	936	457
2	936	477
2	937	979
2	938	406
2	939	155
2	940	657
2	940	958
2	941	87
2	941	281
2	943	978
2	944	464
2	945	365
2	948	252
2	949	278
2	949	591
2	952	318
2	955	578
2	958	358
2	960	211
2	961	798
2	966	88
2	966	799
2	968	216
2	968	364
2	969	556
2	971	322
2	971	443
2	972	401
2	972	466
2	975	898
2	977	267
2	978	854
2	978	947
2	979	442
2	980	636
2	984	144
2	984	431
2	987	292
2	990	27
2	990	515
2	993	21
2	994	90
2	996	408
2	998	693
2	999	548
2	1000	354
2	1001	577
2	1002	348
2	1003	268
2	1003	797
2	1004	336
2	1009	284
2	1010	741
2	1012	945
2	1013	765
2	1014	625
2	1015	316
2	1015	391
2	1016	824
2	1017	1
2	1017	187
2	1019	707
2	1020	612
2	1020	730
2	1021	790
2	1022	135
2	1022	190
2	1025	296
2	1027	204
2	1028	728
2	1029	117
2	1030	40
2	1030	86
2	1030	370
2	1032	209
2	1032	589
2	1033	97
2	1033	876
2	1034	185
2	1034	489
2	1035	45
2	1036	71
2	1036	523
2	1037	24
2	1037	604
2	1037	619
2	1038	280
2	1038	366
2	1038	512
2	1038	822
2	1039	372
2	1039	522
2	1041	605
2	1041	774
2	1042	920
2	1044	535
2	1044	664
2	1046	42
2	1046	180
2	1046	283
2	1048	137
2	1048	575
2	1050	212
2	1050	722
2	1052	303
2	1052	527
2	1053	474
2	1053	825
2	1054	13
2	1054	75
2	1055	641
2	1056	435
2	1057	44
2	1057	392
2	1057	724
2	1058	685
2	1061	94
2	1061	646
2	1062	206
2	1063	794
2	1067	286
2	1070	63
2	1070	150
2	1070	603
2	1070	914
2	1070	961
2	1072	529
2	1073	513
2	1073	599
2	1073	837
2	1073	933
2	1074	114
2	1074	179
2	1075	74
2	1075	631
2	1080	198
2	1080	974
2	1083	697
2	1084	79
2	1084	355
2	1084	528
2	1086	300
2	1087	256
2	1088	175
2	1088	194
2	1089	309
2	1090	96
2	1091	84
2	1091	208
2	1091	576
2	1092	264
2	1092	288
2	1093	277
2	1093	624
2	1093	675
2	1095	152
2	1096	364
2	1096	633
2	1096	649
2	1096	771
2	1096	855
2	1097	232
2	1097	813
2	1098	159
2	1098	240
2	1099	250
2	1101	153
2	1102	111
2	1103	492
2	1103	874
2	1103	875
2	1104	679
2	1106	295
2	1108	47
2	1108	91
2	1108	406
2	1109	844
2	1110	186
2	1110	756
2	1110	803
2	1110	897
2	1111	306
2	1114	660
2	1117	27
2	1117	453
2	1118	251
2	1118	460
2	1119	236
2	1119	846
2	1122	550
2	1124	701
2	1124	800
2	1126	424
2	1126	520
2	1126	682
2	1127	106
2	1127	486
2	1127	723
2	1128	83
2	1128	183
2	1128	248
2	1129	12
2	1129	410
2	1130	339
2	1130	531
2	1131	620
2	1132	769
2	1133	706
2	1134	683
2	1135	294
2	1135	350
2	1135	368
2	1136	15
2	1136	25
2	1136	241
2	1137	6
2	1137	872
2	1138	507
2	1139	266
2	1139	689
2	1139	760
2	1140	653
2	1142	182
2	1142	778
2	1142	939
2	1143	647
2	1143	745
2	1144	16
2	1145	505
2	1146	126
2	1147	678
2	1148	358
2	1149	517
2	1151	48
2	1152	231
2	1152	301
2	1153	29
2	1153	727
2	1154	168
2	1154	518
2	1154	601
2	1154	622
2	1154	696
2	1154	902
2	1155	534
2	1155	821
2	1156	18
2	1156	802
2	1157	56
2	1157	247
2	1157	499
2	1160	292
2	1160	343
2	1161	484
2	1161	894
2	1162	19
2	1162	59
2	1162	816
2	1163	170
2	1164	458
2	1164	908
2	1166	164
2	1168	815
2	1169	597
2	1171	325
2	1173	53
2	1173	512
2	1174	643
2	1174	878
2	1176	134
2	1176	395
2	1176	861
2	1177	671
2	1177	911
2	1178	964
2	1179	223
2	1179	418
2	1181	224
2	1181	436
2	1182	348
2	1183	896
2	1185	637
2	1188	743
2	1189	205
2	1191	476
2	1191	773
2	1191	947
2	1193	387
2	1194	289
2	1194	355
2	1195	9
2	1196	73
2	1197	739
2	1197	782
2	1198	131
2	1199	525
2	1200	603
2	1201	681
2	1201	841
2	1203	532
2	1204	169
2	1204	581
2	1204	755
2	1205	811
2	1208	212
2	1208	381
2	1210	785
2	1212	558
2	1215	386
2	1216	650
2	1216	757
2	1217	807
2	1219	97
2	1221	215
2	1221	218
2	1223	269
2	1224	851
2	1226	5
2	1226	43
2	1226	148
2	1226	721
2	1227	703
2	1229	304
2	1231	113
2	1232	4
2	1233	419
2	1233	585
2	1234	797
2	1235	115
2	1235	435
2	1236	944
2	1238	712
2	1239	717
2	1240	175
2	1240	935
2	1242	504
2	1243	236
2	1243	502
2	1245	672
2	1246	665
2	1247	258
2	1247	548
2	1247	590
2	1248	32
2	1248	524
2	1249	397
2	1249	544
2	1250	792
2	1251	65
2	1251	690
2	1252	522
2	1252	604
2	1254	832
2	1256	139
2	1257	687
2	1259	550
2	1260	588
2	1261	37
2	1261	314
2	1262	75
2	1266	8
2	1266	277
2	1266	853
2	1267	679
2	1267	867
2	1269	380
2	1269	420
2	1269	490
2	1271	323
2	1271	379
2	1271	714
2	1272	174
2	1273	23
2	1273	440
2	1273	740
2	1274	467
2	1275	346
2	1276	68
2	1279	235
2	1279	283
2	1279	297
2	1279	338
2	1280	469
2	1281	645
2	1282	895
2	1283	316
2	1286	459
2	1288	85
2	1288	747
2	1289	388
2	1289	520
2	1289	719
2	1289	737
2	1291	441
2	1295	783
2	1299	24
2	1299	282
2	1299	333
2	1300	761
2	1301	150
2	1301	200
2	1302	368
2	1302	549
2	1302	710
2	1303	130
2	1303	172
2	1303	582
2	1304	313
2	1304	407
2	1306	980
2	1307	120
2	1307	632
2	1308	494
2	1309	181
2	1309	985
2	1310	242
2	1310	656
2	1310	983
2	1312	466
2	1312	693
2	1313	163
2	1313	842
2	1315	195
2	1315	682
2	1315	751
2	1316	94
2	1316	391
2	1316	454
2	1316	519
2	1317	373
2	1317	715
2	1318	267
2	1318	324
2	1322	394
2	1322	477
2	1323	491
2	1324	305
2	1325	264
2	1328	915
2	1329	223
2	1329	448
2	1329	605
2	1329	954
2	1330	17
2	1332	365
2	1332	804
2	1332	844
2	1333	794
2	1335	546
2	1335	648
2	1337	666
2	1338	827
2	1338	859
2	1343	541
2	1345	415
2	1345	423
2	1345	614
2	1345	943
2	1346	736
2	1347	403
2	1347	815
2	1348	154
2	1348	446
2	1350	836
2	1351	317
2	1352	508
2	1353	389
2	1356	157
2	1356	811
2	1357	628
2	1359	694
2	1362	529
2	1363	108
2	1363	127
2	1364	561
2	1366	354
2	1366	968
2	1367	362
2	1367	369
2	1367	801
2	1368	177
2	1370	302
2	1370	328
2	1370	664
2	1371	398
2	1372	166
2	1373	465
2	1374	33
2	1374	562
2	1374	765
2	1377	152
2	1378	481
2	1378	599
2	1378	716
2	1379	335
2	1380	558
2	1380	678
2	1383	724
2	1386	559
2	1389	89
2	1391	547
2	1392	221
2	1392	385
2	1392	768
2	1394	393
2	1395	201
2	1396	131
2	1396	296
2	1396	485
2	1396	652
2	1397	229
2	1397	276
2	1398	34
2	1398	417
2	1398	455
2	1400	718
2	1401	336
2	1401	773
2	1402	564
2	1402	593
2	1402	725
2	1404	954
2	1405	161
2	1405	169
2	1405	675
2	1410	329
2	1412	658
2	1413	281
2	1413	366
2	1415	252
2	1417	134
2	1418	950
2	1419	204
2	1419	639
2	1420	312
2	1420	467
2	1421	453
2	1421	602
2	1422	499
2	1422	624
2	1424	370
2	1424	841
2	1425	245
2	1428	118
2	1428	265
2	1430	623
2	1430	700
2	1431	91
2	1431	211
2	1431	461
2	1432	472
2	1432	631
2	1433	409
2	1433	799
2	1435	583
2	1436	590
2	1438	90
2	1438	521
2	1440	707
2	1441	137
2	1442	215
2	1442	720
2	1443	319
2	1446	782
2	1446	806
2	1446	963
2	1447	212
2	1448	17
2	1449	70
2	1449	109
2	1450	985
2	1451	457
2	1453	771
2	1454	349
2	1455	43
2	1456	19
2	1457	292
2	1458	184
2	1460	82
2	1461	790
2	1462	165
2	1462	183
2	1462	567
2	1462	927
2	1463	452
2	1465	327
2	1465	1000
2	1466	846
2	1467	785
2	1468	228
2	1468	412
2	1468	996
2	1469	146
2	1470	418
2	1470	916
2	1471	488
2	1472	388
2	1473	535
2	1474	666
2	1474	942
2	1475	315
2	1476	153
2	1476	456
2	1476	767
2	1478	116
2	1479	37
2	1479	240
2	1479	714
2	1480	330
2	1480	533
2	1482	647
2	1486	44
2	1486	99
2	1487	640
2	1488	374
2	1488	379
2	1489	701
2	1490	53
2	1490	129
2	1490	422
2	1491	990
2	1492	106
2	1492	595
2	1494	630
2	1496	114
2	1496	372
2	1496	454
2	1496	698
2	1497	105
2	1497	711
2	1497	969
2	1498	560
2	1499	57
2	1499	205
2	1499	972
2	1499	995
2	1500	264
2	1502	570
2	1502	964
2	1503	50
2	1503	101
2	1504	484
2	1506	780
2	1507	629
2	1507	967
2	1508	353
2	1509	994
2	1510	110
2	1510	566
2	1512	35
2	1514	731
2	1515	58
2	1515	72
2	1515	93
2	1515	285
2	1520	271
2	1522	444
2	1522	621
2	1523	120
2	1523	207
2	1523	805
2	1525	86
2	1526	797
2	1528	347
2	1529	685
2	1531	391
2	1531	496
2	1532	876
2	1533	665
2	1533	916
2	1534	250
2	1536	178
2	1538	203
2	1538	469
2	1538	495
2	1538	596
2	1539	119
2	1539	641
2	1539	798
2	1540	487
2	1541	867
2	1543	67
2	1545	438
2	1545	742
2	1546	241
2	1546	949
2	1550	337
2	1552	143
2	1553	318
2	1553	755
2	1554	674
2	1554	757
2	1558	610
2	1559	96
2	1559	475
2	1561	555
2	1562	309
2	1562	393
2	1564	594
2	1565	73
2	1565	232
2	1566	313
2	1566	326
2	1568	65
2	1568	423
2	1569	394
2	1569	612
2	1571	190
2	1571	311
2	1573	635
2	1573	857
2	1576	575
2	1576	591
2	1577	969
2	1579	77
2	1579	425
2	1579	477
2	1579	673
2	1579	765
2	1581	159
2	1582	835
2	1583	15
2	1584	739
2	1586	563
2	1587	181
2	1588	108
2	1588	754
2	1590	38
2	1590	243
2	1591	307
2	1591	464
2	1593	345
2	1594	961
2	1595	367
2	1595	598
2	1595	605
2	1596	2
2	1597	288
2	1597	386
2	1597	485
2	1597	603
2	1598	14
2	1598	420
2	1599	558
2	1601	415
2	1601	944
2	1603	284
2	1603	453
2	1603	689
2	1603	722
2	1603	750
2	1604	46
2	1606	988
2	1607	263
2	1608	283
2	1608	645
2	1608	832
2	1611	314
2	1612	531
2	1613	134
2	1613	348
2	1613	510
2	1616	833
2	1616	884
2	1617	312
2	1617	501
2	1617	956
2	1618	233
2	1618	619
2	1618	681
2	1619	61
2	1619	256
2	1619	972
2	1620	188
2	1620	663
2	1622	416
2	1622	683
2	1623	399
2	1625	211
2	1625	235
2	1627	467
2	1628	886
2	1629	166
2	1629	513
2	1630	617
2	1631	463
2	1631	587
2	1631	975
2	1633	42
2	1633	133
2	1634	103
2	1634	396
2	1634	977
2	1636	245
2	1636	274
2	1636	522
2	1638	670
2	1639	379
2	1640	52
2	1641	296
2	1641	331
2	1643	483
2	1645	548
2	1645	664
2	1645	666
2	1645	787
2	1648	4
2	1648	132
2	1648	236
2	1649	281
2	1651	707
2	1651	708
2	1653	176
2	1653	576
2	1653	758
2	1653	897
2	1654	350
2	1654	761
2	1655	282
2	1655	647
2	1658	906
2	1661	31
2	1661	82
2	1662	231
2	1664	323
2	1664	560
2	1664	756
2	1665	366
2	1667	12
2	1667	33
2	1671	157
2	1671	363
2	1671	474
2	1671	550
2	1671	899
2	1672	85
2	1672	627
2	1673	40
2	1677	125
2	1677	200
2	1677	551
2	1678	733
2	1680	137
2	1680	295
2	1681	525
2	1682	56
2	1682	846
2	1682	952
2	1684	121
2	1684	926
2	1685	561
2	1687	289
2	1689	499
2	1691	434
2	1691	449
2	1691	601
2	1691	942
2	1693	37
2	1693	76
2	1695	204
2	1697	687
2	1698	998
2	1699	595
2	1705	726
2	1706	419
2	1706	582
2	1708	482
2	1708	712
2	1708	847
2	1709	339
2	1710	389
2	1710	490
2	1711	364
2	1711	821
2	1712	107
2	1713	882
2	1715	709
2	1717	6
2	1718	201
2	1719	398
2	1719	410
2	1720	218
2	1721	1000
2	1722	746
2	1723	372
2	1723	751
2	1724	246
2	1725	136
2	1726	219
2	1726	297
2	1727	532
2	1728	145
2	1729	329
2	1730	44
2	1730	580
2	1731	536
2	1732	11
2	1733	260
2	1734	738
2	1734	866
2	1736	269
2	1736	290
2	1740	526
2	1740	984
2	1741	48
2	1742	954
2	1743	267
2	1743	271
2	1743	353
2	1743	622
2	1744	870
2	1744	889
2	1745	638
2	1746	2
2	1746	265
2	1747	461
2	1749	949
2	1750	146
2	1750	238
2	1750	737
2	1751	704
2	1752	135
2	1752	545
2	1752	769
2	1754	104
2	1754	458
2	1755	113
2	1756	432
2	1756	771
2	1757	493
2	1757	932
2	1760	209
2	1760	425
2	1760	945
2	1761	60
2	1763	96
2	1763	213
2	1764	801
2	1766	575
2	1766	645
2	1766	765
2	1767	194
2	1770	583
2	1771	451
2	1773	45
2	1774	665
2	1776	640
2	1776	693
2	1777	795
2	1779	69
2	1779	358
2	1780	498
2	1780	511
2	1781	355
2	1784	789
2	1784	1000
2	1785	130
2	1785	341
2	1785	686
2	1786	417
2	1786	579
2	1787	221
2	1787	513
2	1788	87
2	1789	457
2	1791	228
2	1791	365
2	1791	378
2	1791	383
2	1792	914
2	1793	160
2	1794	522
2	1795	191
2	1795	480
2	1795	618
2	1796	427
2	1796	496
2	1796	767
2	1797	555
2	1798	450
2	1799	819
2	1800	307
2	1801	614
2	1802	268
2	1803	871
2	1804	927
2	1804	999
2	1805	108
2	1805	144
2	1806	677
2	1807	4
2	1807	444
2	1808	346
2	1808	592
2	1809	547
2	1810	88
2	1810	564
2	1810	662
2	1810	731
2	1812	554
2	1812	569
2	1813	658
2	1815	282
2	1816	207
2	1816	418
2	1816	527
2	1816	623
2	1818	93
2	1818	792
2	1819	881
2	1820	223
2	1820	678
2	1821	14
2	1821	540
2	1824	962
2	1825	182
2	1825	229
2	1825	803
2	1825	829
2	1826	110
2	1826	338
2	1827	586
2	1828	634
2	1829	36
2	1829	562
2	1829	572
2	1830	112
2	1831	158
2	1832	68
2	1833	557
2	1833	674
2	1833	949
2	1834	31
2	1834	312
2	1834	632
2	1835	54
2	1835	176
2	1835	276
2	1836	556
2	1837	696
2	1838	538
2	1839	840
2	1840	76
2	1847	90
2	1848	82
2	1849	961
2	1851	517
2	1852	137
2	1854	166
2	1854	698
2	1855	243
2	1856	660
2	1856	712
2	1857	375
2	1857	858
2	1858	668
2	1858	725
2	1858	873
2	1860	141
2	1860	590
2	1860	909
2	1861	325
2	1861	504
2	1862	849
2	1863	439
2	1863	913
2	1864	757
2	1865	5
2	1865	379
2	1866	100
2	1866	672
2	1866	985
2	1867	732
2	1867	760
2	1868	357
2	1868	707
2	1871	471
2	1872	55
2	1872	626
2	1872	995
2	1872	997
2	1873	249
2	1876	796
2	1877	151
2	1878	246
2	1878	274
2	1878	799
2	1880	9
2	1880	17
2	1881	447
2	1882	734
2	1884	123
2	1884	330
2	1884	914
2	1886	874
2	1886	989
2	1887	518
2	1887	558
2	1887	689
2	1890	303
2	1890	368
2	1892	107
2	1892	239
2	1893	10
2	1893	313
2	1893	759
2	1893	789
2	1894	111
2	1895	646
2	1896	272
2	1896	292
2	1897	106
2	1897	509
2	1897	594
2	1899	94
2	1899	460
2	1901	525
2	1902	85
2	1904	692
2	1909	762
2	1910	251
2	1911	126
2	1911	385
2	1912	506
2	1914	452
2	1914	992
2	1915	753
2	1916	413
2	1916	476
2	1917	30
2	1917	502
2	1918	279
2	1918	587
2	1918	786
2	1921	324
2	1921	331
2	1921	580
2	1922	224
2	1923	16
2	1923	577
2	1924	83
2	1926	99
2	1927	167
2	1927	296
2	1927	310
2	1928	591
2	1930	164
2	1930	416
2	1930	588
2	1930	868
2	1930	981
2	1931	61
2	1932	570
2	1932	773
2	1933	3
2	1933	327
2	1933	791
2	1934	783
2	1936	178
2	1936	631
2	1937	171
2	1938	477
2	1939	38
2	1939	236
2	1939	386
2	1939	431
2	1940	175
2	1940	462
2	1940	793
2	1942	516
2	1943	294
2	1943	638
2	1944	490
2	1945	582
2	1946	421
2	1946	770
2	1948	210
2	1948	250
2	1948	366
2	1948	472
2	1949	419
2	1950	548
2	1951	486
2	1952	550
2	1954	50
2	1954	430
2	1954	774
2	1955	748
2	1956	906
2	1960	241
2	1960	637
2	1961	179
2	1961	441
2	1961	958
2	1962	465
2	1963	642
2	1964	69
2	1964	613
2	1965	115
2	1966	745
2	1969	105
2	1969	597
2	1970	991
2	1971	993
2	1974	797
2	1974	806
2	1976	371
2	1976	605
2	1976	867
2	1977	860
2	1977	972
2	1980	491
2	1981	131
2	1983	914
2	1985	194
2	1989	844
2	1990	468
2	1991	139
2	1991	422
2	1993	269
2	1993	622
2	1994	135
2	1994	138
2	1995	576
2	1995	697
2	1995	974
2	1996	46
2	1998	381
2	1999	56
2	1999	91
2	1999	176
2	2000	2
2	2002	185
2	2002	396
2	2003	309
2	2004	95
2	2004	621
2	2007	129
2	2007	881
2	2008	289
2	2009	47
2	2011	639
2	2012	579
2	2012	651
2	2012	664
2	2013	608
2	2013	708
2	2014	635
2	2015	290
2	2018	260
2	2019	240
2	2020	913
2	2021	481
2	2021	819
2	2022	278
2	2023	168
2	2024	172
2	2025	794
2	2026	863
2	2027	215
2	2027	263
2	2031	531
2	2032	784
2	2033	618
2	2033	826
2	2037	695
2	2038	439
2	2038	544
2	2038	688
2	2041	199
2	2041	282
2	2041	536
2	2041	578
2	2041	681
2	2041	910
2	2043	596
2	2043	720
2	2046	443
2	2046	781
2	2047	461
2	2047	474
2	2048	51
2	2048	703
2	2051	84
2	2051	308
2	2051	420
2	2052	779
2	2055	302
2	2057	730
2	2058	372
2	2063	42
2	2064	1
2	2065	971
2	2067	559
2	2069	364
2	2074	782
2	2074	813
2	2076	226
2	2077	789
2	2078	366
2	2079	13
2	2079	200
2	2079	842
2	2081	57
2	2081	547
2	2081	903
2	2082	5
2	2082	504
2	2082	743
2	2084	306
2	2084	473
2	2084	546
2	2084	641
2	2084	660
2	2085	221
2	2085	271
2	2085	538
2	2087	75
2	2088	71
2	2088	494
2	2089	58
2	2089	63
2	2089	166
2	2090	342
2	2090	630
2	2090	874
2	2091	444
2	2092	154
2	2093	220
2	2094	163
2	2094	191
2	2096	41
2	2096	626
2	2097	633
2	2097	679
2	2097	942
2	2099	102
2	2100	107
2	2100	535
2	2100	862
2	2101	408
2	2102	93
2	2102	273
2	2103	445
2	2104	331
2	2105	338
2	2105	469
2	2106	90
2	2108	299
2	2108	329
2	2109	110
2	2109	629
2	2111	15
2	2111	312
2	2111	386
2	2113	204
2	2114	94
2	2114	307
2	2115	230
2	2115	685
2	2116	725
2	2117	448
2	2117	584
2	2119	73
2	2119	196
2	2119	785
2	2120	350
2	2121	382
2	2121	407
2	2123	157
2	2123	930
2	2124	53
2	2124	456
2	2126	434
2	2128	65
2	2128	238
2	2128	604
2	2128	636
2	2129	890
2	2130	774
2	2132	815
2	2133	28
2	2134	691
2	2135	288
2	2136	488
2	2137	66
2	2137	421
2	2141	841
2	2144	706
2	2147	129
2	2147	729
2	2148	550
2	2149	542
2	2149	722
2	2150	370
2	2150	680
2	2151	499
2	2151	526
2	2151	619
2	2151	655
2	2152	402
2	2152	950
2	2155	295
2	2155	341
2	2157	539
2	2158	861
2	2160	7
2	2160	123
2	2161	113
2	2161	936
2	2162	47
2	2162	264
2	2163	353
2	2164	790
2	2165	20
2	2166	167
2	2166	449
2	2168	989
2	2169	103
2	2169	923
2	2171	986
2	2173	252
2	2175	519
2	2176	85
2	2176	474
2	2176	907
2	2177	174
2	2178	598
2	2180	762
2	2182	663
2	2183	277
2	2183	516
2	2184	347
2	2184	705
2	2185	930
2	2186	631
2	2187	95
2	2187	545
2	2188	355
2	2189	819
2	2190	91
2	2191	316
2	2191	981
2	2193	676
2	2196	391
2	2196	945
2	2198	10
2	2198	318
2	2198	595
2	2198	902
2	2203	760
2	2204	34
2	2205	43
2	2205	460
2	2206	22
2	2206	823
2	2207	491
2	2208	903
2	2211	228
2	2211	395
2	2214	17
2	2214	19
2	2214	659
2	2215	96
2	2215	623
2	2216	497
2	2217	588
2	2218	23
2	2219	368
2	2222	122
2	2223	751
2	2224	178
2	2224	233
2	2224	435
2	2225	843
2	2226	136
2	2226	714
2	2228	145
2	2228	193
2	2230	104
2	2231	478
2	2232	92
2	2232	268
2	2232	625
2	2232	712
2	2232	715
2	2233	344
2	2234	754
2	2234	811
2	2235	248
2	2236	203
2	2236	854
2	2238	409
2	2240	504
2	2242	138
2	2242	541
2	2243	836
2	2243	869
2	2245	304
2	2245	362
2	2246	205
2	2246	580
2	2247	462
2	2247	733
2	2248	283
2	2248	720
2	2249	686
2	2249	770
2	2251	226
2	2251	427
2	2252	531
2	2252	818
2	2254	319
2	2254	571
2	2254	864
2	2256	761
2	2257	218
2	2258	668
2	2259	520
2	2259	589
2	2261	450
2	2261	815
2	2262	320
2	2263	855
2	2266	710
2	2267	618
2	2268	245
2	2268	684
2	2269	55
2	2269	137
2	2274	620
2	2275	524
2	2276	349
2	2276	452
2	2276	592
2	2277	950
2	2278	141
2	2279	536
2	2279	703
2	2280	442
2	2280	570
2	2280	675
2	2282	314
2	2282	814
2	2284	41
2	2284	523
2	2285	133
2	2285	306
2	2285	348
2	2286	683
2	2286	930
2	2288	72
2	2288	615
2	2289	296
2	2290	31
2	2290	247
2	2290	749
2	2290	866
2	2291	842
2	2293	251
2	2293	773
2	2294	95
2	2294	581
2	2296	249
2	2297	81
2	2297	477
2	2297	884
2	2299	323
2	2299	443
2	2299	548
2	2300	624
2	2300	667
2	2302	572
2	2303	639
2	2304	878
2	2308	290
2	2308	810
2	2309	965
2	2310	692
2	2313	990
2	2315	38
2	2315	559
2	2316	83
2	2316	142
2	2320	862
2	2321	914
2	2322	641
2	2322	848
2	2326	398
2	2328	330
2	2331	333
2	2332	632
2	2333	15
2	2334	76
2	2335	510
2	2335	908
2	2336	669
2	2337	311
2	2338	554
2	2338	843
2	2339	294
2	2341	547
2	2342	97
2	2342	336
2	2342	719
2	2344	208
2	2345	293
2	2348	18
2	2348	210
2	2348	401
2	2348	803
2	2349	234
2	2351	99
2	2351	672
2	2352	983
2	2353	33
2	2354	466
2	2354	543
2	2355	399
2	2355	987
2	2356	651
2	2356	790
2	2357	347
2	2357	740
2	2357	793
2	2360	900
2	2360	939
2	2361	616
2	2362	366
2	2363	106
2	2364	444
2	2365	94
2	2365	220
2	2367	280
2	2368	963
2	2370	213
2	2371	367
2	2372	465
2	2372	518
2	2373	8
2	2373	605
2	2375	175
2	2375	313
2	2377	378
2	2377	748
2	2378	70
2	2378	481
2	2378	697
2	2379	454
2	2379	590
2	2379	968
2	2380	807
2	2382	400
2	2382	986
2	2383	50
2	2383	583
2	2383	596
2	2384	704
2	2386	558
2	2386	595
2	2387	758
2	2388	68
2	2388	417
2	2390	115
2	2391	116
2	2391	432
2	2392	487
2	2393	61
2	2393	516
2	2393	881
2	2394	169
2	2395	27
2	2399	383
2	2399	933
2	2400	799
2	2402	355
2	2402	482
2	2402	501
2	2402	718
2	2403	184
2	2405	712
2	2406	340
2	2407	136
2	2408	58
2	2408	122
2	2408	319
2	2409	643
2	2414	102
2	2416	629
2	2417	90
2	2417	215
2	2418	930
2	2418	970
2	2420	610
2	2422	57
2	2422	716
2	2423	252
2	2423	546
2	2425	456
2	2425	875
2	2426	407
2	2427	199
2	2427	794
2	2428	297
2	2428	471
2	2429	222
2	2429	450
2	2429	567
2	2430	195
2	2431	206
2	2435	797
2	2436	698
2	2437	49
2	2438	172
2	2438	341
2	2439	389
2	2440	226
2	2441	191
2	2441	445
2	2441	762
2	2441	913
2	2443	7
2	2443	463
2	2444	342
2	2446	228
2	2447	166
2	2447	812
2	2448	164
2	2449	291
2	2449	351
2	2450	103
2	2450	883
2	2454	216
2	2455	788
2	2455	841
2	2455	914
2	2456	708
2	2457	391
2	2458	388
2	2459	45
2	2460	599
2	2464	443
2	2464	668
2	2466	253
2	2466	326
2	2467	163
2	2467	316
2	2468	146
2	2468	473
2	2468	755
2	2469	26
2	2470	497
2	2470	700
2	2470	953
2	2472	659
2	2474	145
2	2474	763
2	2475	778
2	2476	749
2	2478	855
2	2480	893
2	2481	305
2	2481	448
2	2484	791
2	2486	606
2	2488	592
2	2488	680
2	2489	202
2	2489	271
2	2491	128
2	2496	231
2	2497	540
2	2498	773
2	2499	514
2	2500	525
2	2500	772
2	2501	142
2	2502	648
2	2503	168
2	2503	738
2	2504	120
2	2504	423
2	2505	478
2	2505	479
2	2505	531
2	2507	221
2	2509	309
2	2509	607
2	2511	209
2	2511	630
2	2512	468
2	2514	95
2	2515	84
2	2517	170
2	2517	490
2	2519	134
2	2520	135
2	2520	509
2	2523	29
2	2523	727
2	2524	638
2	2527	759
2	2528	107
2	2528	678
2	2528	839
2	2529	982
2	2530	598
2	2531	256
2	2531	318
2	2531	743
2	2532	331
2	2532	346
2	2532	566
2	2533	612
2	2534	601
2	2535	381
2	2536	375
2	2537	192
2	2537	827
2	2538	524
2	2538	663
2	2538	980
2	2539	159
2	2539	786
2	2540	6
2	2540	431
2	2540	973
2	2542	881
2	2544	617
2	2546	21
2	2547	745
2	2548	156
2	2549	420
2	2552	765
2	2554	297
2	2555	919
2	2556	238
2	2556	753
2	2557	296
2	2558	310
2	2558	805
2	2560	760
2	2562	543
2	2562	728
2	2563	93
2	2563	519
2	2563	969
2	2564	137
2	2566	325
2	2567	210
2	2567	645
2	2568	377
2	2568	551
2	2569	12
2	2569	549
2	2570	307
2	2570	369
2	2570	587
2	2571	683
2	2573	179
2	2573	299
2	2574	165
2	2574	662
2	2575	33
2	2575	433
2	2575	527
2	2575	748
2	2576	254
2	2576	495
2	2576	496
2	2578	291
2	2578	930
2	2579	173
2	2579	189
2	2579	332
2	2579	734
2	2580	162
2	2581	196
2	2583	186
2	2583	229
2	2584	324
2	2584	498
2	2585	197
2	2589	292
2	2589	581
2	2589	688
2	2590	119
2	2594	741
2	2595	195
2	2596	285
2	2597	249
2	2597	642
2	2598	428
2	2599	501
2	2599	774
2	2601	59
2	2602	235
2	2602	300
2	2602	779
2	2603	742
2	2604	288
2	2604	672
2	2605	336
2	2607	171
2	2610	372
2	2611	675
2	2611	895
2	2612	839
2	2613	635
2	2613	710
2	2614	352
2	2615	219
2	2616	392
2	2619	51
2	2620	315
2	2621	556
2	2621	997
2	2622	835
2	2622	885
2	2624	873
2	2625	415
2	2629	124
2	2630	371
2	2631	19
2	2631	223
2	2631	247
2	2631	703
2	2632	820
2	2633	723
2	2634	887
2	2635	115
2	2635	636
2	2637	295
2	2637	925
2	2640	17
2	2640	99
2	2640	687
2	2641	484
2	2642	16
2	2643	142
2	2645	123
2	2645	158
2	2645	480
2	2647	489
2	2648	706
2	2649	485
2	2649	640
2	2650	304
2	2650	563
2	2651	234
2	2651	429
2	2651	829
2	2652	677
2	2653	133
2	2655	105
2	2655	475
2	2656	39
2	2656	409
2	2657	942
2	2658	338
2	2658	658
2	2659	244
2	2659	607
2	2660	511
2	2662	10
2	2662	647
2	2664	604
2	2664	697
2	2665	184
2	2665	789
2	2666	597
2	2666	626
2	2667	261
2	2667	692
2	2668	322
2	2670	448
2	2671	732
2	2673	127
2	2673	652
2	2673	691
2	2674	245
2	2675	161
2	2675	848
2	2676	413
2	2678	56
2	2678	280
2	2678	518
2	2680	558
2	2680	794
2	2684	378
2	2684	467
2	2685	469
2	2687	250
2	2688	986
2	2690	360
2	2690	605
2	2693	327
2	2693	664
2	2698	521
2	2698	544
2	2698	839
2	2700	18
2	2700	45
2	2701	273
2	2701	412
2	2701	906
2	2702	183
2	2702	257
2	2704	349
2	2704	758
2	2704	970
2	2707	450
2	2707	507
2	2707	854
2	2708	790
2	2708	796
2	2709	11
2	2709	287
2	2709	388
2	2710	227
2	2711	667
2	2712	138
2	2713	35
2	2713	43
2	2713	889
2	2714	856
2	2716	72
2	2716	268
2	2717	341
2	2717	548
2	2718	389
2	2719	22
2	2720	302
2	2720	354
2	2721	40
2	2721	356
2	2721	740
2	2722	5
2	2725	255
2	2725	528
2	2725	870
2	2726	94
2	2728	700
2	2730	395
2	2732	370
2	2735	773
2	2737	510
2	2738	27
2	2739	258
2	2739	394
2	2740	980
2	2741	614
2	2741	775
2	2743	487
2	2746	125
2	2746	192
2	2746	306
2	2746	560
2	2749	441
2	2754	204
2	2754	252
2	2755	603
2	2755	627
2	2756	34
2	2756	92
2	2756	617
2	2760	903
2	2761	171
2	2761	236
2	2761	567
2	2762	342
2	2763	320
2	2765	713
2	2766	898
2	2767	750
2	2769	111
2	2769	866
2	2770	294
2	2770	303
2	2773	533
2	2774	37
2	2774	456
2	2775	221
2	2777	313
2	2779	119
2	2779	486
2	2780	411
2	2782	85
2	2782	225
2	2782	477
2	2783	66
2	2784	31
2	2784	889
2	2785	784
2	2786	744
2	2787	109
2	2787	545
2	2787	564
2	2787	645
2	2787	682
2	2792	216
2	2792	786
2	2793	481
2	2793	515
2	2795	201
2	2798	299
2	2798	307
2	2799	499
2	2799	957
2	2801	270
2	2804	623
2	2805	493
2	2805	618
2	2808	317
2	2808	797
2	2809	764
2	2811	881
2	2812	17
2	2812	129
2	2813	318
2	2813	635
2	2814	479
2	2815	291
2	2817	58
2	2820	657
2	2821	421
2	2822	367
2	2824	189
2	2824	474
2	2825	890
2	2825	940
2	2826	476
2	2826	655
2	2827	269
2	2830	611
2	2832	876
2	2833	525
2	2833	770
2	2834	829
2	2835	140
2	2835	535
2	2835	944
2	2837	429
2	2837	522
2	2837	999
2	2839	228
2	2839	392
2	2841	710
2	2842	974
2	2843	578
2	2846	393
2	2846	423
2	2847	361
2	2847	668
2	2847	723
2	2847	834
2	2848	76
2	2848	541
2	2848	629
2	2849	516
2	2850	256
2	2851	827
2	2852	148
2	2853	683
2	2853	796
2	2855	105
2	2856	116
2	2856	327
2	2856	372
2	2857	240
2	2857	624
2	2859	374
2	2862	848
2	2864	707
2	2865	752
2	2868	822
2	2869	435
2	2869	690
2	2870	455
2	2871	608
2	2873	16
2	2873	79
2	2876	261
2	2876	620
2	2876	742
2	2877	121
2	2877	736
2	2878	427
2	2878	832
2	2878	960
2	2879	68
2	2880	284
2	2883	746
2	2883	824
2	2886	458
2	2888	282
2	2888	348
2	2889	191
2	2891	163
2	2893	626
2	2895	971
2	2896	170
2	2898	50
2	2898	961
2	2899	169
2	2899	319
2	2902	224
2	2902	898
2	2903	749
2	2903	932
2	2904	355
2	2905	798
2	2907	469
2	2908	214
2	2909	20
2	2910	13
2	2910	521
2	2910	551
2	2911	580
2	2912	123
2	2913	410
2	2913	678
2	2913	937
2	2915	63
2	2915	386
2	2915	622
2	2917	263
2	2918	615
2	2918	860
2	2920	182
2	2921	166
2	2922	86
2	2922	202
2	2923	889
2	2924	641
2	2924	724
2	2925	297
2	2926	302
2	2926	660
2	2927	776
2	2929	400
2	2929	526
2	2930	301
2	2930	656
2	2932	266
2	2933	388
2	2934	3
2	2934	245
2	2934	308
2	2935	175
2	2935	637
2	2940	296
2	2940	595
2	2940	697
2	2941	543
2	2942	88
2	2944	413
2	2944	506
2	2945	396
2	2945	708
2	2946	447
2	2947	480
2	2949	153
2	2951	287
2	2951	401
2	2952	15
2	2952	21
2	2952	778
2	2954	537
2	2955	25
2	2955	223
2	2956	451
2	2956	546
2	2956	616
2	2956	795
2	2957	107
2	2957	314
2	2958	686
2	2958	729
2	2961	212
2	2961	315
2	2963	53
2	2963	73
2	2963	130
2	2963	206
2	2963	241
2	2963	389
2	2965	192
2	2965	416
2	2966	394
2	2967	52
2	2967	923
2	2969	378
2	2969	446
2	2970	78
2	2970	538
2	2970	679
2	2971	579
2	2971	760
2	2972	964
2	2975	358
2	2975	646
2	2978	40
2	2979	49
2	2980	444
2	2982	895
2	2983	365
2	2983	549
2	2983	794
2	2984	420
2	2984	738
2	2984	787
2	2989	221
2	2990	249
2	2990	408
2	2990	552
2	2991	230
2	2991	486
2	2992	556
2	2995	975
2	2999	273
2	2999	704
2	3000	434
2	3002	993
2	3003	375
2	3005	528
2	3005	764
2	3006	539
2	3007	569
2	3007	683
2	3008	136
2	3010	583
2	3010	733
2	3012	135
2	3014	682
2	3015	139
2	3022	103
2	3023	498
2	3028	39
2	3028	187
2	3028	913
2	3029	483
2	3032	851
2	3034	201
2	3034	262
2	3034	559
2	3035	350
2	3037	328
2	3037	934
2	3039	20
2	3040	545
2	3040	614
2	3042	624
2	3044	657
2	3044	858
2	3045	967
2	3046	96
2	3046	669
2	3048	76
2	3048	653
2	3049	1
2	3051	28
2	3051	312
2	3051	395
2	3051	460
2	3051	585
2	3052	65
2	3054	108
2	3054	152
2	3055	604
2	3055	638
2	3057	253
2	3060	35
2	3060	752
2	3062	999
2	3063	788
2	3065	385
2	3066	473
2	3068	225
2	3068	677
2	3068	835
2	3071	706
2	3072	976
2	3074	505
2	3074	889
2	3075	208
2	3075	700
2	3076	478
2	3077	767
2	3077	940
2	3079	112
2	3079	739
2	3082	237
2	3082	438
2	3087	437
2	3088	274
2	3088	310
2	3088	783
2	3090	242
2	3093	833
2	3094	608
2	3095	86
2	3097	742
2	3098	540
2	3099	869
2	3099	963
2	3100	867
2	3101	24
2	3103	171
2	3103	204
2	3104	151
2	3105	982
2	3106	554
2	3107	301
2	3107	485
2	3108	164
2	3109	595
2	3111	177
2	3112	725
2	3114	443
2	3115	227
2	3117	597
2	3117	841
2	3118	701
2	3119	59
2	3119	572
2	3120	452
2	3120	490
2	3121	373
2	3122	945
2	3123	778
2	3125	487
2	3126	382
2	3126	428
2	3127	757
2	3127	950
2	3127	986
2	3129	77
2	3129	371
2	3130	209
2	3132	116
2	3133	94
2	3133	430
2	3133	882
2	3136	267
2	3136	337
2	3137	629
2	3139	526
2	3139	926
2	3140	127
2	3140	734
2	3142	492
2	3143	39
2	3144	983
2	3146	524
2	3146	944
2	3147	471
2	3147	781
2	3150	269
2	3150	359
2	3151	550
2	3151	802
2	3152	723
2	3153	270
2	3153	740
2	3154	806
2	3155	57
2	3155	89
2	3156	502
2	3158	146
2	3158	231
2	3161	472
2	3164	744
2	3168	393
2	3168	459
2	3169	13
2	3171	486
2	3171	751
2	3173	83
2	3173	525
2	3173	605
2	3173	727
2	3175	197
2	3175	205
2	3175	403
2	3177	454
2	3178	17
2	3179	150
2	3179	441
2	3180	42
2	3180	456
2	3182	586
2	3183	625
2	3183	654
2	3185	175
2	3186	194
2	3186	290
2	3186	553
2	3187	374
2	3188	323
2	3188	390
2	3188	724
2	3189	584
2	3190	27
2	3190	895
2	3191	122
2	3191	853
2	3191	965
2	3192	46
2	3193	815
2	3196	439
2	3196	641
2	3198	268
2	3199	440
2	3199	925
2	3202	473
2	3202	716
2	3203	449
2	3204	40
2	3205	652
2	3208	568
2	3210	70
2	3212	360
2	3214	247
2	3214	484
2	3217	383
2	3219	529
2	3219	694
2	3219	823
2	3220	311
2	3222	101
2	3222	839
2	3223	41
2	3223	926
2	3226	531
2	3227	587
2	3228	106
2	3229	663
2	3229	750
2	3232	602
2	3232	651
2	3233	172
2	3233	981
2	3234	202
2	3234	330
2	3238	703
2	3239	737
2	3240	770
2	3240	980
2	3241	569
2	3241	960
2	3242	271
2	3242	491
2	3242	603
2	3242	614
2	3242	696
2	3243	123
2	3243	386
2	3244	988
2	3245	555
2	3246	34
2	3247	387
2	3247	729
2	3248	549
2	3249	98
2	3249	162
2	3250	452
2	3251	199
2	3253	409
2	3254	56
2	3254	139
2	3257	226
2	3257	453
2	3257	760
2	3258	893
2	3259	11
2	3260	378
2	3260	536
2	3260	537
2	3261	142
2	3261	644
2	3262	690
2	3263	432
2	3263	490
2	3264	561
2	3265	315
2	3266	670
2	3268	75
2	3270	715
2	3271	264
2	3272	145
2	3273	790
2	3274	986
2	3275	55
2	3275	481
2	3275	785
2	3276	160
2	3276	443
2	3276	664
2	3276	925
2	3277	254
2	3277	446
2	3278	223
2	3281	411
2	3282	32
2	3285	238
2	3285	422
2	3286	599
2	3289	385
2	3290	253
2	3290	656
2	3292	767
2	3292	886
2	3293	177
2	3294	369
2	3296	796
2	3297	695
2	3298	356
2	3299	801
2	3300	109
2	3300	188
2	3300	419
2	3300	704
2	3301	214
2	3303	170
2	3303	287
2	3305	904
2	3306	582
2	3306	719
2	3308	80
2	3308	553
2	3309	233
2	3311	222
2	3311	821
2	3312	655
2	3313	470
2	3316	725
2	3316	862
2	3318	343
2	3318	389
2	3318	489
2	3319	12
2	3320	912
2	3321	629
2	3321	731
2	3323	423
2	3323	544
2	3323	969
2	3324	196
2	3324	477
2	3325	122
2	3326	865
2	3331	379
2	3333	152
2	3333	255
2	3334	2
2	3334	442
2	3335	647
2	3335	684
2	3337	451
2	3338	677
2	3340	272
2	3340	367
2	3342	538
2	3343	124
2	3343	981
2	3345	942
2	3346	274
2	3346	522
2	3347	174
2	3348	51
2	3355	676
2	3355	738
2	3355	962
2	3356	467
2	3356	891
2	3358	448
2	3358	573
2	3358	627
2	3358	928
2	3360	54
2	3360	336
2	3360	377
2	3361	791
2	3362	722
2	3363	476
2	3364	697
2	3364	771
2	3366	9
2	3368	779
2	3368	913
2	3370	533
2	3370	732
2	3372	299
2	3372	310
2	3373	578
2	3374	69
2	3374	230
2	3374	733
2	3375	424
2	3375	681
2	3376	349
2	3376	700
2	3379	78
2	3379	636
2	3381	292
2	3382	192
2	3382	366
2	3382	691
2	3385	306
2	3385	597
2	3386	140
2	3386	208
2	3386	259
2	3386	645
2	3389	53
2	3390	97
2	3390	364
2	3390	777
2	3390	847
2	3390	954
2	3391	394
2	3391	880
2	3392	639
2	3394	73
2	3394	251
2	3395	282
2	3396	281
2	3396	334
2	3400	952
2	3401	518
2	3401	583
2	3402	347
2	3403	709
2	3403	871
2	3404	400
2	3406	499
2	3407	555
2	3408	88
2	3408	727
2	3409	290
2	3409	368
2	3409	483
2	3409	619
2	3410	846
2	3411	144
2	3411	165
2	3412	416
2	3412	540
2	3413	401
2	3413	450
2	3413	994
2	3414	460
2	3415	683
2	3416	27
2	3416	50
2	3416	508
2	3416	552
2	3419	344
2	3421	464
2	3422	510
2	3423	128
2	3423	824
2	3424	289
2	3424	658
2	3424	755
2	3424	869
2	3426	559
2	3426	609
2	3428	89
2	3430	293
2	3431	18
2	3431	155
2	3431	444
2	3432	756
2	3433	45
2	3433	143
2	3434	862
2	3435	320
2	3436	359
2	3438	427
2	3438	680
2	3441	19
2	3441	90
2	3441	392
2	3443	876
2	3444	341
2	3444	515
2	3446	314
2	3446	785
2	3447	238
2	3447	319
2	3447	688
2	3448	268
2	3448	775
2	3449	46
2	3449	161
2	3449	396
2	3450	357
2	3451	624
2	3452	601
2	3453	210
2	3453	997
2	3454	547
2	3454	815
2	3454	829
2	3455	189
2	3456	651
2	3457	186
2	3457	653
2	3458	267
2	3460	623
2	3460	652
2	3462	558
2	3463	316
2	3463	410
2	3464	565
2	3464	685
2	3464	920
2	3465	471
2	3468	100
2	3468	671
2	3469	587
2	3471	675
2	3472	131
2	3472	399
2	3473	339
2	3473	906
2	3474	331
2	3475	231
2	3476	916
2	3477	390
2	3477	492
2	3478	23
2	3478	276
2	3478	944
2	3479	505
2	3480	122
2	3480	232
2	3480	969
2	3481	118
2	3481	304
2	3481	716
2	3481	763
2	3482	235
2	3483	49
2	3483	265
2	3483	924
2	3484	383
2	3484	561
2	3486	717
2	3488	333
2	3488	414
2	3488	575
2	3488	602
2	3488	630
2	3489	65
2	3489	678
2	3490	162
2	3493	20
2	3493	695
2	3495	102
2	3496	595
2	3497	673
2	3500	130
2	3500	255
2	3500	694
2	3500	776
2	3501	56
2	3501	309
2	3501	783
2	3504	608
2	3506	751
2	3510	197
2	3510	560
2	3510	805
2	3511	148
2	3511	253
2	3511	422
2	3511	960
2	3514	504
2	3514	959
2	3515	431
2	3515	835
2	3516	382
2	3516	456
2	3516	597
2	3517	85
2	3517	301
2	3518	168
2	3518	292
2	3518	974
2	3518	995
2	3519	109
2	3519	356
2	3521	318
2	3523	771
2	3524	364
2	3525	682
2	3526	180
2	3527	527
2	3527	620
2	3527	647
2	3528	649
2	3531	899
2	3532	761
2	3533	634
2	3534	656
2	3536	548
2	3536	754
2	3536	947
2	3537	449
2	3538	182
2	3538	607
2	3539	25
2	3539	178
2	3539	789
2	3540	474
2	3541	786
2	3542	271
2	3543	209
2	3543	236
2	3545	81
2	3546	740
2	3547	545
2	3547	800
2	3548	463
2	3550	41
2	3550	925
2	3552	667
2	3553	648
2	3555	30
2	3555	272
2	3555	465
2	3557	260
2	3559	551
2	3561	811
2	3562	491
2	3562	909
2	3563	586
2	3563	666
2	3563	819
2	3564	286
2	3566	173
2	3566	480
2	3568	275
2	3568	394
2	3569	438
2	3570	205
2	3570	500
2	3571	70
2	3571	482
2	3571	485
2	3571	704
2	3572	393
2	3572	488
2	3572	517
2	3574	17
2	3574	192
2	3575	886
2	3578	229
2	3578	843
2	3579	115
2	3579	525
2	3580	43
2	3580	128
2	3580	712
2	3581	105
2	3581	458
2	3582	749
2	3582	752
2	3583	283
2	3583	918
2	3584	174
2	3584	693
2	3585	124
2	3585	339
2	3587	569
2	3588	609
2	3589	345
2	3590	636
2	3593	723
2	3593	996
2	3594	66
2	3594	455
2	3595	674
2	3595	720
2	3598	478
2	3599	950
2	3600	553
2	3600	670
2	3601	45
2	3601	300
2	3601	347
2	3601	408
2	3602	852
2	3603	98
2	3603	377
2	3603	756
2	3606	38
2	3606	350
2	3607	428
2	3610	709
2	3611	404
2	3611	566
2	3611	822
2	3613	398
2	3613	400
2	3613	460
2	3615	423
2	3615	778
2	3617	73
2	3619	421
2	3622	659
2	3623	172
2	3623	425
2	3626	149
2	3626	416
2	3626	744
2	3628	311
2	3628	317
2	3628	653
2	3630	97
2	3631	9
2	3632	475
2	3634	604
2	3635	432
2	3636	452
2	3637	512
2	3637	840
2	3638	241
2	3638	583
2	3638	603
2	3640	310
2	3640	895
2	3641	406
2	3642	225
2	3647	95
2	3647	877
2	3650	158
2	3650	730
2	3651	498
2	3655	479
2	3655	990
2	3656	117
2	3656	544
2	3656	556
2	3658	713
2	3659	909
2	3660	898
2	3661	687
2	3663	558
2	3665	298
2	3665	321
2	3665	606
2	3666	933
2	3669	356
2	3669	594
2	3671	194
2	3674	823
2	3675	227
2	3677	378
2	3679	161
2	3679	518
2	3680	134
2	3681	471
2	3683	503
2	3685	639
2	3687	353
2	3687	677
2	3688	110
2	3688	524
2	3689	592
2	3690	40
2	3690	489
2	3692	372
2	3693	267
2	3693	750
2	3695	739
2	3696	463
2	3696	522
2	3696	954
2	3698	517
2	3699	3
2	3700	37
2	3700	237
2	3701	80
2	3701	574
2	3704	565
2	3705	217
2	3706	46
2	3706	312
2	3706	384
2	3707	344
2	3708	254
2	3709	308
2	3710	701
2	3712	141
2	3714	287
2	3716	555
2	3716	622
2	3719	157
2	3719	362
2	3721	387
2	3721	422
2	3723	367
2	3723	681
2	3724	69
2	3724	264
2	3726	494
2	3726	685
2	3726	830
2	3727	255
2	3728	446
2	3728	508
2	3730	513
2	3731	170
2	3732	34
2	3733	727
2	3735	716
2	3736	133
2	3736	279
2	3737	491
2	3737	561
2	3738	996
2	3739	103
2	3740	288
2	3744	116
2	3745	142
2	3746	7
2	3748	854
2	3749	199
2	3750	280
2	3751	13
2	3751	22
2	3751	218
2	3751	563
2	3751	611
2	3753	98
2	3753	413
2	3753	770
2	3760	12
2	3765	327
2	3766	386
2	3766	655
2	3767	41
2	3768	400
2	3769	415
2	3771	90
2	3771	810
2	3772	370
2	3774	290
2	3774	429
2	3775	324
2	3776	23
2	3776	262
2	3776	607
2	3776	913
2	3777	540
2	3777	889
2	3778	842
2	3779	256
2	3780	329
2	3782	468
2	3783	144
2	3783	971
2	3784	554
2	3785	824
2	3786	725
2	3787	39
2	3787	447
2	3788	401
2	3788	556
2	3789	694
2	3790	63
2	3790	996
2	3791	542
2	3792	35
2	3792	941
2	3795	375
2	3797	575
2	3798	347
2	3798	728
2	3799	627
2	3801	859
2	3803	152
2	3803	829
2	3805	409
2	3807	71
2	3807	221
2	3808	105
2	3808	219
2	3808	398
2	3809	253
2	3809	316
2	3809	414
2	3812	953
2	3813	309
2	3814	62
2	3815	674
2	3815	721
2	3816	332
2	3816	785
2	3817	520
2	3818	481
2	3819	714
2	3820	45
2	3820	723
2	3823	192
2	3823	640
2	3827	111
2	3833	451
2	3836	102
2	3838	598
2	3840	301
2	3843	331
2	3845	10
2	3845	265
2	3845	652
2	3846	706
2	3846	796
2	3847	36
2	3849	272
2	3850	88
2	3852	51
2	3852	198
2	3852	391
2	3854	845
2	3854	980
2	3857	665
2	3859	974
2	3861	81
2	3861	313
2	3862	385
2	3866	597
2	3867	677
2	3867	729
2	3868	187
2	3868	470
2	3870	424
2	3871	975
2	3872	744
2	3873	457
2	3873	692
2	3874	84
2	3874	115
2	3874	877
2	3875	317
2	3876	455
2	3877	176
2	3877	933
2	3880	217
2	3880	702
2	3882	76
2	3882	776
2	3883	838
2	3885	49
2	3885	485
2	3886	6
2	3886	143
2	3889	158
2	3889	230
2	3889	323
2	3889	675
2	3890	237
2	3890	486
2	3890	748
2	3891	359
2	3892	226
2	3892	547
2	3892	921
2	3895	130
2	3897	365
2	3899	148
2	3899	511
2	3900	526
2	3902	439
2	3902	458
2	3902	487
2	3902	767
2	3903	82
2	3903	268
2	3903	718
2	3903	720
2	3903	941
2	3904	708
2	3905	145
2	3906	779
2	3906	911
2	3908	128
2	3909	369
2	3909	669
2	3910	206
2	3911	944
2	3912	780
2	3913	186
2	3913	591
2	3914	228
2	3914	363
2	3916	274
2	3916	306
2	3917	647
2	3917	695
2	3918	77
2	3920	704
2	3921	85
2	3921	705
2	3922	161
2	3923	791
2	3925	114
2	3925	809
2	3925	957
2	3926	235
2	3927	90
2	3927	535
2	3928	733
2	3931	212
2	3931	257
2	3931	468
2	3934	119
2	3934	656
2	3935	252
2	3935	442
2	3936	159
2	3937	243
2	3937	471
2	3943	649
2	3944	462
2	3945	100
2	3946	402
2	3947	271
2	3948	460
2	3950	58
2	3951	219
2	3952	946
2	3953	30
2	3953	685
2	3954	347
2	3954	906
2	3957	19
2	3957	322
2	3957	996
2	3960	141
2	3960	464
2	3961	326
2	3962	473
2	3962	592
2	3964	135
2	3964	504
2	3966	353
2	3967	627
2	3968	525
2	3968	921
2	3969	170
2	3971	380
2	3971	555
2	3971	643
2	3971	870
2	3973	785
2	3974	256
2	3974	757
2	3974	975
2	3975	507
2	3975	648
2	3977	438
2	3977	522
2	3979	497
2	3979	654
2	3979	684
2	3980	489
2	3981	11
2	3981	193
2	3981	208
2	3982	583
2	3984	78
2	3984	279
2	3984	417
2	3985	860
2	3988	972
2	3989	188
2	3989	428
2	3990	888
2	3993	715
2	3994	156
2	3994	737
2	3995	126
2	3995	167
2	3995	450
2	3996	116
2	3996	207
2	3996	378
2	3996	666
2	4002	508
2	4002	650
2	4002	825
2	4002	884
2	4003	589
2	4003	655
2	4004	17
2	4004	680
2	4005	751
2	4005	883
2	4007	530
2	4009	239
2	4009	741
2	4011	758
2	4012	360
2	4013	2
2	4013	134
2	4013	480
2	4013	618
2	4014	157
2	4014	770
2	4015	177
2	4015	490
2	4017	340
2	4017	550
2	4018	690
2	4020	286
2	4020	386
2	4020	792
2	4028	82
2	4028	183
2	4029	309
2	4030	51
2	4034	35
2	4034	108
2	4034	412
2	4035	194
2	4036	16
2	4037	744
2	4038	766
2	4041	122
2	4042	646
2	4043	132
2	4043	660
2	4044	630
2	4045	143
2	4045	822
2	4046	54
2	4047	310
2	4049	827
2	4052	694
2	4052	938
2	4056	341
2	4061	253
2	4063	478
2	4063	746
2	4064	663
2	4064	692
2	4065	796
2	4067	621
2	4071	578
2	4074	605
2	4075	536
2	4076	104
2	4076	703
2	4077	255
2	4077	735
2	4077	761
2	4078	313
2	4080	184
2	4082	357
2	4082	607
2	4084	936
2	4085	71
2	4086	754
2	4091	445
2	4092	218
2	4092	395
2	4092	667
2	4095	131
2	4095	960
2	4096	515
2	4097	263
2	4098	749
2	4099	265
2	4100	34
2	4101	709
2	4104	788
2	4105	226
2	4106	15
2	4106	376
2	4106	562
2	4107	768
2	4110	264
2	4110	415
2	4110	540
2	4112	42
2	4112	719
2	4113	281
2	4115	602
2	4116	171
2	4120	404
2	4120	696
2	4121	382
2	4122	92
2	4124	728
2	4125	717
2	4126	807
2	4127	846
2	4129	984
2	4131	724
2	4132	315
2	4132	737
2	4133	720
2	4133	999
2	4138	573
2	4138	691
2	4141	287
2	4141	951
2	4143	25
2	4143	50
2	4143	295
2	4144	38
2	4144	334
2	4148	44
2	4148	468
2	4149	932
2	4150	847
2	4152	577
2	4153	324
2	4154	100
2	4154	983
2	4155	835
2	4157	224
2	4158	988
2	4161	681
2	4162	56
2	4163	43
2	4165	282
2	4168	591
2	4168	659
2	4170	115
2	4170	505
2	4170	982
2	4174	31
2	4175	87
2	4175	166
2	4176	196
2	4176	571
2	4177	102
2	4177	145
2	4177	773
2	4179	346
2	4179	756
2	4180	129
2	4181	673
2	4181	689
2	4181	923
2	4182	813
2	4185	550
2	4186	428
2	4187	416
2	4187	781
2	4187	967
2	4188	95
2	4188	567
2	4188	675
2	4189	107
2	4189	135
2	4189	153
2	4193	213
2	4193	769
2	4196	260
2	4197	338
2	4197	898
2	4198	685
2	4198	995
2	4199	306
2	4199	317
2	4199	392
2	4199	665
2	4200	26
2	4200	831
2	4204	604
2	4205	311
2	4205	463
2	4206	91
2	4206	582
2	4207	148
2	4208	408
2	4208	789
2	4210	657
2	4211	361
2	4211	400
2	4212	876
2	4213	79
2	4213	990
2	4214	154
2	4215	128
2	4215	192
2	4215	799
2	4216	627
2	4216	882
2	4217	70
2	4219	57
2	4221	96
2	4221	733
2	4225	174
2	4226	732
2	4227	41
2	4227	754
2	4229	211
2	4230	474
2	4231	563
2	4233	445
2	4234	167
2	4234	774
2	4235	3
2	4235	325
2	4237	777
2	4238	611
2	4238	637
2	4238	775
2	4238	980
2	4242	718
2	4243	101
2	4244	758
2	4245	127
2	4245	424
2	4245	625
2	4246	267
2	4247	539
2	4249	169
2	4250	86
2	4250	286
2	4250	442
2	4251	195
2	4252	785
2	4255	328
2	4255	570
2	4257	586
2	4258	412
2	4259	281
2	4259	661
2	4260	293
2	4260	662
2	4262	53
2	4264	461
2	4266	11
2	4266	698
2	4266	872
2	4267	125
2	4268	331
2	4268	612
2	4268	624
2	4271	935
2	4272	131
2	4272	382
2	4273	108
2	4273	795
2	4276	151
2	4277	2
2	4277	238
2	4277	588
2	4279	191
2	4279	584
2	4279	649
2	4279	970
2	4280	708
2	4282	803
2	4284	565
2	4284	816
2	4285	137
2	4286	12
2	4288	291
2	4289	419
2	4292	763
2	4294	231
2	4294	351
2	4294	590
2	4295	252
2	4295	688
2	4296	559
2	4296	957
2	4297	974
2	4298	102
2	4298	606
2	4299	228
2	4299	673
2	4300	396
2	4300	987
2	4301	276
2	4301	525
2	4301	716
2	4302	460
2	4303	614
2	4304	98
2	4305	462
2	4307	66
2	4307	478
2	4308	535
2	4308	847
2	4310	68
2	4310	603
2	4310	645
2	4310	667
2	4312	4
2	4312	618
2	4316	165
2	4316	703
2	4317	54
2	4317	114
2	4320	200
2	4321	189
2	4322	77
2	4322	233
2	4322	735
2	4322	975
2	4323	47
2	4323	960
2	4325	434
2	4325	457
2	4327	315
2	4330	632
2	4331	466
2	4332	156
2	4333	275
2	4333	353
2	4333	471
2	4334	368
2	4335	305
2	4335	354
2	4336	347
2	4336	690
2	4336	798
2	4337	18
2	4337	271
2	4337	810
2	4340	52
2	4340	334
2	4340	770
2	4340	791
2	4341	55
2	4344	528
2	4345	5
2	4345	438
2	4346	176
2	4347	64
2	4348	294
2	4350	664
2	4352	630
2	4353	813
2	4354	640
2	4356	626
2	4357	301
2	4357	349
2	4357	686
2	4358	439
2	4358	882
2	4359	104
2	4359	901
2	4362	676
2	4366	602
2	4370	57
2	4371	762
2	4372	332
2	4372	701
2	4374	360
2	4374	401
2	4375	6
2	4375	342
2	4375	452
2	4376	443
2	4377	48
2	4378	270
2	4378	348
2	4379	469
2	4379	598
2	4380	432
2	4381	464
2	4381	800
2	4381	866
2	4383	746
2	4383	833
2	4384	253
2	4384	615
2	4385	414
2	4386	170
2	4386	712
2	4387	403
2	4388	828
2	4389	617
2	4389	668
2	4390	109
2	4390	218
2	4391	38
2	4391	265
2	4392	540
2	4392	574
2	4392	721
2	4395	361
2	4396	336
2	4397	272
2	4397	616
2	4397	706
2	4398	422
2	4399	691
2	4399	780
2	4401	541
2	4401	672
2	4404	17
2	4406	399
2	4407	72
2	4407	379
2	4407	593
2	4408	722
2	4409	470
2	4411	33
2	4411	256
2	4412	190
2	4413	113
2	4414	787
2	4415	88
2	4417	34
2	4417	597
2	4417	734
2	4417	843
2	4418	638
2	4419	610
2	4421	284
2	4421	565
2	4421	717
2	4425	812
2	4425	860
2	4428	539
2	4428	736
2	4429	362
2	4429	366
2	4430	384
2	4430	444
2	4432	277
2	4433	426
2	4433	657
2	4433	965
2	4435	656
2	4436	643
2	4436	900
2	4437	512
2	4437	629
2	4439	527
2	4439	637
2	4439	836
2	4440	357
2	4440	918
2	4441	592
2	4442	115
2	4442	647
2	4445	210
2	4445	689
2	4446	765
2	4447	169
2	4447	742
2	4448	488
2	4450	327
2	4451	776
2	4452	490
2	4453	381
2	4454	640
2	4455	114
2	4457	648
2	4457	748
2	4458	257
2	4460	221
2	4461	333
2	4461	459
2	4462	89
2	4462	339
2	4462	397
2	4466	769
2	4467	186
2	4468	420
2	4468	908
2	4470	95
2	4470	408
2	4471	730
2	4472	835
2	4475	423
2	4475	613
2	4475	715
2	4477	116
2	4477	579
2	4478	472
2	4478	757
2	4478	761
2	4480	222
2	4480	337
2	4481	177
2	4481	971
2	4484	232
2	4484	862
2	4489	575
2	4493	94
2	4497	307
2	4500	184
2	4501	766
2	4501	860
2	4502	778
2	4503	75
2	4503	330
2	4503	588
2	4503	699
2	4503	943
2	4505	207
2	4505	212
2	4506	395
2	4508	432
2	4509	163
2	4509	369
2	4509	371
2	4509	854
2	4511	605
2	4511	914
2	4513	927
2	4515	725
2	4516	660
2	4520	151
2	4521	953
2	4522	552
2	4522	696
2	4523	174
2	4523	230
2	4523	477
2	4525	451
2	4526	237
2	4526	546
2	4527	986
2	4528	110
2	4529	665
2	4529	799
2	4530	36
2	4530	772
2	4531	193
2	4532	29
2	4533	67
2	4533	338
2	4533	811
2	4534	279
2	4535	418
2	4537	102
2	4537	389
2	4537	984
2	4540	407
2	4540	581
2	4540	651
2	4541	40
2	4541	51
2	4541	658
2	4542	295
2	4543	313
2	4543	733
2	4543	964
2	4545	419
2	4545	429
2	4547	248
2	4549	1
2	4549	479
2	4549	534
2	4550	289
2	4550	367
2	4550	442
2	4550	726
2	4550	779
2	4552	156
2	4552	463
2	4554	462
2	4554	798
2	4555	124
2	4556	259
2	4557	571
2	4557	608
2	4558	264
2	4558	310
2	4558	341
2	4561	48
2	4561	55
2	4561	548
2	4564	107
2	4564	387
2	4564	431
2	4566	435
2	4567	502
2	4568	298
2	4568	609
2	4568	830
2	4570	208
2	4571	181
2	4571	737
2	4572	4
2	4573	413
2	4575	695
2	4578	959
2	4579	321
2	4579	556
2	4579	807
2	4583	402
2	4584	401
2	4585	311
2	4586	473
2	4588	366
2	4588	412
2	4589	285
2	4589	545
2	4590	190
2	4590	445
2	4590	494
2	4591	697
2	4591	764
2	4593	81
2	4593	400
2	4593	447
2	4594	197
2	4595	480
2	4595	532
2	4595	738
2	4596	202
2	4596	628
2	4597	773
2	4598	718
2	4601	363
2	4601	373
2	4602	60
2	4603	209
2	4603	486
2	4603	604
2	4603	789
2	4605	77
2	4606	291
2	4609	253
2	4609	272
2	4609	490
2	4609	599
2	4610	399
2	4610	517
2	4611	301
2	4611	634
2	4612	415
2	4613	601
2	4613	959
2	4614	233
2	4614	679
2	4614	717
2	4614	973
2	4616	166
2	4617	374
2	4617	592
2	4617	788
2	4618	538
2	4619	497
2	4619	694
2	4621	467
2	4622	535
2	4622	917
2	4622	991
2	4623	242
2	4624	920
2	4626	292
2	4626	993
2	4628	109
2	4628	818
2	4631	800
2	4632	676
2	4632	756
2	4635	254
2	4636	118
2	4637	586
2	4639	932
2	4640	276
2	4641	744
2	4642	543
2	4644	644
2	4644	897
2	4649	797
2	4650	513
2	4651	192
2	4653	681
2	4655	79
2	4655	145
2	4655	659
2	4656	139
2	4657	106
2	4658	458
2	4660	457
2	4661	443
2	4662	770
2	4663	511
2	4664	952
2	4665	262
2	4666	677
2	4667	658
2	4668	660
2	4669	492
2	4669	521
2	4671	185
2	4672	782
2	4673	105
2	4673	172
2	4673	667
2	4674	194
2	4674	974
2	4675	128
2	4675	346
2	4678	360
2	4678	959
2	4679	114
2	4679	164
2	4679	183
2	4679	515
2	4679	978
2	4681	229
2	4682	433
2	4684	175
2	4684	602
2	4684	827
2	4686	411
2	4686	572
2	4686	830
2	4687	177
2	4688	37
2	4688	533
2	4690	63
2	4690	654
2	4691	484
2	4692	743
2	4693	225
2	4694	280
2	4696	215
2	4696	455
2	4697	270
2	4698	168
2	4698	613
2	4699	25
2	4699	115
2	4700	498
2	4701	605
2	4701	783
2	4702	56
2	4702	265
2	4703	97
2	4705	796
2	4706	222
2	4706	618
2	4708	600
2	4709	339
2	4709	345
2	4710	271
2	4710	525
2	4711	169
2	4711	281
2	4711	336
2	4712	59
2	4712	758
2	4713	732
2	4713	921
2	4714	326
2	4714	459
2	4715	42
2	4715	598
2	4716	269
2	4716	552
2	4716	637
2	4717	377
2	4718	226
2	4721	854
2	4722	46
2	4722	113
2	4723	589
2	4725	195
2	4726	555
2	4728	102
2	4729	588
2	4729	948
2	4731	452
2	4731	720
2	4731	751
2	4733	12
2	4733	117
2	4734	219
2	4734	343
2	4734	909
2	4735	20
2	4735	778
2	4736	696
2	4738	108
2	4738	480
2	4738	657
2	4739	179
2	4739	266
2	4740	871
2	4742	470
2	4743	171
2	4745	99
2	4748	510
2	4750	186
2	4750	349
2	4751	173
2	4752	260
2	4753	530
2	4754	403
2	4755	391
2	4757	10
2	4757	490
2	4757	874
2	4759	422
2	4760	84
2	4761	703
2	4762	127
2	4763	643
2	4766	414
2	4766	762
2	4767	26
2	4767	567
2	4767	848
2	4768	3
2	4769	104
2	4769	715
2	4770	662
2	4771	793
2	4774	71
2	4776	69
2	4777	151
2	4777	691
2	4779	434
2	4782	361
2	4784	282
2	4784	393
2	4784	401
2	4784	429
2	4785	563
2	4786	559
2	4786	994
2	4787	801
2	4789	355
2	4790	524
2	4791	766
2	4792	425
2	4792	615
2	4792	954
2	4795	725
2	4796	279
2	4796	351
2	4796	474
2	4796	599
2	4796	811
2	4798	24
2	4798	964
2	4799	45
2	4799	714
2	4800	900
2	4802	267
2	4802	443
2	4802	960
2	4804	53
2	4806	473
2	4808	998
2	4809	330
2	4810	323
2	4811	394
2	4811	550
2	4811	821
2	4813	886
2	4814	41
2	4815	665
2	4817	618
2	4819	263
2	4819	746
2	4820	312
2	4820	921
2	4821	285
2	4822	63
2	4824	193
2	4824	575
2	4825	218
2	4825	984
2	4828	829
2	4829	75
2	4829	395
2	4829	501
2	4830	77
2	4831	52
2	4831	625
2	4832	487
2	4835	713
2	4836	753
2	4836	789
2	4836	904
2	4836	957
2	4837	58
2	4837	252
2	4840	64
2	4840	101
2	4840	499
2	4840	537
2	4840	870
2	4845	647
2	4846	382
2	4847	68
2	4847	759
2	4848	125
2	4848	413
2	4848	775
2	4850	629
2	4850	769
2	4852	195
2	4852	737
2	4853	62
2	4853	441
2	4854	310
2	4855	238
2	4855	387
2	4855	760
2	4856	664
2	4858	150
2	4858	621
2	4858	650
2	4860	198
2	4860	259
2	4862	121
2	4862	332
2	4862	437
2	4863	110
2	4863	555
2	4864	512
2	4865	741
2	4866	506
2	4867	179
2	4867	690
2	4869	772
2	4870	580
2	4871	717
2	4872	577
2	4873	253
2	4873	440
2	4873	724
2	4873	946
2	4874	74
2	4874	204
2	4874	364
2	4874	802
2	4875	345
2	4876	268
2	4877	592
2	4878	17
2	4878	626
2	4879	287
2	4880	773
2	4882	199
2	4883	911
2	4884	169
2	4884	970
2	4887	158
2	4887	486
2	4887	509
2	4888	225
2	4888	720
2	4888	730
2	4890	442
2	4891	166
2	4893	16
2	4893	397
2	4894	217
2	4896	743
2	4897	119
2	4900	156
2	4902	750
2	4903	782
2	4904	389
2	4905	348
2	4906	40
2	4907	747
2	4909	688
2	4911	479
2	4913	228
2	4915	356
2	4916	155
2	4916	572
2	4918	239
2	4919	614
2	4920	325
2	4920	553
2	4924	692
2	4924	728
2	4926	307
2	4926	903
2	4929	336
2	4930	246
2	4932	292
2	4932	326
2	4933	12
2	4933	841
2	4935	76
2	4935	87
2	4936	81
2	4936	583
2	4937	573
2	4938	871
2	4938	972
2	4939	61
2	4939	72
2	4940	561
2	4941	211
2	4941	813
2	4942	628
2	4943	256
2	4943	431
2	4943	733
2	4945	172
2	4945	347
2	4946	266
2	4946	378
2	4947	151
2	4947	742
2	4948	427
2	4948	454
2	4948	532
2	4948	790
2	4948	923
2	4949	635
2	4949	835
2	4951	189
2	4951	726
2	4951	931
2	4954	33
2	4954	399
2	4954	539
2	4954	640
2	4956	276
2	4956	483
2	4958	578
2	4959	84
2	4959	280
2	4959	566
2	4959	784
2	4960	939
2	4961	429
2	4961	581
2	4962	962
2	4963	322
2	4963	353
2	4963	698
2	4965	186
2	4965	716
2	4966	699
2	4967	242
2	4968	631
2	4969	36
2	4970	25
2	4970	37
2	4972	124
2	4974	658
2	4974	714
2	4975	417
2	4976	53
2	4977	783
2	4978	478
2	4979	633
2	4980	175
2	4982	651
2	4983	96
2	4983	251
2	4984	376
2	4984	609
2	4986	702
2	4987	173
2	4987	426
2	4989	403
2	4989	520
2	4990	334
2	4991	344
2	4991	568
2	4992	323
2	4994	646
2	4994	723
2	4997	465
2	4998	657
2	4998	711
2	4999	202
2	5000	47
