2	-1	0
2	3	158
2	3	220
2	4	937
2	5	660
2	6	184
2	7	127
2	7	322
2	7	811
2	8	318
2	8	909
2	10	237
2	10	381
2	12	422
2	14	195
2	14	455
2	14	928
2	16	505
2	18	929
2	19	212
2	21	4
2	21	737
2	24	19
2	27	228
2	28	923
2	29	335
2	30	916
2	31	659
2	33	400
2	33	666
2	34	482
2	35	2
2	36	130
2	36	449
2	37	13
2	38	883
2	39	37
2	39	518
2	39	627
2	41	214
2	41	619
2	42	62
2	44	481
2	45	282
2	46	205
2	47	786
2	49	637
2	49	725
2	49	963
2	51	234
2	51	336
2	52	128
2	52	472
2	53	585
2	55	148
2	55	519
2	56	230
2	57	697
2	59	457
2	59	542
2	59	603
2	59	934
2	60	183
2	61	303
2	61	460
2	61	598
2	62	213
2	63	296
2	66	595
2	67	122
2	67	125
2	67	425
2	67	721
2	68	141
2	68	870
2	70	571
2	70	926
2	70	941
2	71	704
2	72	953
2	73	590
2	75	490
2	77	101
2	77	958
2	78	799
2	79	579
2	81	684
2	82	100
2	82	223
2	83	83
2	83	300
2	83	442
2	86	887
2	87	656
2	87	746
2	89	241
2	93	372
2	95	133
2	95	136
2	95	639
2	96	724
2	97	23
2	97	450
2	97	564
2	98	84
2	98	574
2	98	862
2	99	783
2	100	495
2	101	200
2	101	261
2	103	33
2	103	494
2	103	751
2	105	975
2	106	769
2	107	73
2	107	291
2	108	550
2	108	758
2	109	885
2	110	406
2	115	764
2	116	437
2	117	497
2	117	723
2	118	180
2	118	531
2	120	199
2	122	216
2	124	112
2	124	515
2	125	171
2	125	711
2	127	27
2	127	222
2	127	570
2	128	317
2	131	24
2	131	752
2	135	562
2	135	600
2	135	770
2	137	488
2	139	35
2	139	804
2	140	634
2	141	242
2	141	246
2	141	286
2	141	368
2	142	257
2	144	423
2	144	641
2	146	270
2	146	608
2	146	787
2	146	886
2	147	842
2	147	868
2	149	855
2	150	124
2	152	890
2	153	509
2	153	916
2	155	176
2	155	671
2	155	773
2	158	402
2	159	431
2	160	79
2	161	109
2	161	670
2	163	94
2	166	440
2	166	735
2	166	812
2	169	104
2	170	687
2	171	351
2	171	648
2	172	692
2	175	328
2	176	486
2	177	603
2	177	698
2	178	338
2	181	28
2	182	535
2	183	364
2	185	287
2	185	552
2	186	476
2	186	782
2	187	273
2	187	561
2	187	647
2	187	741
2	187	755
2	188	160
2	189	356
2	191	231
2	191	482
2	191	610
2	192	119
2	192	439
2	193	477
2	193	733
2	194	18
2	194	382
2	194	613
2	195	762
2	195	925
2	196	518
2	196	575
2	196	922
2	197	602
2	198	383
2	199	25
2	199	436
2	200	211
2	200	883
2	201	366
2	201	541
2	202	492
2	206	701
2	207	38
2	211	254
2	211	675
2	212	80
2	212	663
2	213	52
2	213	781
2	214	219
2	216	123
2	216	215
2	217	290
2	217	803
2	219	70
2	219	419
2	220	728
2	221	547
2	222	333
2	222	860
2	224	116
2	225	41
2	225	46
2	225	128
2	231	898
2	232	766
2	233	388
2	234	263
2	236	126
2	236	877
2	237	159
2	238	260
2	238	359
2	239	274
2	239	908
2	240	15
2	241	299
2	241	523
2	241	635
2	243	253
2	244	357
2	244	768
2	245	493
2	245	997
2	246	153
2	246	660
2	247	54
2	247	420
2	247	514
2	248	425
2	248	976
2	249	138
2	249	409
2	249	632
2	250	111
2	253	958
2	254	133
2	255	517
2	256	569
2	256	974
2	257	233
2	257	464
2	258	207
2	259	449
2	259	527
2	259	691
2	260	29
2	260	99
2	260	680
2	261	586
2	262	916
2	263	235
2	264	463
2	265	466
2	265	767
2	266	178
2	266	522
2	267	342
2	268	703
2	271	319
2	271	966
2	272	618
2	272	765
2	273	841
2	274	324
2	274	344
2	277	255
2	277	594
2	278	878
2	280	987
2	281	447
2	282	430
2	282	865
2	283	223
2	284	320
2	285	389
2	285	597
2	286	102
2	286	434
2	287	335
2	287	617
2	292	103
2	292	127
2	292	294
2	293	184
2	294	66
2	295	174
2	296	291
2	296	307
2	296	421
2	296	788
2	297	62
2	297	147
2	297	526
2	299	725
2	301	132
2	301	615
2	301	633
2	301	638
2	306	5
2	306	429
2	308	119
2	308	450
2	308	654
2	309	546
2	310	392
2	310	606
2	310	793
2	311	156
2	313	582
2	316	566
2	316	650
2	317	590
2	319	161
2	319	593
2	319	862
2	320	183
2	321	32
2	321	59
2	321	74
2	321	716
2	321	990
2	322	652
2	324	258
2	325	188
2	326	20
2	327	616
2	329	662
2	331	256
2	332	33
2	332	139
2	333	555
2	335	164
2	336	315
2	336	347
2	337	6
2	339	968
2	340	106
2	340	122
2	340	414
2	340	699
2	343	185
2	345	216
2	347	82
2	348	363
2	348	390
2	349	543
2	349	581
2	349	820
2	350	578
2	351	884
2	353	480
2	356	528
2	356	622
2	357	361
2	358	276
2	360	577
2	363	12
2	363	157
2	363	803
2	369	88
2	370	931
2	372	798
2	379	406
2	380	497
2	381	402
2	381	580
2	382	44
2	382	53
2	382	565
2	382	751
2	383	343
2	383	516
2	383	559
2	383	563
2	384	608
2	385	158
2	386	748
2	387	479
2	387	940
2	388	239
2	389	274
2	392	366
2	392	754
2	393	349
2	396	306
2	396	535
2	398	162
2	398	279
2	400	533
2	401	854
2	402	668
2	404	45
2	404	599
2	406	47
2	406	365
2	406	904
2	408	86
2	408	209
2	408	532
2	408	766
2	411	304
2	411	724
2	412	726
2	413	410
2	414	351
2	414	357
2	415	354
2	415	825
2	416	673
2	417	897
2	418	964
2	420	28
2	421	87
2	422	317
2	422	679
2	424	571
2	424	591
2	425	346
2	425	988
2	426	189
2	426	818
2	427	136
2	427	260
2	429	947
2	430	272
2	430	311
2	432	843
2	434	110
2	434	710
2	435	377
2	435	437
2	435	488
2	436	952
2	437	49
2	438	265
2	438	379
2	438	632
2	439	461
2	440	98
2	440	278
2	440	504
2	441	190
2	443	34
2	445	168
2	446	65
2	449	301
2	449	718
2	450	316
2	451	483
2	454	458
2	455	786
2	456	713
2	458	590
2	458	779
2	461	93
2	463	51
2	463	229
2	463	725
2	463	915
2	464	152
2	465	530
2	466	120
2	466	254
2	466	984
2	468	129
2	468	666
2	471	63
2	471	102
2	473	33
2	473	507
2	474	234
2	474	655
2	475	661
2	475	759
2	480	131
2	480	407
2	480	896
2	481	191
2	481	259
2	482	372
2	483	492
2	483	974
2	484	560
2	484	706
2	485	534
2	487	57
2	488	849
2	489	826
2	490	443
2	491	31
2	492	541
2	492	660
2	493	262
2	493	312
2	493	621
2	494	184
2	494	195
2	494	256
2	495	226
2	497	753
2	498	871
2	499	123
2	499	244
2	500	659
2	501	490
2	501	971
2	502	431
2	502	594
2	504	693
2	506	153
2	507	389
2	508	558
2	508	742
2	510	539
2	513	658
2	514	669
2	515	76
2	515	843
2	516	403
2	518	69
2	519	349
2	519	435
2	519	680
2	522	199
2	523	321
2	525	770
2	527	267
2	528	275
2	529	22
2	529	341
2	529	677
2	529	720
2	531	572
2	531	586
2	534	445
2	535	452
2	535	985
2	536	142
2	536	233
2	536	544
2	536	564
2	537	528
2	537	688
2	538	291
2	538	453
2	538	894
2	540	436
2	540	557
2	540	630
2	540	654
2	541	84
2	543	119
2	543	287
2	543	367
2	543	734
2	544	450
2	544	626
2	546	782
2	546	974
2	546	979
2	547	158
2	547	549
2	548	360
2	548	413
2	549	19
2	549	577
2	550	305
2	551	628
2	552	965
2	554	833
2	559	242
2	561	66
2	561	468
2	561	584
2	564	817
2	567	263
2	568	845
2	569	302
2	570	727
2	572	529
2	573	276
2	573	288
2	575	956
2	576	543
2	576	761
2	577	107
2	578	545
2	578	698
2	579	617
2	583	459
2	583	508
2	584	943
2	585	353
2	585	573
2	588	447
2	589	173
2	589	700
2	589	741
2	590	204
2	590	743
2	591	744
2	593	86
2	593	537
2	594	588
2	595	149
2	597	88
2	597	106
2	598	324
2	599	581
2	600	231
2	600	297
2	600	768
2	602	925
2	603	192
2	604	554
2	604	631
2	605	91
2	605	212
2	605	738
2	605	739
2	606	495
2	607	837
2	607	910
2	608	651
2	609	957
2	610	111
2	610	723
2	610	797
2	611	335
2	611	829
2	612	593
2	613	36
2	613	775
2	613	890
2	614	135
2	614	599
2	615	649
2	615	800
2	619	333
2	619	474
2	622	370
2	622	419
2	624	933
2	625	569
2	626	493
2	626	533
2	627	97
2	632	273
2	633	130
2	633	182
2	633	732
2	634	358
2	634	532
2	636	25
2	636	693
2	637	48
2	638	388
2	639	620
2	640	462
2	640	755
2	641	427
2	641	608
2	642	515
2	643	910
2	644	74
2	645	134
2	647	210
2	647	672
2	649	104
2	650	614
2	652	618
2	654	293
2	654	366
2	656	251
2	657	53
2	657	605
2	657	637
2	658	470
2	658	520
2	659	652
2	660	290
2	660	306
2	660	368
2	662	439
2	662	492
2	663	150
2	664	997
2	665	850
2	666	767
2	668	527
2	668	891
2	669	878
2	670	181
2	670	330
2	671	948
2	672	42
2	673	228
2	674	512
2	675	833
2	676	386
2	677	274
2	677	517
2	677	697
2	677	914
2	678	476
2	678	603
2	679	682
2	681	898
2	683	590
2	684	250
2	685	268
2	687	151
2	689	514
2	690	394
2	691	519
2	691	589
2	693	45
2	693	497
2	693	938
2	694	425
2	696	659
2	698	94
2	698	730
2	700	372
2	701	606
2	701	654
2	702	437
2	703	169
2	703	507
2	703	777
2	703	928
2	704	420
2	707	328
2	708	662
2	711	142
2	711	339
2	715	578
2	716	337
2	718	838
2	719	121
2	721	582
2	721	740
2	723	161
2	723	315
2	725	829
2	725	835
2	726	433
2	728	80
2	728	467
2	728	585
2	728	689
2	729	597
2	730	174
2	730	748
2	735	238
2	735	280
2	735	758
2	736	540
2	736	694
2	736	931
2	737	57
2	739	123
2	739	546
2	739	632
2	739	704
2	740	59
2	740	568
2	741	23
2	741	457
2	743	544
2	743	686
2	744	209
2	746	255
2	746	716
2	747	813
2	748	719
2	749	312
2	749	579
2	750	85
2	750	645
2	751	642
2	751	699
2	752	272
2	752	700
2	753	347
2	754	69
2	754	331
2	755	610
2	756	56
2	757	464
2	757	560
2	759	200
2	759	450
2	759	787
2	760	553
2	760	595
2	761	667
2	761	729
2	761	910
2	762	340
2	763	734
2	765	282
2	767	643
2	769	176
2	769	410
2	770	385
2	770	388
2	773	556
2	774	375
2	775	222
2	775	341
2	776	641
2	777	83
2	777	943
2	780	323
2	783	978
2	784	325
2	784	710
2	789	2
2	789	334
2	790	465
2	790	616
2	791	463
2	793	725
2	793	967
2	794	571
2	795	378
2	796	757
2	797	574
2	797	790
2	798	752
2	798	972
2	799	47
2	800	555
2	800	881
2	802	145
2	802	271
2	806	382
2	807	49
2	810	230
2	810	345
2	812	87
2	812	798
2	813	156
2	813	160
2	814	144
2	814	417
2	815	395
2	815	669
2	816	29
2	819	73
2	819	165
2	820	825
2	821	287
2	822	77
2	823	687
2	823	695
2	823	905
2	823	989
2	825	773
2	826	446
2	827	629
2	828	90
2	828	406
2	828	436
2	828	652
2	829	302
2	829	413
2	830	152
2	830	327
2	831	654
2	832	351
2	833	105
2	833	572
2	833	801
2	835	588
2	836	284
2	836	506
2	837	167
2	838	914
2	839	592
2	839	614
2	840	401
2	840	453
2	840	807
2	841	68
2	841	597
2	842	657
2	842	685
2	846	540
2	847	472
2	847	611
2	848	267
2	848	374
2	849	198
2	849	199
2	849	251
2	850	637
2	850	786
2	851	110
2	851	218
2	852	141
2	852	562
2	852	806
2	853	154
2	853	907
2	854	644
2	855	763
2	856	430
2	857	321
2	857	509
2	857	939
2	858	11
2	858	399
2	859	546
2	860	239
2	860	456
2	861	182
2	862	747
2	863	538
2	864	960
2	865	435
2	866	638
2	867	124
2	867	469
2	867	645
2	870	242
2	870	377
2	871	551
2	871	628
2	872	624
2	872	921
2	874	51
2	874	673
2	875	726
2	875	995
2	876	547
2	876	859
2	877	265
2	877	713
2	877	863
2	878	860
2	880	201
2	881	121
2	881	318
2	882	231
2	883	967
2	884	119
2	885	8
2	885	643
2	888	137
2	893	877
2	893	936
2	894	507
2	897	53
2	897	999
2	899	756
2	900	548
2	904	128
2	904	438
2	906	415
2	907	594
2	909	368
2	909	954
2	911	586
2	911	930
2	913	924
2	914	640
2	915	127
2	917	526
2	919	402
2	920	444
2	922	743
2	923	471
2	923	868
2	924	392
2	925	836
2	927	37
2	927	660
2	928	829
2	928	903
2	928	926
2	929	79
2	929	534
2	931	253
2	935	304
2	935	604
2	935	694
2	937	533
2	938	854
2	939	380
2	939	504
2	939	635
2	940	400
2	940	796
2	942	131
2	942	344
2	942	723
2	942	865
2	944	342
2	944	583
2	945	16
2	945	98
2	945	409
2	945	792
2	945	794
2	946	381
2	946	575
2	947	138
2	949	500
2	949	521
2	949	690
2	950	171
2	950	563
2	950	734
2	951	288
2	951	403
2	951	838
2	952	12
2	952	662
2	954	322
2	955	63
2	955	78
2	955	498
2	956	95
2	956	320
2	959	10
2	959	226
2	959	911
2	960	324
2	963	221
2	963	593
2	963	937
2	966	206
2	967	893
2	968	882
2	969	19
2	974	9
2	976	457
2	976	631
2	976	744
2	979	335
2	979	358
2	979	544
2	980	130
2	980	687
2	981	957
2	982	506
2	983	484
2	986	256
2	987	163
2	988	292
2	988	552
2	989	770
2	991	385
2	992	437
2	992	738
2	992	905
2	994	578
2	994	991
2	997	270
2	998	205
2	998	379
2	998	642
2	998	868
2	999	782
2	1000	413
2	1001	300
2	1001	414
2	1001	470
2	1003	383
2	1003	434
2	1004	306
2	1005	313
2	1005	476
2	1006	160
2	1007	513
2	1008	775
2	1009	14
2	1009	254
2	1014	938
2	1015	169
2	1015	537
2	1016	365
2	1016	679
2	1016	927
2	1017	225
2	1018	35
2	1018	252
2	1019	929
2	1020	529
2	1020	680
2	1021	308
2	1021	412
2	1021	565
2	1022	112
2	1022	192
2	1023	20
2	1024	284
2	1024	719
2	1026	789
2	1027	42
2	1032	58
2	1032	211
2	1033	152
2	1033	573
2	1034	362
2	1034	366
2	1034	701
2	1035	117
2	1035	598
2	1036	439
2	1037	132
2	1037	280
2	1037	559
2	1038	126
2	1038	712
2	1040	368
2	1041	7
2	1041	110
2	1041	229
2	1044	55
2	1044	89
2	1044	155
2	1044	179
2	1044	191
2	1044	343
2	1045	208
2	1046	101
2	1046	198
2	1046	779
2	1046	868
2	1047	497
2	1047	511
2	1047	804
2	1048	346
2	1050	174
2	1051	228
2	1053	382
2	1053	435
2	1054	467
2	1054	468
2	1055	93
2	1056	350
2	1056	462
2	1059	243
2	1060	394
2	1060	477
2	1060	606
2	1062	170
2	1062	629
2	1064	811
2	1065	357
2	1065	522
2	1065	977
2	1066	203
2	1067	167
2	1067	422
2	1068	249
2	1069	612
2	1071	801
2	1072	674
2	1073	448
2	1073	988
2	1074	384
2	1074	671
2	1075	585
2	1077	100
2	1077	452
2	1077	979
2	1078	686
2	1082	324
2	1082	980
2	1084	156
2	1084	201
2	1085	106
2	1085	746
2	1085	805
2	1087	75
2	1088	24
2	1088	551
2	1089	39
2	1090	433
2	1090	659
2	1091	159
2	1091	633
2	1094	274
2	1096	363
2	1096	406
2	1096	549
2	1097	61
2	1098	261
2	1098	540
2	1099	806
2	1102	283
2	1104	489
2	1105	908
2	1107	521
2	1108	581
2	1108	915
2	1109	473
2	1110	34
2	1112	247
2	1113	19
2	1113	91
2	1113	658
2	1113	714
2	1116	828
2	1118	102
2	1118	143
2	1118	785
2	1120	594
2	1120	661
2	1122	400
2	1122	814
2	1122	987
2	1123	297
2	1124	319
2	1124	465
2	1125	461
2	1126	63
2	1126	665
2	1128	21
2	1130	237
2	1130	700
2	1130	796
2	1134	611
2	1136	298
2	1138	849
2	1138	928
2	1140	287
2	1142	580
2	1142	663
2	1143	205
2	1143	482
2	1144	284
2	1146	242
2	1146	263
2	1146	487
2	1146	691
2	1147	787
2	1147	788
2	1149	69
2	1150	824
2	1151	427
2	1151	960
2	1152	239
2	1153	275
2	1154	705
2	1154	744
2	1155	607
2	1156	328
2	1158	85
2	1159	145
2	1159	187
2	1160	455
2	1160	840
2	1161	776
2	1161	910
2	1162	428
2	1163	786
2	1165	186
2	1166	979
2	1167	52
2	1169	220
2	1169	994
2	1171	608
2	1172	430
2	1173	722
2	1173	992
2	1174	637
2	1176	216
2	1177	407
2	1177	649
2	1178	150
2	1178	262
2	1178	494
2	1178	739
2	1179	280
2	1181	339
2	1181	388
2	1181	406
2	1181	736
2	1184	480
2	1185	17
2	1186	180
2	1187	769
2	1188	33
2	1190	438
2	1190	824
2	1192	977
2	1193	595
2	1193	683
2	1194	148
2	1196	236
2	1196	458
2	1196	520
2	1197	264
2	1200	109
2	1203	626
2	1204	113
2	1205	157
2	1206	306
2	1209	32
2	1209	738
2	1213	806
2	1214	543
2	1214	650
2	1215	253
2	1215	653
2	1216	374
2	1216	503
2	1218	481
2	1219	45
2	1220	457
2	1220	749
2	1220	828
2	1221	914
2	1222	529
2	1223	117
2	1224	316
2	1225	244
2	1226	170
2	1228	404
2	1228	628
2	1228	706
2	1229	379
2	1230	949
2	1232	206
2	1233	582
2	1233	721
2	1240	620
2	1240	829
2	1240	952
2	1241	572
2	1243	587
2	1244	229
2	1245	474
2	1246	278
2	1246	800
2	1247	836
2	1248	616
2	1249	734
2	1252	307
2	1252	463
2	1257	791
2	1258	402
2	1258	546
2	1262	337
2	1262	521
2	1262	655
2	1264	51
2	1264	745
2	1265	558
2	1265	947
2	1268	415
2	1269	384
2	1273	63
2	1273	449
2	1273	547
2	1274	323
2	1274	371
2	1275	197
2	1275	223
2	1275	368
2	1276	448
2	1277	154
2	1277	682
2	1277	753
2	1278	259
2	1279	601
2	1281	331
2	1281	820
2	1284	654
2	1285	204
2	1285	289
2	1285	441
2	1286	27
2	1287	95
2	1287	336
2	1289	163
2	1289	750
2	1289	816
2	1290	357
2	1290	684
2	1292	89
2	1293	814
2	1295	553
2	1297	827
2	1298	102
2	1298	663
2	1298	772
2	1300	713
2	1301	471
2	1301	589
2	1303	996
2	1304	961
2	1305	93
2	1305	361
2	1306	98
2	1306	327
2	1306	671
2	1306	672
2	1306	685
2	1307	108
2	1307	257
2	1307	488
2	1308	162
2	1308	193
2	1308	832
2	1309	324
2	1309	364
2	1310	968
2	1311	456
2	1311	509
2	1311	519
2	1312	439
2	1314	412
2	1314	621
2	1315	992
2	1316	351
2	1316	977
2	1317	393
2	1317	728
2	1317	853
2	1318	531
2	1319	933
2	1320	267
2	1321	512
2	1324	210
2	1324	942
2	1325	696
2	1328	25
2	1328	216
2	1328	360
2	1328	501
2	1329	101
2	1330	612
2	1333	755
2	1334	956
2	1335	31
2	1335	209
2	1335	249
2	1335	413
2	1335	524
2	1336	246
2	1336	280
2	1337	391
2	1337	514
2	1338	39
2	1340	882
2	1341	422
2	1342	125
2	1342	754
2	1345	344
2	1348	83
2	1350	692
2	1351	103
2	1353	366
2	1354	606
2	1355	997
2	1358	252
2	1359	123
2	1359	631
2	1359	998
2	1360	833
2	1361	372
2	1361	965
2	1366	47
2	1366	617
2	1366	782
2	1367	177
2	1367	545
2	1369	184
2	1369	770
2	1370	135
2	1370	860
2	1370	909
2	1372	38
2	1372	861
2	1373	470
2	1374	33
2	1374	281
2	1374	660
2	1375	492
2	1375	921
2	1378	513
2	1378	760
2	1379	600
2	1381	658
2	1383	14
2	1384	28
2	1385	244
2	1386	347
2	1388	335
2	1389	845
2	1390	688
2	1391	480
2	1393	561
2	1394	317
2	1395	118
2	1398	530
2	1400	82
2	1400	465
2	1400	629
2	1400	699
2	1401	389
2	1402	665
2	1402	708
2	1403	689
2	1404	503
2	1404	622
2	1405	725
2	1407	720
2	1408	133
2	1408	494
2	1408	650
2	1408	717
2	1409	140
2	1411	199
2	1411	285
2	1412	52
2	1412	705
2	1413	788
2	1414	314
2	1414	626
2	1415	158
2	1415	369
2	1415	444
2	1416	178
2	1417	261
2	1418	429
2	1418	745
2	1419	580
2	1421	428
2	1422	5
2	1422	659
2	1423	766
2	1424	198
2	1424	437
2	1427	585
2	1428	300
2	1428	704
2	1430	609
2	1430	638
2	1433	34
2	1433	489
2	1434	551
2	1434	833
2	1436	881
2	1437	43
2	1437	390
2	1437	589
2	1438	227
2	1439	228
2	1439	789
2	1440	196
2	1442	61
2	1443	202
2	1444	192
2	1446	121
2	1446	168
2	1446	822
2	1446	835
2	1447	506
2	1448	170
2	1451	11
2	1451	81
2	1452	417
2	1454	398
2	1455	386
2	1455	411
2	1455	848
2	1457	293
2	1457	746
2	1460	143
2	1460	934
2	1461	90
2	1461	284
2	1462	15
2	1466	145
2	1467	214
2	1469	434
2	1470	113
2	1471	40
2	1471	858
2	1472	758
2	1474	957
2	1475	270
2	1479	983
2	1480	301
2	1480	499
2	1482	676
2	1483	290
2	1483	924
2	1484	309
2	1485	56
2	1485	406
2	1487	560
2	1487	568
2	1488	460
2	1489	349
2	1489	913
2	1490	566
2	1490	662
2	1491	399
2	1492	478
2	1493	302
2	1493	486
2	1494	93
2	1494	150
2	1494	611
2	1495	332
2	1495	455
2	1495	538
2	1495	605
2	1499	8
2	1499	292
2	1499	675
2	1500	226
2	1500	584
2	1500	941
2	1502	141
2	1504	564
2	1505	810
2	1505	888
2	1509	80
2	1509	148
2	1509	181
2	1509	311
2	1509	610
2	1510	30
2	1511	331
2	1511	556
2	1512	47
2	1513	136
2	1514	923
2	1516	50
2	1518	95
2	1518	912
2	1519	242
2	1520	708
2	1521	237
2	1522	172
2	1522	532
2	1522	651
2	1525	325
2	1525	557
2	1527	217
2	1527	619
2	1528	348
2	1528	377
2	1528	514
2	1530	209
2	1530	544
2	1531	415
2	1532	723
2	1533	648
2	1533	765
2	1534	318
2	1534	510
2	1535	692
2	1536	138
2	1536	958
2	1538	42
2	1538	565
2	1539	271
2	1539	533
2	1539	730
2	1540	24
2	1540	187
2	1543	44
2	1543	296
2	1545	75
2	1545	231
2	1545	425
2	1545	467
2	1546	323
2	1546	597
2	1548	222
2	1549	53
2	1549	681
2	1551	395
2	1552	979
2	1553	641
2	1554	811
2	1554	981
2	1555	343
2	1555	473
2	1555	575
2	1555	939
2	1557	879
2	1558	805
2	1559	374
2	1559	752
2	1561	177
2	1561	289
2	1562	234
2	1562	344
2	1562	905
2	1563	445
2	1567	783
2	1569	446
2	1570	151
2	1572	220
2	1572	397
2	1572	840
2	1573	453
2	1574	408
2	1574	516
2	1575	594
2	1576	304
2	1577	413
2	1578	788
2	1580	327
2	1580	554
2	1581	366
2	1581	762
2	1584	262
2	1584	999
2	1585	612
2	1586	282
2	1588	283
2	1588	603
2	1591	2
2	1591	850
2	1592	427
2	1594	582
2	1595	185
2	1595	563
2	1596	372
2	1597	211
2	1597	367
2	1598	276
2	1600	224
2	1600	754
2	1601	105
2	1601	409
2	1602	278
2	1603	449
2	1603	491
2	1604	98
2	1604	162
2	1604	511
2	1604	897
2	1606	362
2	1606	405
2	1606	607
2	1606	807
2	1607	520
2	1607	775
2	1610	68
2	1610	736
2	1611	137
2	1612	57
2	1612	79
2	1613	823
2	1614	632
2	1615	208
2	1616	665
2	1617	650
2	1618	301
2	1618	480
2	1619	32
2	1622	235
2	1623	371
2	1624	387
2	1625	106
2	1625	243
2	1626	305
2	1629	268
2	1631	168
2	1631	389
2	1632	259
2	1632	995
2	1634	490
2	1634	616
2	1636	286
2	1636	336
2	1637	598
2	1641	843
2	1641	860
2	1642	779
2	1643	212
2	1643	738
2	1644	757
2	1645	272
2	1646	573
2	1646	825
2	1649	288
2	1650	791
2	1651	65
2	1651	734
2	1652	139
2	1652	475
2	1653	785
2	1658	724
2	1658	766
2	1659	787
2	1660	937
2	1662	522
2	1662	653
2	1664	774
2	1667	693
2	1669	141
2	1669	244
2	1669	436
2	1669	590
2	1670	361
2	1671	215
2	1671	444
2	1672	770
2	1673	169
2	1674	148
2	1674	459
2	1676	263
2	1677	471
2	1677	728
2	1678	474
2	1679	422
2	1679	720
2	1681	339
2	1683	548
2	1683	721
2	1685	482
2	1686	344
2	1686	463
2	1686	869
2	1689	546
2	1693	658
2	1694	178
2	1694	934
2	1696	373
2	1697	331
2	1698	485
2	1698	571
2	1698	601
2	1700	190
2	1701	315
2	1702	610
2	1703	293
2	1703	914
2	1704	529
2	1704	618
2	1706	3
2	1706	356
2	1707	404
2	1708	292
2	1708	685
2	1709	615
2	1712	998
2	1713	670
2	1714	138
2	1715	247
2	1715	499
2	1716	477
2	1716	596
2	1717	231
2	1718	8
2	1719	355
2	1719	359
2	1719	817
2	1720	664
2	1722	323
2	1724	910
2	1726	911
2	1728	823
2	1729	375
2	1730	56
2	1730	707
2	1731	763
2	1731	803
2	1732	668
2	1734	227
2	1734	888
2	1737	273
2	1739	74
2	1739	174
2	1739	426
2	1740	256
2	1740	414
2	1741	229
2	1741	360
2	1741	640
2	1742	996
2	1744	54
2	1746	72
2	1748	492
2	1749	368
2	1749	457
2	1749	578
2	1750	199
2	1750	340
2	1752	760
2	1753	236
2	1753	644
2	1753	789
2	1754	67
2	1754	403
2	1754	814
2	1756	450
2	1758	103
2	1758	433
2	1758	599
2	1759	569
2	1759	755
2	1760	299
2	1760	488
2	1762	252
2	1762	747
2	1763	214
2	1764	282
2	1764	425
2	1764	786
2	1765	12
2	1766	472
2	1767	77
2	1768	751
2	1769	116
2	1769	326
2	1770	922
2	1771	146
2	1771	703
2	1773	783
2	1774	559
2	1774	713
2	1775	363
2	1775	709
2	1779	164
2	1779	683
2	1780	29
2	1780	669
2	1780	673
2	1780	889
2	1781	413
2	1784	447
2	1784	580
2	1784	696
2	1786	460
2	1786	851
2	1789	587
2	1790	645
2	1792	161
2	1793	663
2	1794	279
2	1795	612
2	1796	224
2	1796	528
2	1799	19
2	1800	420
2	1800	715
2	1801	533
2	1802	142
2	1802	484
2	1803	130
2	1803	784
2	1804	200
2	1805	168
2	1805	512
2	1805	905
2	1806	410
2	1806	724
2	1807	790
2	1808	501
2	1809	223
2	1810	928
2	1813	898
2	1814	585
2	1814	643
2	1814	779
2	1815	534
2	1815	680
2	1816	562
2	1816	628
2	1819	62
2	1819	192
2	1819	892
2	1820	95
2	1821	524
2	1822	632
2	1824	304
2	1824	443
2	1825	220
2	1825	540
2	1825	740
2	1825	794
2	1828	328
2	1829	106
2	1830	217
2	1830	801
2	1833	345
2	1834	337
2	1836	880
2	1837	17
2	1837	358
2	1837	759
2	1838	656
2	1839	249
2	1839	901
2	1840	91
2	1840	124
2	1841	365
2	1842	598
2	1842	831
2	1846	666
2	1846	921
2	1847	31
2	1847	635
2	1847	721
2	1848	854
2	1849	140
2	1849	836
2	1849	941
2	1851	156
2	1851	364
2	1852	184
2	1852	280
2	1853	421
2	1853	637
2	1853	651
2	1854	306
2	1854	561
2	1854	605
2	1855	570
2	1856	862
2	1857	114
2	1857	639
2	1857	927
2	1858	262
2	1859	13
2	1863	203
2	1867	158
2	1867	427
2	1868	493
2	1868	648
2	1872	431
2	1873	638
2	1873	799
2	1874	46
2	1874	246
2	1874	458
2	1875	545
2	1876	682
2	1878	430
2	1878	548
2	1879	257
2	1879	590
2	1879	689
2	1880	39
2	1880	275
2	1880	830
2	1882	73
2	1886	618
2	1887	770
2	1887	841
2	1887	863
2	1887	919
2	1888	202
2	1892	293
2	1892	613
2	1893	300
2	1893	356
2	1894	502
2	1896	771
2	1897	69
2	1898	318
2	1898	657
2	1898	733
2	1901	543
2	1902	815
2	1903	297
2	1903	404
2	1903	860
2	1904	314
2	1904	731
2	1904	796
2	1905	693
2	1905	886
2	1905	941
2	1906	100
2	1906	428
2	1906	722
2	1909	338
2	1910	623
2	1910	625
2	1912	575
2	1913	245
2	1918	454
2	1919	244
2	1919	342
2	1919	464
2	1919	874
2	1921	417
2	1922	324
2	1922	336
2	1922	814
2	1922	902
2	1923	619
2	1924	698
2	1924	704
2	1925	884
2	1927	273
2	1927	480
2	1928	621
2	1928	789
2	1928	887
2	1930	401
2	1931	402
2	1933	738
2	1935	51
2	1935	175
2	1938	58
2	1939	232
2	1939	317
2	1939	777
2	1939	898
2	1941	361
2	1944	481
2	1948	927
2	1949	254
2	1952	4
2	1952	580
2	1954	537
2	1954	589
2	1956	228
2	1956	487
2	1957	157
2	1957	885
2	1958	32
2	1958	309
2	1959	50
2	1959	261
2	1962	188
2	1962	523
2	1963	445
2	1964	211
2	1964	435
2	1966	636
2	1968	56
2	1968	132
2	1968	391
2	1969	433
2	1969	535
2	1969	809
2	1969	952
2	1970	351
2	1970	661
2	1971	374
2	1971	552
2	1972	489
2	1972	533
2	1974	5
2	1974	185
2	1976	177
2	1976	990
2	1977	696
2	1978	735
2	1979	942
2	1980	378
2	1981	52
2	1981	369
2	1982	399
2	1982	710
2	1983	662
2	1984	230
2	1985	380
2	1986	627
2	1986	647
2	1987	332
2	1988	12
2	1988	118
2	1988	171
2	1988	227
2	1990	930
2	1992	348
2	1993	166
2	1993	739
2	1995	242
2	1996	146
2	1998	70
2	2000	599
2	2001	602
2	2001	847
2	2002	394
2	2002	681
2	2003	123
2	2003	362
2	2004	27
2	2004	387
2	2004	745
2	2005	35
2	2005	587
2	2006	442
2	2010	817
2	2011	267
2	2012	365
2	2012	551
2	2014	473
2	2015	598
2	2017	404
2	2018	870
2	2020	610
2	2020	905
2	2022	541
2	2023	116
2	2023	475
2	2023	703
2	2024	337
2	2024	444
2	2024	977
2	2025	701
2	2027	114
2	2027	376
2	2030	496
2	2032	191
2	2032	207
2	2034	302
2	2034	622
2	2034	725
2	2035	371
2	2036	75
2	2036	733
2	2037	991
2	2039	30
2	2039	323
2	2039	859
2	2040	158
2	2040	501
2	2041	344
2	2041	747
2	2042	286
2	2043	216
2	2043	629
2	2044	480
2	2045	124
2	2045	709
2	2045	758
2	2045	838
2	2047	774
2	2050	775
2	2051	168
2	2051	414
2	2052	129
2	2057	791
2	2058	178
2	2059	531
2	2062	844
2	2063	206
2	2063	981
2	2064	880
2	2065	418
2	2066	262
2	2067	393
2	2067	460
2	2067	665
2	2067	921
2	2069	558
2	2076	78
2	2076	532
2	2076	591
2	2077	743
2	2078	946
2	2079	285
2	2079	731
2	2080	148
2	2080	441
2	2082	579
2	2083	863
2	2084	252
2	2085	429
2	2085	667
2	2085	676
2	2086	156
2	2086	639
2	2090	144
2	2090	256
2	2090	289
2	2091	226
2	2092	463
2	2093	235
2	2093	303
2	2094	402
2	2095	142
2	2095	397
2	2096	396
2	2097	208
2	2099	755
2	2100	787
2	2101	390
2	2102	88
2	2102	184
2	2102	195
2	2102	908
2	2103	145
2	2103	707
2	2103	890
2	2104	34
2	2104	623
2	2105	20
2	2105	187
2	2105	663
2	2107	633
2	2108	649
2	2109	569
2	2109	957
2	2110	680
2	2112	53
2	2114	666
2	2115	357
2	2115	554
2	2116	304
2	2119	92
2	2119	150
2	2119	202
2	2119	335
2	2119	366
2	2119	456
2	2120	284
2	2120	433
2	2120	544
2	2121	161
2	2121	675
2	2122	852
2	2123	559
2	2124	41
2	2125	107
2	2126	560
2	2126	594
2	2127	18
2	2128	24
2	2129	395
2	2130	400
2	2131	578
2	2131	643
2	2132	39
2	2132	902
2	2133	536
2	2134	238
2	2134	714
2	2135	448
2	2136	609
2	2137	564
2	2139	268
2	2139	428
2	2140	469
2	2140	523
2	2140	869
2	2142	233
2	2142	682
2	2143	48
2	2143	685
2	2143	763
2	2143	835
2	2144	46
2	2144	484
2	2144	798
2	2145	23
2	2145	462
2	2148	929
2	2151	298
2	2151	386
2	2152	326
2	2152	652
2	2153	305
2	2153	432
2	2153	671
2	2154	614
2	2154	860
2	2156	923
2	2161	147
2	2161	442
2	2162	587
2	2163	200
2	2165	481
2	2166	45
2	2166	204
2	2168	313
2	2168	737
2	2171	71
2	2171	118
2	2171	895
2	2175	244
2	2176	310
2	2180	367
2	2181	58
2	2185	125
2	2185	251
2	2185	515
2	2185	971
2	2186	193
2	2186	341
2	2187	253
2	2188	616
2	2189	275
2	2192	258
2	2192	520
2	2193	143
2	2195	972
2	2196	70
2	2198	42
2	2199	122
2	2201	546
2	2202	289
2	2203	580
2	2207	22
2	2207	645
2	2207	831
2	2208	389
2	2211	608
2	2212	404
2	2212	613
2	2213	417
2	2216	152
2	2217	765
2	2219	439
2	2219	701
2	2221	246
2	2221	288
2	2221	729
2	2222	173
2	2222	278
2	2222	674
2	2223	240
2	2223	535
2	2226	426
2	2227	77
2	2227	988
2	2229	443
2	2231	411
2	2231	598
2	2234	16
2	2234	61
2	2235	413
2	2235	585
2	2235	612
2	2235	668
2	2236	588
2	2237	800
2	2239	600
2	2239	799
2	2241	764
2	2242	330
2	2242	370
2	2243	626
2	2244	947
2	2245	12
2	2245	706
2	2245	710
2	2245	773
2	2246	13
2	2246	342
2	2247	63
2	2247	259
2	2247	460
2	2248	555
2	2248	627
2	2249	485
2	2249	646
2	2252	596
2	2253	294
2	2254	681
2	2255	736
2	2257	80
2	2257	225
2	2258	86
2	2260	138
2	2264	17
2	2265	194
2	2265	556
2	2266	835
2	2268	30
2	2268	422
2	2269	221
2	2269	779
2	2270	400
2	2270	590
2	2271	7
2	2272	92
2	2273	366
2	2273	808
2	2274	220
2	2274	262
2	2275	749
2	2276	201
2	2276	349
2	2276	369
2	2276	593
2	2277	471
2	2277	606
2	2282	455
2	2285	95
2	2287	217
2	2287	998
2	2289	713
2	2289	740
2	2291	401
2	2291	423
2	2291	454
2	2292	60
2	2292	406
2	2293	477
2	2293	621
2	2293	812
2	2294	969
2	2295	466
2	2297	634
2	2297	903
2	2301	87
2	2301	190
2	2301	997
2	2302	325
2	2304	149
2	2305	309
2	2307	33
2	2308	218
2	2308	574
2	2309	694
2	2311	566
2	2312	224
2	2312	831
2	2313	486
2	2313	513
2	2314	563
2	2315	582
2	2315	891
2	2315	955
2	2316	315
2	2316	747
2	2317	186
2	2319	695
2	2321	929
2	2322	337
2	2324	699
2	2327	74
2	2327	162
2	2328	375
2	2329	622
2	2329	796
2	2331	124
2	2331	506
2	2332	355
2	2333	155
2	2335	693
2	2337	630
2	2337	638
2	2339	301
2	2339	392
2	2339	508
2	2340	848
2	2341	207
2	2343	50
2	2343	384
2	2343	437
2	2345	811
2	2345	924
2	2345	941
2	2345	961
2	2346	76
2	2346	998
2	2347	768
2	2348	8
2	2348	285
2	2349	344
2	2350	703
2	2351	56
2	2352	787
2	2353	91
2	2354	448
2	2354	872
2	2355	737
2	2356	371
2	2357	182
2	2358	83
2	2360	274
2	2360	871
2	2363	296
2	2363	587
2	2363	594
2	2364	599
2	2365	111
2	2365	256
2	2365	795
2	2366	421
2	2367	180
2	2368	838
2	2370	549
2	2371	20
2	2371	818
2	2375	538
2	2376	178
2	2377	696
2	2379	357
2	2379	432
2	2380	23
2	2380	850
2	2382	494
2	2383	230
2	2383	518
2	2383	773
2	2384	707
2	2384	775
2	2385	152
2	2385	264
2	2387	764
2	2388	534
2	2388	676
2	2388	985
2	2389	181
2	2390	112
2	2390	440
2	2390	592
2	2391	510
2	2392	418
2	2393	183
2	2393	338
2	2395	37
2	2395	653
2	2396	94
2	2396	197
2	2396	852
2	2397	211
2	2397	511
2	2397	618
2	2399	18
2	2399	203
2	2400	160
2	2400	623
2	2402	146
2	2402	924
2	2403	608
2	2403	649
2	2403	654
2	2404	268
2	2404	442
2	2404	697
2	2406	318
2	2406	343
2	2406	435
2	2406	822
2	2407	165
2	2407	354
2	2408	208
2	2410	25
2	2410	397
2	2410	403
2	2412	869
2	2412	905
2	2413	64
2	2414	356
2	2414	363
2	2415	628
2	2415	794
2	2419	798
2	2420	1000
2	2421	461
2	2422	44
2	2423	339
2	2424	476
2	2425	500
2	2425	933
2	2426	79
2	2426	196
2	2426	670
2	2427	503
2	2429	772
2	2431	202
2	2432	556
2	2432	757
2	2433	452
2	2435	122
2	2436	220
2	2439	723
2	2442	656
2	2444	66
2	2445	244
2	2445	657
2	2446	395
2	2447	688
2	2448	978
2	2449	445
2	2451	624
2	2452	73
2	2452	507
2	2453	70
2	2453	462
2	2453	632
2	2453	679
2	2456	273
2	2456	303
2	2457	486
2	2459	45
2	2461	81
2	2461	253
2	2461	437
2	2461	604
2	2461	898
2	2462	300
2	2463	120
2	2465	200
2	2466	954
2	2467	185
2	2467	629
2	2468	255
2	2469	251
2	2470	169
2	2470	348
2	2470	593
2	2471	464
2	2473	483
2	2476	10
2	2478	236
2	2478	695
2	2479	441
2	2479	610
2	2482	394
2	2482	424
2	2483	372
2	2484	261
2	2484	493
2	2484	606
2	2486	864
2	2488	209
2	2488	279
2	2490	669
2	2490	792
2	2491	574
2	2492	444
2	2493	569
2	2495	412
2	2496	32
2	2496	567
2	2496	675
2	2497	929
2	2498	982
2	2499	512
2	2499	671
2	2499	991
2	2501	640
2	2501	641
2	2502	245
2	2502	433
2	2503	163
2	2504	234
2	2504	425
2	2504	439
2	2504	498
2	2504	538
2	2505	223
2	2508	417
2	2509	198
2	2509	732
2	2512	645
2	2512	785
2	2513	97
2	2514	176
2	2514	206
2	2515	586
2	2516	665
2	2516	907
2	2517	201
2	2517	386
2	2518	342
2	2518	870
2	2521	254
2	2521	282
2	2521	541
2	2525	53
2	2526	378
2	2526	547
2	2526	578
2	2528	779
2	2530	24
2	2531	729
2	2532	336
2	2532	600
2	2533	427
2	2533	575
2	2534	250
2	2534	762
2	2536	603
2	2537	106
2	2537	179
2	2537	355
2	2538	246
2	2539	456
2	2540	276
2	2541	377
2	2542	30
2	2547	69
2	2547	549
2	2547	940
2	2548	258
2	2549	98
2	2550	136
2	2551	132
2	2552	74
2	2554	159
2	2554	364
2	2554	449
2	2554	910
2	2555	398
2	2557	535
2	2559	970
2	2560	257
2	2560	457
2	2560	545
2	2561	726
2	2562	105
2	2563	406
2	2563	707
2	2564	414
2	2564	626
2	2565	517
2	2566	244
2	2567	392
2	2568	360
2	2568	930
2	2569	281
2	2570	546
2	2570	689
2	2571	267
2	2572	242
2	2572	741
2	2572	773
2	2576	405
2	2576	804
2	2578	212
2	2578	725
2	2578	736
2	2580	107
2	2580	858
2	2581	585
2	2582	413
2	2584	594
2	2586	467
2	2588	790
2	2592	22
2	2593	601
2	2593	631
2	2594	879
2	2594	985
2	2595	62
2	2595	716
2	2595	996
2	2596	104
2	2596	691
2	2597	199
2	2597	316
2	2599	112
2	2599	747
2	2601	287
2	2603	438
2	2603	953
2	2604	446
2	2605	289
2	2606	167
2	2606	993
2	2608	20
2	2608	33
2	2609	297
2	2609	667
2	2613	219
2	2614	497
2	2614	836
2	2615	877
2	2616	43
2	2618	275
2	2618	471
2	2618	538
2	2619	118
2	2619	326
2	2619	674
2	2620	312
2	2621	523
2	2621	584
2	2622	526
2	2623	54
2	2623	228
2	2623	743
2	2624	620
2	2624	713
2	2626	383
2	2629	44
2	2629	357
2	2629	574
2	2629	897
2	2630	711
2	2632	796
2	2633	8
2	2634	247
2	2634	252
2	2634	272
2	2635	341
2	2635	660
2	2635	915
2	2637	539
2	2638	265
2	2638	939
2	2641	619
2	2642	591
2	2643	181
2	2643	274
2	2645	331
2	2646	126
2	2647	334
2	2647	502
2	2648	70
2	2648	452
2	2648	557
2	2649	374
2	2649	636
2	2650	58
2	2650	63
2	2650	314
2	2650	522
2	2650	580
2	2652	766
2	2652	879
2	2653	395
2	2653	544
2	2653	800
2	2653	895
2	2654	394
2	2654	656
2	2655	479
2	2655	605
2	2656	693
2	2658	315
2	2659	164
2	2659	511
2	2659	668
2	2660	528
2	2661	208
2	2661	770
2	2663	255
2	2663	765
2	2663	859
2	2664	700
2	2666	196
2	2667	371
2	2668	153
2	2669	138
2	2669	356
2	2670	516
2	2673	448
2	2673	612
2	2675	568
2	2676	650
2	2678	231
2	2682	621
2	2682	637
2	2682	917
2	2684	487
2	2684	804
2	2685	177
2	2687	453
2	2687	598
2	2688	764
2	2690	166
2	2691	71
2	2693	60
2	2693	344
2	2693	363
2	2694	35
2	2694	349
2	2694	823
2	2694	942
2	2695	76
2	2697	260
2	2697	372
2	2698	838
2	2700	89
2	2702	335
2	2702	730
2	2702	885
2	2704	154
2	2704	722
2	2704	803
2	2707	259
2	2708	753
2	2709	103
2	2709	169
2	2709	816
2	2710	329
2	2710	792
2	2711	694
2	2712	25
2	2712	200
2	2712	242
2	2713	128
2	2713	510
2	2717	280
2	2717	389
2	2717	589
2	2717	738
2	2717	916
2	2718	507
2	2720	319
2	2721	92
2	2721	160
2	2721	168
2	2722	408
2	2723	726
2	2725	90
2	2726	254
2	2726	957
2	2727	328
2	2729	102
2	2729	343
2	2729	710
2	2729	775
2	2730	654
2	2730	826
2	2732	13
2	2732	123
2	2732	958
2	2733	245
2	2735	193
2	2739	40
2	2739	141
2	2741	981
2	2742	55
2	2742	382
2	2745	144
2	2745	853
2	2747	702
2	2747	799
2	2748	266
2	2748	525
2	2751	347
2	2751	872
2	2751	875
2	2753	56
2	2753	863
2	2754	67
2	2754	165
2	2755	189
2	2756	619
2	2757	124
2	2757	143
2	2759	709
2	2760	120
2	2760	795
2	2761	644
2	2763	243
2	2763	396
2	2763	614
2	2767	436
2	2768	181
2	2768	494
2	2768	514
2	2768	590
2	2769	195
2	2773	817
2	2774	688
2	2775	431
2	2776	140
2	2776	235
2	2776	930
2	2777	602
2	2778	98
2	2778	292
2	2780	686
2	2781	340
2	2781	561
2	2782	74
2	2783	641
2	2785	485
2	2787	161
2	2787	553
2	2788	186
2	2789	68
2	2791	414
2	2791	691
2	2793	118
2	2793	663
2	2793	673
2	2794	355
2	2794	558
2	2796	34
2	2798	444
2	2798	664
2	2799	83
2	2801	175
2	2802	442
2	2802	667
2	2804	793
2	2805	159
2	2806	352
2	2807	244
2	2809	139
2	2814	385
2	2814	902
2	2815	134
2	2816	433
2	2816	559
2	2817	693
2	2819	52
2	2822	287
2	2823	174
2	2823	678
2	2824	241
2	2825	281
2	2825	508
2	2825	863
2	2827	43
2	2827	93
2	2828	973
2	2830	670
2	2831	112
2	2831	182
2	2832	84
2	2832	311
2	2833	261
2	2834	207
2	2834	299
2	2837	82
2	2840	130
2	2840	331
2	2840	381
2	2840	482
2	2840	630
2	2842	326
2	2842	455
2	2842	849
2	2844	578
2	2844	782
2	2846	781
2	2848	475
2	2848	541
2	2848	783
2	2849	307
2	2849	349
2	2849	648
2	2849	680
2	2851	337
2	2851	563
2	2852	462
2	2853	247
2	2857	727
2	2859	555
2	2859	866
2	2860	817
2	2861	971
2	2862	46
2	2862	115
2	2863	146
2	2864	297
2	2864	746
2	2865	240
2	2865	912
2	2866	117
2	2866	342
2	2866	908
2	2867	64
2	2867	515
2	2871	206
2	2872	358
2	2873	33
2	2873	416
2	2875	479
2	2877	69
2	2877	339
2	2878	943
2	2879	91
2	2879	681
2	2881	199
2	2882	527
2	2882	603
2	2882	932
2	2883	310
2	2883	424
2	2884	264
2	2885	547
2	2885	906
2	2886	711
2	2888	48
2	2888	622
2	2892	268
2	2892	312
2	2893	185
2	2895	486
2	2896	121
2	2897	323
2	2897	850
2	2898	916
2	2899	404
2	2902	19
2	2902	392
2	2905	581
2	2906	89
2	2907	725
2	2911	910
2	2915	47
2	2916	54
2	2916	556
2	2917	210
2	2919	461
2	2921	885
2	2922	389
2	2922	484
2	2922	588
2	2922	929
2	2923	609
2	2924	504
2	2925	243
2	2931	113
2	2931	420
2	2931	601
2	2931	712
2	2932	65
2	2932	77
2	2936	170
2	2936	744
2	2937	20
2	2937	785
2	2938	79
2	2940	211
2	2941	411
2	2942	524
2	2943	602
2	2943	661
2	2943	954
2	2944	101
2	2944	671
2	2946	428
2	2946	430
2	2947	191
2	2947	507
2	2947	754
2	2951	599
2	2953	256
2	2954	146
2	2954	197
2	2954	765
2	2955	750
2	2960	12
2	2961	898
2	2963	196
2	2963	483
2	2964	739
2	2966	7
2	2968	167
2	2968	669
2	2969	317
2	2970	42
2	2970	51
2	2970	563
2	2970	927
2	2971	513
2	2973	351
2	2974	503
2	2975	574
2	2975	803
2	2976	253
2	2976	495
2	2976	896
2	2977	61
2	2977	405
2	2977	474
2	2978	623
2	2978	732
2	2979	621
2	2981	736
2	2982	450
2	2986	176
2	2986	606
2	2987	923
2	2989	112
2	2992	34
2	2992	456
2	2994	568
2	2994	627
2	2994	685
2	2996	53
2	2999	205
2	2999	892
2	3000	662
2	3002	536
2	3002	633
2	3002	960
2	3003	705
2	3005	282
2	3005	925
2	3006	738
2	3007	322
2	3009	325
2	3009	409
2	3010	535
2	3010	924
2	3012	401
2	3013	591
2	3014	537
2	3015	5
2	3016	526
2	3019	388
2	3020	459
2	3021	228
2	3021	394
2	3022	134
2	3023	118
2	3024	78
2	3024	675
2	3025	240
2	3026	777
2	3027	193
2	3028	116
2	3028	345
2	3028	797
2	3028	939
2	3029	52
2	3031	128
2	3031	778
2	3032	607
2	3033	155
2	3033	617
2	3034	289
2	3034	713
2	3035	418
2	3035	834
2	3037	566
2	3038	470
2	3038	539
2	3042	298
2	3042	453
2	3043	165
2	3044	368
2	3046	344
2	3047	704
2	3047	716
2	3048	281
2	3048	472
2	3049	821
2	3050	571
2	3051	15
2	3052	390
2	3052	896
2	3053	371
2	3053	438
2	3053	444
2	3054	540
2	3055	255
2	3055	267
2	3055	316
2	3055	938
2	3056	283
2	3058	490
2	3060	501
2	3060	688
2	3060	895
2	3061	200
2	3061	261
2	3062	319
2	3062	393
2	3062	792
2	3067	186
2	3069	280
2	3070	336
2	3072	158
2	3072	500
2	3075	287
2	3076	421
2	3077	189
2	3077	883
2	3077	885
2	3079	582
2	3079	605
2	3080	337
2	3081	697
2	3083	699
2	3084	616
2	3088	922
2	3090	329
2	3091	57
2	3091	163
2	3091	961
2	3092	180
2	3092	417
2	3093	700
2	3093	940
2	3094	861
2	3095	221
2	3096	249
2	3097	71
2	3097	600
2	3099	895
2	3100	896
2	3102	597
2	3102	795
2	3102	853
2	3103	130
2	3104	402
2	3105	774
2	3106	46
2	3106	153
2	3106	413
2	3106	557
2	3109	443
2	3110	649
2	3111	782
2	3113	210
2	3116	90
2	3118	209
2	3118	696
2	3118	934
2	3120	796
2	3121	273
2	3121	942
2	3122	403
2	3124	331
2	3124	530
2	3125	87
2	3125	364
2	3125	665
2	3125	775
2	3126	694
2	3129	93
2	3133	164
2	3134	327
2	3136	958
2	3137	236
2	3137	448
2	3137	466
2	3139	527
2	3139	851
2	3140	994
2	3141	910
2	3142	3
2	3142	187
2	3143	411
2	3143	957
2	3144	343
2	3146	741
2	3147	154
2	3147	325
2	3155	760
2	3156	457
2	3157	1000
2	3158	381
2	3158	736
2	3161	529
2	3162	693
2	3163	174
2	3163	433
2	3163	613
2	3164	239
2	3165	216
2	3166	773
2	3167	489
2	3169	590
2	3170	545
2	3170	923
2	3171	228
2	3171	379
2	3172	477
2	3172	789
2	3172	852
2	3173	808
2	3173	820
2	3174	889
2	3175	48
2	3175	305
2	3175	928
2	3176	348
2	3176	366
2	3182	88
2	3182	724
2	3183	125
2	3183	177
2	3183	631
2	3184	227
2	3189	648
2	3190	650
2	3191	188
2	3191	338
2	3191	688
2	3194	627
2	3195	376
2	3195	667
2	3196	771
2	3197	740
2	3198	672
2	3198	678
2	3200	367
2	3200	623
2	3201	223
2	3201	274
2	3201	450
2	3203	309
2	3204	23
2	3204	429
2	3204	750
2	3205	356
2	3205	776
2	3206	104
2	3206	390
2	3206	790
2	3206	860
2	3208	435
2	3211	856
2	3211	864
2	3212	938
2	3214	234
2	3214	851
2	3215	1
2	3215	602
2	3216	204
2	3217	151
2	3217	756
2	3219	414
2	3219	422
2	3219	812
2	3221	109
2	3221	528
2	3222	710
2	3223	788
2	3224	766
2	3225	79
2	3225	554
2	3226	59
2	3226	160
2	3226	299
2	3226	596
2	3227	996
2	3230	128
2	3231	64
2	3231	226
2	3231	388
2	3232	347
2	3233	583
2	3234	94
2	3235	762
2	3236	467
2	3236	793
2	3236	830
2	3237	33
2	3237	378
2	3237	599
2	3237	914
2	3238	244
2	3238	937
2	3241	552
2	3242	992
2	3243	635
2	3244	490
2	3245	297
2	3246	346
2	3246	857
2	3247	317
2	3248	17
2	3248	624
2	3249	644
2	3250	727
2	3251	399
2	3252	203
2	3252	272
2	3252	580
2	3253	162
2	3253	183
2	3253	254
2	3254	939
2	3256	157
2	3256	241
2	3256	492
2	3257	369
2	3258	318
2	3260	124
2	3260	691
2	3260	840
2	3262	276
2	3262	686
2	3263	326
2	3264	52
2	3266	16
2	3266	152
2	3266	238
2	3268	636
2	3268	837
2	3269	967
2	3271	99
2	3274	322
2	3281	474
2	3282	142
2	3282	389
2	3284	997
2	3286	108
2	3286	475
2	3288	70
2	3289	10
2	3290	593
2	3291	106
2	3291	893
2	3292	258
2	3294	798
2	3295	73
2	3297	494
2	3298	845
2	3299	781
2	3300	34
2	3300	483
2	3300	550
2	3300	577
2	3303	67
2	3303	409
2	3303	674
2	3304	256
2	3305	192
2	3309	640
2	3310	704
2	3311	537
2	3312	289
2	3315	9
2	3315	75
2	3315	515
2	3315	605
2	3316	62
2	3318	115
2	3318	684
2	3320	2
2	3321	235
2	3321	290
2	3321	615
2	3323	392
2	3324	61
2	3327	610
2	3328	81
2	3328	342
2	3328	568
2	3330	692
2	3331	207
2	3332	428
2	3333	161
2	3333	451
2	3334	208
2	3334	383
2	3334	535
2	3335	532
2	3335	559
2	3335	757
2	3336	752
2	3337	647
2	3338	76
2	3338	225
2	3338	744
2	3338	783
2	3339	211
2	3341	78
2	3342	105
2	3342	669
2	3343	179
2	3343	519
2	3345	983
2	3346	237
2	3346	758
2	3348	497
2	3349	491
2	3349	697
2	3350	139
2	3351	380
2	3354	980
2	3355	6
2	3355	839
2	3357	650
2	3359	279
2	3359	992
2	3360	621
2	3361	134
2	3361	775
2	3362	487
2	3362	748
2	3366	654
2	3366	765
2	3367	72
2	3367	102
2	3367	172
2	3367	218
2	3369	711
2	3371	463
2	3371	818
2	3373	546
2	3373	651
2	3375	287
2	3376	495
2	3376	726
2	3376	929
2	3378	808
2	3379	65
2	3379	336
2	3379	971
2	3380	456
2	3380	762
2	3381	153
2	3381	913
2	3382	965
2	3383	147
2	3383	404
2	3386	753
2	3387	529
2	3387	795
2	3388	507
2	3389	676
2	3389	995
2	3392	525
2	3392	768
2	3393	216
2	3395	268
2	3396	403
2	3396	432
2	3397	834
2	3399	566
2	3400	215
2	3400	776
2	3401	489
2	3401	887
2	3402	509
2	3402	736
2	3405	71
2	3405	368
2	3405	466
2	3406	29
2	3406	910
2	3407	348
2	3408	490
2	3408	534
2	3408	778
2	3409	103
2	3410	740
2	3413	36
2	3413	217
2	3413	709
2	3415	836
2	3416	418
2	3418	330
2	3418	339
2	3419	447
2	3420	231
2	3421	754
2	3423	401
2	3423	517
2	3425	8
2	3425	352
2	3425	510
2	3426	183
2	3427	438
2	3427	627
2	3428	155
2	3428	213
2	3428	506
2	3429	611
2	3431	86
2	3431	148
2	3432	581
2	3432	738
2	3435	716
2	3435	718
2	3435	724
2	3437	505
2	3438	400
2	3438	623
2	3438	685
2	3439	624
2	3439	644
2	3440	946
2	3441	666
2	3442	332
2	3444	464
2	3445	143
2	3446	206
2	3447	457
2	3447	704
2	3448	44
2	3448	275
2	3448	433
2	3449	245
2	3450	288
2	3450	819
2	3450	931
2	3451	107
2	3451	338
2	3451	526
2	3452	226
2	3454	385
2	3455	684
2	3457	737
2	3458	176
2	3458	756
2	3459	766
2	3460	308
2	3463	619
2	3463	782
2	3464	168
2	3464	750
2	3465	552
2	3465	626
2	3466	472
2	3466	764
2	3467	77
2	3471	331
2	3473	948
2	3474	165
2	3474	196
2	3475	159
2	3475	578
2	3476	467
2	3477	58
2	3477	100
2	3479	555
2	3479	669
2	3480	302
2	3482	652
2	3483	61
2	3483	291
2	3483	356
2	3484	880
2	3485	151
2	3485	715
2	3486	723
2	3487	570
2	3487	632
2	3487	793
2	3488	189
2	3488	236
2	3488	309
2	3491	164
2	3492	928
2	3492	942
2	3494	371
2	3495	93
2	3495	486
2	3495	777
2	3496	479
2	3497	419
2	3499	201
2	3499	537
2	3500	649
2	3500	781
2	3501	82
2	3501	131
2	3503	258
2	3505	877
2	3506	450
2	3506	495
2	3509	729
2	3511	683
2	3513	561
2	3516	89
2	3516	500
2	3517	427
2	3518	193
2	3518	280
2	3518	340
2	3520	692
2	3522	422
2	3522	545
2	3523	121
2	3523	195
2	3525	33
2	3525	137
2	3525	212
2	3525	828
2	3526	601
2	3530	169
2	3530	296
2	3530	412
2	3530	629
2	3530	951
2	3531	923
2	3534	15
2	3534	675
2	3534	965
2	3535	426
2	3535	614
2	3536	918
2	3539	274
2	3539	788
2	3540	293
2	3540	697
2	3541	16
2	3544	320
2	3545	720
2	3546	170
2	3546	489
2	3547	197
2	3547	420
2	3548	541
2	3548	843
2	3549	493
2	3549	636
2	3550	205
2	3551	276
2	3552	85
2	3556	319
2	3556	418
2	3556	687
2	3558	124
2	3558	241
2	3558	307
2	3558	364
2	3558	439
2	3561	690
2	3562	760
2	3562	955
2	3564	17
2	3564	148
2	3568	73
2	3569	662
2	3569	776
2	3570	443
2	3571	388
2	3572	270
2	3573	190
2	3573	562
2	3574	114
2	3574	442
2	3575	780
2	3576	76
2	3576	492
2	3577	824
2	3578	679
2	3579	341
2	3579	455
2	3579	721
2	3583	338
2	3584	436
2	3585	90
2	3585	409
2	3587	483
2	3588	72
2	3588	249
2	3589	55
2	3589	639
2	3590	130
2	3591	998
2	3592	971
2	3594	288
2	3595	339
2	3595	441
2	3595	908
2	3596	128
2	3596	181
2	3596	394
2	3597	829
2	3599	46
2	3599	892
2	3602	261
2	3602	759
2	3604	285
2	3605	45
2	3605	230
2	3605	387
2	3605	450
2	3608	572
2	3609	518
2	3609	539
2	3611	551
2	3611	932
2	3612	187
2	3613	306
2	3613	586
2	3615	463
2	3616	490
2	3616	869
2	3617	327
2	3617	413
2	3617	496
2	3618	438
2	3618	948
2	3619	351
2	3619	706
2	3620	129
2	3621	417
2	3621	573
2	3622	123
2	3625	331
2	3625	429
2	3626	547
2	3627	670
2	3628	194
2	3630	358
2	3630	667
2	3630	914
2	3633	827
2	3634	367
2	3634	618
2	3635	6
2	3635	917
2	3637	974
2	3639	378
2	3640	393
2	3640	473
2	3642	151
2	3642	207
2	3642	260
2	3644	710
2	3645	117
2	3645	430
2	3645	656
2	3648	362
2	3648	590
2	3649	246
2	3649	410
2	3650	705
2	3652	145
2	3652	404
2	3653	737
2	3654	753
2	3656	281
2	3656	719
2	3657	101
2	3659	303
2	3659	848
2	3659	989
2	3661	503
2	3661	742
2	3662	854
2	3663	613
2	3664	997
2	3665	622
2	3666	466
2	3668	62
2	3668	465
2	3669	857
2	3670	411
2	3671	599
2	3671	608
2	3671	736
2	3672	822
2	3673	70
2	3674	243
2	3676	938
2	3677	60
2	3678	112
2	3679	626
2	3680	682
2	3681	654
2	3682	153
2	3682	959
2	3683	83
2	3683	253
2	3683	258
2	3683	425
2	3688	89
2	3688	97
2	3688	221
2	3688	360
2	3688	374
2	3688	988
2	3689	69
2	3692	554
2	3693	132
2	3693	428
2	3694	713
2	3694	809
2	3695	320
2	3696	18
2	3698	148
2	3698	678
2	3699	159
2	3699	225
2	3699	379
2	3703	67
2	3705	913
2	3706	325
2	3706	392
2	3706	588
2	3708	283
2	3710	365
2	3710	640
2	3711	94
2	3711	794
2	3711	844
2	3712	644
2	3713	616
2	3715	483
2	3715	484
2	3716	107
2	3716	284
2	3718	508
2	3718	757
2	3719	333
2	3719	384
2	3719	397
2	3720	259
2	3722	694
2	3725	81
2	3725	110
2	3725	567
2	3725	684
2	3725	714
2	3725	867
2	3727	745
2	3730	347
2	3730	482
2	3731	627
2	3732	762
2	3734	409
2	3734	598
2	3735	701
2	3736	585
2	3737	321
2	3737	657
2	3738	370
2	3739	275
2	3741	544
2	3743	302
2	3743	652
2	3745	611
2	3747	312
2	3748	337
2	3748	602
2	3748	858
2	3750	127
2	3750	391
2	3751	366
2	3751	457
2	3752	620
2	3753	385
2	3753	502
2	3757	662
2	3758	683
2	3759	550
2	3761	487
2	3762	10
2	3762	704
2	3763	99
2	3763	488
2	3765	294
2	3765	594
2	3767	546
2	3768	571
2	3769	149
2	3770	749
2	3770	956
2	3774	59
2	3774	434
2	3776	769
2	3777	136
2	3777	304
2	3777	586
2	3778	61
2	3778	803
2	3780	635
2	3782	34
2	3786	103
2	3790	13
2	3792	698
2	3792	852
2	3794	287
2	3794	895
2	3795	369
2	3795	874
2	3798	39
2	3798	152
2	3798	735
2	3799	555
2	3799	675
2	3800	46
2	3800	804
2	3801	696
2	3802	239
2	3802	264
2	3802	277
2	3802	469
2	3802	629
2	3803	408
2	3805	108
2	3805	135
2	3806	58
2	3806	516
2	3808	35
2	3808	330
2	3808	700
2	3809	789
2	3810	844
2	3810	945
2	3811	941
2	3812	181
2	3812	246
2	3814	143
2	3815	278
2	3815	300
2	3816	596
2	3817	178
2	3817	435
2	3817	557
2	3817	967
2	3818	180
2	3818	748
2	3820	331
2	3823	549
2	3823	847
2	3824	382
2	3824	779
2	3825	38
2	3826	8
2	3828	718
2	3828	943
2	3831	177
2	3831	501
2	3831	805
2	3834	734
2	3835	479
2	3836	53
2	3836	998
2	3838	489
2	3839	88
2	3839	427
2	3840	166
2	3841	203
2	3842	163
2	3842	739
2	3842	858
2	3843	93
2	3843	431
2	3843	444
2	3845	353
2	3846	324
2	3846	679
2	3848	828
2	3850	946
2	3851	216
2	3851	834
2	3852	78
2	3853	134
2	3854	831
2	3855	613
2	3855	772
2	3857	540
2	3858	1
2	3859	290
2	3860	623
2	3862	63
2	3863	187
2	3864	513
2	3864	746
2	3866	192
2	3868	282
2	3872	871
2	3874	741
2	3874	755
2	3875	423
2	3876	884
2	3877	701
2	3879	30
2	3880	207
2	3880	394
2	3880	617
2	3882	609
2	3882	936
2	3884	125
2	3884	781
2	3884	866
2	3885	140
2	3885	559
2	3888	359
2	3888	732
2	3889	240
2	3889	656
2	3890	648
2	3898	470
2	3899	562
2	3900	815
2	3901	261
2	3901	685
2	3902	233
2	3903	195
2	3904	305
2	3905	375
2	3907	400
2	3907	780
2	3909	639
2	3909	796
2	3910	773
2	3911	235
2	3912	670
2	3914	338
2	3914	447
2	3914	774
2	3915	47
2	3915	344
2	3915	663
2	3916	536
2	3916	611
2	3916	862
2	3917	196
2	3917	413
2	3917	568
2	3917	725
2	3920	662
2	3920	710
2	3920	906
2	3921	556
2	3921	717
2	3921	957
2	3922	600
2	3924	640
2	3925	73
2	3927	349
2	3927	381
2	3928	288
2	3928	303
2	3929	409
2	3930	369
2	3931	16
2	3931	65
2	3936	653
2	3937	633
2	3939	630
2	3941	759
2	3942	664
2	3942	703
2	3943	445
2	3943	642
2	3943	733
2	3944	94
2	3944	242
2	3944	550
2	3945	659
2	3945	925
2	3946	456
2	3948	498
2	3948	537
2	3950	28
2	3952	185
2	3952	273
2	3953	77
2	3954	270
2	3954	808
2	3955	102
2	3955	289
2	3955	585
2	3956	6
2	3956	106
2	3957	84
2	3959	243
2	3959	465
2	3959	606
2	3960	858
2	3961	970
2	3963	491
2	3964	366
2	3964	675
2	3965	85
2	3965	245
2	3965	863
2	3966	223
2	3966	342
2	3967	619
2	3970	695
2	3970	846
2	3972	612
2	3978	431
2	3978	437
2	3978	643
2	3983	61
2	3983	298
2	3984	220
2	3984	875
2	3985	67
2	3985	285
2	3985	937
2	3986	26
2	3986	824
2	3987	998
2	3988	450
2	3989	404
2	3989	605
2	3992	172
2	3993	994
2	3994	191
2	3994	651
2	3994	714
2	3995	36
2	3995	299
2	3996	432
2	3996	532
2	3996	645
2	3998	124
2	3998	819
2	3999	197
2	3999	683
2	3999	765
2	4000	81
2	4000	165
2	4001	83
2	4001	539
2	4001	608
2	4002	132
2	4002	336
2	4003	154
2	4003	403
2	4003	410
2	4004	266
2	4006	222
2	4006	775
2	4007	205
2	4008	2
2	4008	147
2	4010	128
2	4010	419
2	4011	694
2	4012	150
2	4013	561
2	4013	985
2	4017	661
2	4017	878
2	4019	517
2	4020	240
2	4020	660
2	4020	787
2	4020	874
2	4020	972
2	4021	29
2	4023	829
2	4024	427
2	4024	708
2	4024	750
2	4025	555
2	4025	646
2	4026	232
2	4026	365
2	4027	772
2	4028	690
2	4029	78
2	4032	490
2	4033	130
2	4033	735
2	4033	793
2	4040	21
2	4044	158
2	4045	250
2	4046	280
2	4047	693
2	4049	69
2	4052	625
2	4053	607
2	4054	659
2	4055	193
2	4056	119
2	4056	462
2	4058	628
2	4058	992
2	4059	829
2	4060	909
2	4063	667
2	4064	582
2	4066	100
2	4066	468
2	4066	633
2	4066	808
2	4068	405
2	4068	713
2	4068	716
2	4068	836
2	4071	58
2	4071	459
2	4073	798
2	4074	395
2	4074	644
2	4076	426
2	4077	219
2	4079	611
2	4080	776
2	4081	701
2	4082	507
2	4083	125
2	4084	159
2	4085	394
2	4085	613
2	4086	512
2	4086	706
2	4087	558
2	4087	620
2	4088	938
2	4089	421
2	4091	300
2	4092	53
2	4092	77
2	4092	308
2	4092	725
2	4093	502
2	4093	825
2	4094	292
2	4095	249
2	4095	584
2	4095	707
2	4096	484
2	4098	968
2	4100	140
2	4101	221
2	4101	297
2	4101	448
2	4103	627
2	4103	925
2	4104	710
2	4105	254
2	4106	114
2	4107	632
2	4109	530
2	4109	705
2	4112	746
2	4113	406
2	4114	486
2	4114	548
2	4114	594
2	4115	96
2	4115	263
2	4117	528
2	4118	54
2	4118	501
2	4119	678
2	4120	348
2	4120	621
2	4121	838
2	4122	258
2	4122	262
2	4122	281
2	4123	293
2	4123	830
2	4125	359
2	4125	809
2	4127	591
2	4128	417
2	4128	684
2	4129	552
2	4129	630
2	4130	318
2	4133	466
2	4136	876
2	4137	97
2	4140	580
2	4140	635
2	4141	337
2	4144	230
2	4144	880
2	4145	679
2	4145	714
2	4147	439
2	4148	624
2	4148	931
2	4150	116
2	4153	943
2	4154	324
2	4155	47
2	4156	283
2	4156	968
2	4158	382
2	4159	126
2	4160	216
2	4160	497
2	4160	921
2	4161	181
2	4162	7
2	4163	816
2	4164	8
2	4164	111
2	4164	910
2	4165	182
2	4166	247
2	4166	730
2	4167	93
2	4169	777
2	4169	778
2	4169	909
2	4170	846
2	4171	245
2	4171	677
2	4171	964
2	4173	229
2	4174	89
2	4175	346
2	4175	616
2	4175	694
2	4175	865
2	4176	16
2	4176	673
2	4177	136
2	4177	589
2	4177	937
2	4178	683
2	4178	839
2	4178	975
2	4180	565
2	4181	793
2	4182	73
2	4184	173
2	4185	792
2	4187	107
2	4189	758
2	4190	123
2	4191	60
2	4191	709
2	4192	152
2	4194	427
2	4196	255
2	4197	721
2	4200	169
2	4200	598
2	4201	429
2	4202	53
2	4205	768
2	4205	873
2	4206	267
2	4206	648
2	4207	72
2	4207	285
2	4208	423
2	4209	788
2	4211	57
2	4212	755
2	4213	33
2	4214	304
2	4214	604
2	4215	18
2	4215	681
2	4215	697
2	4216	656
2	4218	86
2	4218	672
2	4220	349
2	4220	871
2	4221	162
2	4221	171
2	4221	533
2	4221	883
2	4223	365
2	4225	682
2	4226	491
2	4228	180
2	4228	380
2	4228	764
2	4229	479
2	4229	563
2	4229	711
2	4233	294
2	4233	420
2	4233	866
2	4234	306
2	4236	228
2	4236	469
2	4236	617
2	4237	46
2	4237	317
2	4237	434
2	4237	474
2	4239	130
2	4239	188
2	4239	307
2	4241	760
2	4241	783
2	4241	905
2	4241	946
2	4243	806
2	4244	756
2	4247	309
2	4247	387
2	4247	428
2	4248	430
2	4248	470
2	4249	113
2	4249	279
2	4249	784
2	4249	874
2	4250	37
2	4250	366
2	4250	991
2	4253	872
2	4258	700
2	4260	436
2	4261	143
2	4261	328
2	4262	409
2	4263	350
2	4264	155
2	4265	214
2	4265	595
2	4266	433
2	4267	132
2	4268	680
2	4269	769
2	4271	66
2	4271	520
2	4271	941
2	4272	58
2	4274	493
2	4275	413
2	4275	674
2	4277	431
2	4277	536
2	4278	24
2	4278	534
2	4278	639
2	4278	723
2	4278	786
2	4279	189
2	4279	737
2	4280	88
2	4280	609
2	4281	946
2	4282	600
2	4284	205
2	4284	473
2	4285	395
2	4285	607
2	4286	969
2	4289	251
2	4290	259
2	4290	526
2	4290	566
2	4291	29
2	4291	905
2	4294	385
2	4294	560
2	4294	714
2	4295	128
2	4296	211
2	4296	481
2	4297	6
2	4298	478
2	4299	288
2	4299	303
2	4299	873
2	4300	44
2	4300	582
2	4300	748
2	4300	777
2	4301	323
2	4301	535
2	4302	373
2	4303	145
2	4303	444
2	4304	55
2	4304	358
2	4304	502
2	4305	465
2	4307	99
2	4307	168
2	4307	456
2	4308	281
2	4308	782
2	4308	825
2	4309	77
2	4311	355
2	4312	754
2	4313	193
2	4313	250
2	4313	888
2	4314	28
2	4314	106
2	4314	203
2	4314	691
2	4315	576
2	4315	597
2	4317	4
2	4317	82
2	4318	450
2	4319	676
2	4320	115
2	4322	475
2	4323	254
2	4323	397
2	4323	796
2	4323	815
2	4324	139
2	4324	642
2	4325	688
2	4326	759
2	4326	835
2	4327	462
2	4327	551
2	4328	295
2	4329	21
2	4329	183
2	4331	690
2	4335	297
2	4336	14
2	4336	689
2	4338	7
2	4338	575
2	4339	374
2	4340	603
2	4341	581
2	4343	278
2	4345	301
2	4346	279
2	4346	495
2	4348	164
2	4348	794
2	4350	206
2	4350	381
2	4350	565
2	4350	927
2	4353	219
2	4354	84
2	4354	851
2	4356	745
2	4356	941
2	4358	915
2	4359	580
2	4360	755
2	4360	825
2	4361	5
2	4361	496
2	4363	827
2	4364	548
2	4364	939
2	4365	182
2	4366	226
2	4366	439
2	4367	316
2	4368	696
2	4369	20
2	4369	484
2	4369	739
2	4369	778
2	4370	720
2	4372	223
2	4373	527
2	4374	32
2	4377	504
2	4377	518
2	4378	522
2	4379	751
2	4380	90
2	4380	440
2	4380	882
2	4381	23
2	4382	649
2	4384	908
2	4385	403
2	4385	664
2	4387	701
2	4389	490
2	4391	392
2	4392	156
2	4392	363
2	4392	635
2	4392	675
2	4393	89
2	4393	499
2	4395	907
2	4396	83
2	4396	284
2	4396	643
2	4396	703
2	4398	402
2	4398	487
2	4398	698
2	4402	521
2	4403	86
2	4403	401
2	4406	317
2	4406	391
2	4407	57
2	4409	94
2	4409	324
2	4409	660
2	4410	92
2	4411	54
2	4412	330
2	4413	236
2	4413	667
2	4414	765
2	4414	829
2	4415	544
2	4416	334
2	4416	787
2	4418	268
2	4419	247
2	4420	43
2	4420	981
2	4421	228
2	4422	291
2	4422	699
2	4422	790
2	4423	18
2	4425	644
2	4426	150
2	4427	427
2	4427	520
2	4428	458
2	4429	461
2	4429	647
2	4430	722
2	4432	157
2	4432	275
2	4434	63
2	4434	990
2	4435	907
2	4436	315
2	4436	678
2	4437	724
2	4437	906
2	4440	446
2	4441	45
2	4441	126
2	4442	95
2	4442	412
2	4443	726
2	4443	832
2	4443	919
2	4444	532
2	4445	319
2	4445	550
2	4445	570
2	4447	471
2	4447	866
2	4448	25
2	4448	365
2	4448	405
2	4453	255
2	4453	383
2	4454	714
2	4455	519
2	4455	968
2	4456	636
2	4457	867
2	4458	177
2	4458	179
2	4460	138
2	4460	313
2	4460	771
2	4461	151
2	4461	697
2	4461	975
2	4462	335
2	4462	514
2	4463	912
2	4464	467
2	4466	114
2	4467	280
2	4468	282
2	4468	311
2	4468	553
2	4469	702
2	4470	154
2	4471	187
2	4472	853
2	4475	333
2	4475	426
2	4478	170
2	4478	608
2	4479	549
2	4481	806
2	4483	981
2	4484	665
2	4485	950
2	4486	21
2	4487	587
2	4488	349
2	4489	117
2	4491	435
2	4491	616
2	4495	146
2	4497	110
2	4498	506
2	4498	813
2	4499	131
2	4499	221
2	4500	986
2	4501	830
2	4502	300
2	4502	807
2	4503	417
2	4503	841
2	4504	622
2	4506	51
2	4506	303
2	4508	293
2	4508	364
2	4508	414
2	4509	184
2	4509	409
2	4509	432
2	4512	757
2	4513	677
2	4513	850
2	4514	425
2	4515	123
2	4516	567
2	4517	254
2	4518	49
2	4519	398
2	4519	797
2	4520	708
2	4520	765
2	4521	690
2	4524	80
2	4524	226
2	4524	380
2	4524	496
2	4525	23
2	4525	373
2	4526	252
2	4527	210
2	4529	547
2	4529	806
2	4532	344
2	4533	52
2	4533	424
2	4534	77
2	4534	86
2	4534	240
2	4535	274
2	4536	211
2	4537	247
2	4538	267
2	4538	312
2	4539	87
2	4539	216
2	4539	516
2	4541	295
2	4541	727
2	4542	485
2	4543	15
2	4543	301
2	4543	649
2	4543	952
2	4544	276
2	4544	480
2	4546	964
2	4547	163
2	4547	526
2	4548	454
2	4548	758
2	4549	564
2	4549	656
2	4550	106
2	4551	357
2	4551	723
2	4551	787
2	4551	911
2	4553	137
2	4553	569
2	4553	584
2	4553	855
2	4554	159
2	4555	11
2	4555	58
2	4555	498
2	4557	1
2	4557	177
2	4557	577
2	4559	778
2	4559	828
2	4560	288
2	4560	759
2	4561	415
2	4565	191
2	4568	284
2	4569	500
2	4572	763
2	4573	265
2	4573	710
2	4574	304
2	4574	345
2	4574	455
2	4575	488
2	4577	96
2	4580	339
2	4580	456
2	4580	786
2	4581	66
2	4581	460
2	4581	573
2	4582	112
2	4582	693
2	4583	692
2	4583	731
2	4584	730
2	4586	321
2	4586	387
2	4586	403
2	4586	576
2	4589	578
2	4589	594
2	4590	404
2	4591	167
2	4591	738
2	4594	499
2	4594	531
2	4594	818
2	4594	901
2	4595	111
2	4599	309
2	4599	317
2	4599	779
2	4600	270
2	4600	327
2	4601	4
2	4602	261
2	4602	376
2	4602	568
2	4604	367
2	4605	166
2	4605	192
2	4605	676
2	4606	513
2	4608	471
2	4609	405
2	4610	201
2	4613	285
2	4614	613
2	4614	687
2	4615	50
2	4616	175
2	4616	271
2	4616	876
2	4617	120
2	4621	887
2	4621	921
2	4621	967
2	4624	34
2	4624	119
2	4624	313
2	4626	395
2	4626	673
2	4626	845
2	4626	936
2	4628	486
2	4628	579
2	4628	608
2	4629	158
2	4629	169
2	4629	769
2	4630	308
2	4630	332
2	4631	566
2	4631	589
2	4631	829
2	4632	431
2	4633	195
2	4634	244
2	4635	40
2	4635	213
2	4635	835
2	4636	281
2	4636	406
2	4636	636
2	4637	473
2	4637	896
2	4639	246
2	4639	359
2	4639	770
2	4641	249
2	4641	476
2	4641	661
2	4642	145
2	4643	33
2	4643	388
2	4644	615
2	4645	869
2	4646	935
2	4647	407
2	4648	125
2	4649	74
2	4649	599
2	4650	48
2	4650	410
2	4651	436
2	4653	354
2	4653	514
2	4653	520
2	4654	233
2	4655	899
2	4658	104
2	4658	340
2	4659	54
2	4660	219
2	4661	19
2	4661	123
2	4661	172
2	4661	310
2	4662	696
2	4664	463
2	4667	78
2	4667	329
2	4667	611
2	4668	241
2	4668	318
2	4668	924
2	4670	239
2	4670	452
2	4670	483
2	4670	816
2	4672	565
2	4674	891
2	4675	448
2	4675	740
2	4677	322
2	4678	25
2	4678	512
2	4678	515
2	4678	575
2	4679	315
2	4679	776
2	4680	651
2	4682	163
2	4682	440
2	4682	521
2	4683	307
2	4684	188
2	4684	248
2	4685	986
2	4686	138
2	4687	103
2	4687	115
2	4691	157
2	4692	126
2	4693	154
2	4693	347
2	4693	791
2	4697	425
2	4697	674
2	4698	477
2	4698	718
2	4698	988
2	4700	24
2	4700	375
2	4702	135
2	4702	269
2	4703	639
2	4703	990
2	4705	678
2	4705	846
2	4706	121
2	4706	416
2	4706	701
2	4707	70
2	4710	593
2	4711	838
2	4712	348
2	4713	712
2	4714	153
2	4714	523
2	4716	530
2	4717	778
2	4720	588
2	4721	583
2	4723	122
2	4723	184
2	4725	155
2	4725	290
2	4725	690
2	4725	938
2	4726	130
2	4726	973
2	4727	464
2	4727	494
2	4728	31
2	4729	45
2	4729	253
2	4731	171
2	4731	177
2	4731	722
2	4733	728
2	4736	204
2	4736	797
2	4737	796
2	4739	580
2	4740	413
2	4740	681
2	4741	871
2	4742	932
2	4743	243
2	4743	742
2	4744	18
2	4744	758
2	4745	139
2	4747	14
2	4747	663
2	4748	444
2	4748	542
2	4748	659
2	4749	274
2	4749	628
2	4752	191
2	4752	506
2	4752	640
2	4752	757
2	4753	564
2	4754	957
2	4755	550
2	4755	751
2	4756	767
2	4758	142
2	4758	361
2	4758	642
2	4759	644
2	4761	309
2	4762	302
2	4763	562
2	4763	734
2	4766	507
2	4766	566
2	4766	691
2	4767	198
2	4767	501
2	4768	333
2	4768	890
2	4769	117
2	4769	376
2	4769	908
2	4774	573
2	4774	673
2	4774	892
2	4775	462
2	4775	882
2	4776	146
2	4777	559
2	4780	753
2	4781	654
2	4782	947
2	4783	504
2	4786	255
2	4787	704
2	4789	21
2	4789	794
2	4789	900
2	4791	9
2	4792	692
2	4794	555
2	4795	756
2	4795	798
2	4796	52
2	4800	660
2	4800	785
2	4803	231
2	4804	82
2	4804	473
2	4805	926
2	4805	961
2	4806	241
2	4808	334
2	4809	442
2	4809	446
2	4809	598
2	4812	183
2	4812	854
2	4813	335
2	4814	325
2	4814	466
2	4816	657
2	4817	623
2	4818	732
2	4819	203
2	4819	329
2	4822	205
2	4822	720
2	4824	373
2	4825	565
2	4825	655
2	4826	301
2	4826	330
2	4826	814
2	4826	953
2	4828	551
2	4829	391
2	4830	592
2	4831	194
2	4831	312
2	4832	975
2	4833	39
2	4833	385
2	4833	605
2	4833	934
2	4834	62
2	4834	145
2	4834	170
2	4835	87
2	4835	221
2	4836	37
2	4837	440
2	4838	314
2	4838	400
2	4839	582
2	4840	108
2	4840	128
2	4840	185
2	4842	323
2	4842	545
2	4844	10
2	4847	487
2	4849	311
2	4849	350
2	4849	700
2	4849	780
2	4850	364
2	4850	619
2	4851	305
2	4851	460
2	4852	677
2	4856	2
2	4856	760
2	4857	326
2	4857	666
2	4857	698
2	4858	200
2	4859	612
2	4861	367
2	4861	577
2	4861	811
2	4861	997
2	4862	236
2	4864	490
2	4866	430
2	4866	697
2	4867	390
2	4867	606
2	4868	505
2	4869	88
2	4870	510
2	4871	589
2	4872	733
2	4873	283
2	4873	653
2	4874	432
2	4875	423
2	4877	134
2	4877	207
2	4879	54
2	4879	988
2	4880	888
2	4882	664
2	4883	394
2	4888	389
2	4888	499
2	4889	403
2	4892	291
2	4892	377
2	4895	197
2	4897	304
2	4897	320
2	4897	399
2	4897	777
2	4898	365
2	4899	712
2	4900	20
2	4902	520
2	4904	602
2	4904	795
2	4906	668
2	4907	69
2	4907	502
2	4908	265
2	4909	162
2	4909	620
2	4909	656
2	4912	570
2	4913	876
2	4914	211
2	4915	74
2	4915	289
2	4915	494
2	4916	91
2	4916	204
2	4918	72
2	4918	661
2	4918	800
2	4919	926
2	4920	195
2	4920	254
2	4921	345
2	4922	143
2	4924	266
2	4925	152
2	4927	816
2	4927	852
2	4929	691
2	4929	787
2	4930	648
2	4931	441
2	4931	707
2	4932	25
2	4932	789
2	4935	392
2	4935	639
2	4936	167
2	4936	631
2	4937	45
2	4944	425
2	4944	843
2	4945	878
2	4945	932
2	4946	342
2	4954	32
2	4954	235
2	4954	572
2	4957	663
2	4960	384
2	4960	621
2	4961	149
2	4962	626
2	4963	676
2	4964	9
2	4964	22
2	4964	647
2	4965	90
2	4965	930
2	4966	558
2	4968	11
2	4968	164
2	4968	587
2	4970	548
2	4971	79
2	4971	550
2	4972	117
2	4974	15
2	4974	461
2	4975	464
2	4975	604
2	4976	172
2	4976	709
2	4977	414
2	4981	155
2	4981	727
2	4981	870
2	4982	516
2	4983	208
2	4986	688
2	4987	144
2	4987	962
2	4988	609
2	4990	608
2	4991	75
2	4991	218
2	4991	920
2	4992	532
2	4992	646
2	4993	678
2	4994	249
2	4994	698
2	4995	71
2	4997	68
2	4997	78
2	4998	491
2	4999	271
2	5000	198
