2	-1	0
2	1	199
2	1	386
2	2	554
2	3	360
2	5	704
2	5	769
2	7	644
2	8	211
2	9	77
2	9	710
2	11	741
2	12	124
2	12	190
2	12	327
2	13	288
2	15	375
2	15	431
2	16	445
2	17	871
2	18	175
2	18	625
2	21	636
2	22	659
2	23	35
2	24	510
2	24	527
2	25	440
2	25	709
2	25	948
2	27	543
2	28	905
2	36	747
2	37	965
2	40	232
2	41	597
2	42	860
2	43	58
2	45	67
2	46	30
2	47	320
2	47	789
2	48	59
2	48	423
2	50	226
2	52	340
2	52	802
2	54	854
2	55	444
2	56	663
2	58	668
2	59	248
2	59	343
2	62	907
2	64	295
2	64	329
2	64	809
2	65	159
2	66	22
2	67	204
2	67	430
2	68	40
2	68	566
2	70	228
2	71	221
2	72	164
2	72	209
2	72	707
2	73	342
2	73	952
2	74	238
2	75	908
2	77	958
2	78	746
2	79	44
2	79	463
2	79	893
2	80	158
2	80	291
2	80	392
2	82	47
2	82	408
2	82	469
2	83	86
2	83	551
2	83	826
2	84	693
2	85	373
2	87	97
2	88	289
2	91	406
2	91	690
2	92	612
2	93	214
2	93	405
2	93	979
2	94	471
2	96	497
2	96	859
2	96	942
2	97	602
2	97	853
2	98	202
2	98	293
2	98	591
2	99	615
2	99	640
2	101	381
2	101	457
2	102	231
2	110	743
2	110	903
2	110	926
2	111	616
2	114	415
2	114	624
2	115	165
2	116	740
2	117	671
2	119	1
2	120	46
2	121	29
2	122	284
2	122	554
2	123	726
2	124	195
2	125	114
2	125	877
2	126	11
2	126	399
2	128	774
2	130	708
2	131	548
2	134	130
2	134	514
2	134	832
2	136	845
2	136	931
2	137	759
2	138	125
2	138	630
2	138	871
2	139	600
2	140	552
2	142	65
2	144	4
2	146	993
2	148	724
2	148	843
2	149	76
2	151	85
2	151	729
2	151	956
2	153	42
2	153	761
2	154	19
2	154	938
2	157	755
2	158	443
2	159	260
2	159	348
2	159	520
2	160	366
2	160	558
2	160	771
2	161	172
2	162	673
2	163	449
2	163	962
2	163	966
2	165	37
2	165	113
2	166	369
2	166	777
2	168	728
2	169	52
2	169	271
2	169	470
2	171	794
2	171	896
2	174	281
2	175	315
2	175	723
2	175	737
2	175	769
2	175	835
2	176	299
2	176	338
2	178	216
2	178	783
2	179	587
2	181	189
2	181	492
2	181	713
2	182	461
2	183	324
2	185	394
2	187	376
2	188	54
2	188	78
2	188	452
2	190	367
2	191	483
2	192	895
2	194	661
2	195	141
2	195	420
2	195	649
2	196	682
2	196	912
2	197	34
2	197	199
2	198	411
2	198	436
2	199	270
2	201	192
2	201	220
2	201	779
2	202	15
2	202	134
2	205	441
2	207	224
2	207	396
2	207	805
2	208	20
2	208	422
2	209	795
2	209	839
2	210	944
2	211	472
2	213	753
2	214	389
2	214	793
2	215	392
2	216	311
2	216	475
2	216	563
2	217	559
2	219	329
2	219	660
2	222	322
2	222	523
2	223	355
2	224	179
2	224	875
2	225	90
2	227	136
2	227	438
2	228	229
2	228	333
2	229	16
2	229	312
2	230	757
2	231	132
2	231	228
2	232	109
2	233	8
2	233	145
2	233	569
2	233	780
2	233	989
2	235	401
2	236	775
2	237	516
2	237	939
2	238	95
2	239	39
2	239	99
2	239	512
2	239	705
2	239	885
2	240	653
2	240	857
2	241	152
2	242	388
2	243	269
2	243	575
2	244	509
2	244	535
2	245	467
2	246	964
2	247	151
2	249	458
2	249	597
2	250	484
2	250	696
2	250	858
2	253	657
2	254	83
2	254	414
2	259	379
2	261	900
2	263	200
2	263	236
2	263	718
2	266	440
2	267	445
2	267	933
2	269	255
2	270	529
2	271	642
2	273	168
2	273	873
2	274	761
2	275	12
2	275	442
2	276	81
2	278	852
2	279	68
2	279	789
2	281	633
2	281	764
2	282	640
2	283	48
2	284	971
2	285	826
2	286	238
2	286	288
2	286	552
2	289	491
2	292	363
2	293	428
2	297	462
2	298	635
2	299	150
2	300	202
2	301	681
2	302	676
2	304	770
2	305	94
2	306	33
2	306	108
2	306	198
2	306	345
2	306	903
2	307	45
2	307	284
2	307	318
2	311	612
2	314	343
2	316	464
2	318	581
2	319	5
2	320	638
2	321	235
2	321	619
2	323	720
2	324	356
2	325	659
2	325	851
2	327	115
2	327	130
2	327	149
2	327	331
2	329	289
2	329	573
2	329	574
2	330	240
2	330	320
2	330	348
2	330	909
2	331	258
2	331	675
2	331	984
2	333	188
2	335	589
2	336	119
2	336	124
2	336	398
2	336	540
2	336	840
2	336	991
2	337	178
2	338	714
2	340	158
2	345	807
2	346	376
2	346	648
2	347	624
2	348	4
2	350	50
2	350	719
2	351	637
2	353	285
2	353	487
2	353	496
2	354	339
2	354	781
2	357	468
2	358	334
2	358	621
2	358	767
2	360	180
2	360	871
2	361	78
2	361	297
2	362	244
2	362	645
2	362	750
2	363	183
2	366	204
2	367	66
2	370	86
2	371	523
2	371	536
2	371	729
2	373	1
2	373	323
2	373	643
2	373	935
2	376	113
2	376	723
2	378	58
2	378	349
2	379	89
2	380	92
2	380	666
2	381	37
2	382	651
2	383	294
2	386	728
2	388	907
2	390	160
2	390	261
2	390	981
2	391	41
2	392	87
2	393	424
2	395	730
2	395	790
2	396	791
2	398	655
2	398	943
2	399	776
2	400	754
2	403	275
2	403	281
2	405	422
2	406	254
2	406	361
2	406	489
2	406	702
2	406	785
2	407	452
2	407	548
2	408	257
2	409	956
2	412	120
2	413	272
2	413	727
2	414	242
2	417	371
2	420	100
2	420	185
2	422	31
2	422	319
2	422	368
2	423	979
2	425	425
2	426	607
2	427	307
2	428	872
2	429	165
2	429	329
2	429	972
2	431	563
2	431	899
2	433	926
2	434	492
2	435	479
2	436	546
2	439	591
2	441	192
2	442	598
2	447	131
2	447	450
2	447	701
2	447	744
2	447	803
2	448	399
2	450	45
2	450	317
2	452	177
2	454	26
2	455	654
2	456	471
2	457	441
2	460	43
2	460	386
2	460	474
2	460	512
2	460	932
2	461	914
2	462	76
2	462	716
2	463	502
2	465	246
2	467	631
2	469	213
2	469	239
2	471	544
2	473	251
2	473	611
2	477	253
2	477	327
2	479	117
2	480	107
2	481	243
2	481	537
2	483	116
2	483	310
2	483	395
2	483	765
2	483	938
2	484	554
2	486	779
2	487	647
2	488	199
2	490	416
2	492	444
2	493	36
2	493	237
2	493	637
2	494	159
2	495	763
2	495	916
2	496	533
2	497	188
2	497	407
2	497	602
2	498	845
2	499	292
2	499	772
2	500	348
2	502	137
2	502	286
2	502	313
2	503	39
2	503	280
2	503	606
2	506	438
2	507	797
2	507	946
2	510	115
2	510	276
2	513	389
2	514	659
2	514	803
2	515	443
2	517	378
2	518	238
2	519	34
2	521	206
2	522	411
2	522	496
2	523	682
2	525	345
2	525	552
2	525	621
2	526	445
2	526	581
2	527	25
2	528	33
2	528	207
2	530	374
2	531	846
2	531	887
2	532	703
2	536	579
2	536	673
2	537	37
2	537	388
2	538	74
2	538	821
2	539	224
2	540	541
2	540	612
2	541	249
2	541	491
2	541	813
2	544	385
2	546	306
2	547	854
2	548	65
2	549	151
2	549	890
2	551	418
2	551	870
2	554	437
2	556	344
2	557	312
2	559	229
2	559	426
2	560	695
2	560	712
2	561	168
2	562	640
2	563	629
2	563	971
2	565	424
2	567	72
2	567	902
2	568	842
2	574	540
2	575	894
2	578	328
2	578	580
2	581	679
2	581	693
2	583	218
2	584	539
2	585	684
2	586	56
2	586	755
2	587	231
2	587	532
2	587	683
2	588	248
2	588	721
2	589	565
2	591	198
2	592	743
2	593	51
2	593	235
2	593	302
2	595	916
2	597	298
2	597	675
2	597	707
2	597	829
2	598	136
2	599	776
2	601	577
2	601	722
2	602	705
2	603	729
2	604	64
2	604	390
2	605	171
2	605	571
2	605	646
2	605	730
2	608	137
2	608	154
2	608	364
2	608	561
2	610	62
2	610	307
2	610	754
2	611	738
2	611	882
2	611	899
2	615	451
2	617	297
2	617	958
2	619	157
2	619	563
2	619	570
2	622	498
2	624	29
2	624	145
2	624	365
2	624	587
2	627	852
2	627	872
2	628	626
2	629	391
2	629	605
2	630	114
2	630	716
2	630	841
2	631	620
2	631	775
2	632	665
2	635	268
2	636	349
2	637	358
2	638	582
2	638	753
2	639	175
2	639	289
2	639	503
2	639	657
2	640	879
2	642	118
2	643	725
2	644	931
2	645	823
2	648	641
2	649	692
2	649	969
2	650	314
2	650	535
2	650	793
2	651	288
2	651	529
2	655	867
2	656	166
2	658	123
2	658	524
2	659	24
2	659	234
2	660	624
2	661	14
2	661	421
2	662	69
2	662	106
2	663	53
2	663	663
2	663	694
2	664	215
2	664	737
2	665	599
2	667	592
2	668	135
2	668	165
2	669	791
2	670	389
2	670	642
2	670	875
2	671	670
2	671	797
2	672	767
2	673	109
2	674	371
2	676	256
2	677	949
2	678	880
2	679	715
2	680	813
2	681	155
2	682	117
2	682	723
2	682	733
2	685	55
2	686	734
2	689	128
2	689	489
2	689	526
2	690	275
2	690	281
2	692	488
2	693	49
2	694	4
2	694	315
2	695	556
2	696	412
2	696	677
2	697	550
2	698	283
2	699	341
2	699	607
2	700	666
2	702	336
2	702	445
2	703	153
2	704	71
2	705	627
2	705	861
2	705	890
2	710	41
2	710	127
2	710	747
2	710	939
2	710	989
2	712	45
2	712	300
2	713	93
2	713	466
2	715	141
2	715	222
2	716	449
2	718	47
2	718	330
2	719	272
2	720	674
2	722	902
2	723	183
2	726	9
2	727	517
2	727	963
2	728	178
2	731	126
2	731	483
2	733	5
2	733	827
2	735	211
2	736	588
2	736	947
2	739	52
2	739	168
2	739	276
2	739	604
2	739	676
2	740	647
2	742	400
2	743	537
2	743	703
2	744	352
2	746	236
2	746	552
2	746	704
2	747	309
2	747	454
2	748	679
2	749	583
2	750	471
2	750	675
2	751	425
2	751	921
2	752	6
2	753	174
2	753	759
2	755	22
2	755	253
2	755	572
2	756	60
2	756	81
2	756	164
2	756	238
2	756	491
2	756	956
2	757	661
2	757	771
2	758	219
2	758	321
2	758	481
2	759	194
2	760	833
2	761	122
2	761	707
2	762	110
2	762	773
2	763	226
2	763	361
2	765	82
2	765	285
2	765	540
2	766	29
2	766	397
2	767	54
2	767	140
2	767	656
2	767	933
2	767	977
2	768	125
2	768	429
2	768	876
2	768	909
2	769	578
2	771	80
2	771	374
2	772	778
2	773	705
2	774	573
2	778	687
2	779	173
2	779	320
2	780	264
2	781	527
2	783	162
2	784	27
2	784	684
2	785	625
2	787	88
2	787	456
2	788	385
2	789	151
2	790	745
2	791	584
2	793	973
2	797	867
2	798	74
2	798	426
2	798	631
2	799	181
2	802	568
2	802	895
2	803	585
2	805	261
2	807	570
2	807	718
2	808	188
2	810	418
2	810	802
2	811	228
2	811	452
2	811	784
2	812	149
2	813	608
2	814	983
2	815	372
2	817	438
2	818	844
2	819	40
2	820	994
2	823	886
2	824	274
2	827	564
2	828	36
2	828	384
2	828	396
2	830	635
2	834	605
2	835	100
2	836	30
2	837	72
2	838	616
2	839	344
2	841	697
2	843	167
2	844	73
2	845	594
2	845	642
2	845	650
2	848	995
2	849	317
2	852	644
2	852	751
2	852	974
2	854	499
2	855	858
2	856	312
2	856	741
2	856	794
2	857	46
2	857	753
2	858	242
2	859	636
2	859	786
2	862	539
2	863	668
2	863	695
2	864	239
2	866	548
2	870	437
2	871	340
2	872	394
2	872	508
2	876	409
2	876	441
2	878	306
2	880	487
2	880	606
2	881	869
2	881	886
2	882	145
2	884	216
2	885	110
2	887	554
2	887	634
2	888	327
2	889	166
2	889	190
2	891	471
2	892	470
2	894	120
2	897	277
2	897	428
2	898	756
2	899	91
2	900	192
2	900	858
2	901	229
2	901	530
2	902	272
2	902	392
2	903	77
2	903	552
2	904	764
2	906	382
2	907	405
2	907	793
2	908	106
2	908	220
2	908	379
2	911	339
2	912	477
2	912	854
2	913	314
2	916	244
2	916	524
2	917	444
2	917	763
2	920	482
2	920	838
2	921	156
2	921	308
2	921	399
2	922	565
2	925	130
2	926	738
2	927	195
2	927	673
2	929	424
2	930	412
2	930	623
2	930	955
2	931	921
2	933	543
2	934	455
2	935	597
2	936	66
2	936	825
2	939	417
2	940	788
2	942	449
2	942	526
2	943	1
2	943	458
2	943	586
2	945	480
2	947	447
2	948	14
2	948	126
2	949	806
2	950	238
2	950	669
2	951	835
2	952	160
2	952	227
2	953	37
2	953	42
2	956	658
2	959	208
2	960	178
2	960	248
2	960	282
2	960	841
2	961	357
2	961	609
2	962	657
2	963	483
2	963	651
2	963	991
2	964	49
2	966	901
2	967	352
2	967	383
2	968	148
2	970	374
2	973	500
2	974	373
2	975	601
2	976	168
2	976	301
2	976	469
2	977	686
2	977	759
2	978	335
2	978	401
2	978	995
2	979	271
2	980	326
2	980	493
2	980	627
2	980	851
2	981	729
2	982	328
2	982	724
2	983	345
2	983	376
2	984	648
2	984	666
2	987	879
2	988	129
2	988	646
2	990	923
2	991	35
2	992	510
2	992	819
2	992	970
2	994	899
2	996	96
2	996	425
2	996	727
2	997	639
2	998	65
2	999	138
2	999	979
2	1000	533
2	1002	297
2	1002	614
2	1003	127
2	1003	265
2	1005	567
2	1005	701
2	1006	204
2	1007	285
2	1007	476
2	1007	580
2	1007	675
2	1008	889
2	1010	878
2	1011	735
2	1012	707
2	1012	880
2	1012	902
2	1013	535
2	1014	147
2	1014	691
2	1015	622
2	1017	5
2	1017	397
2	1018	408
2	1020	157
2	1020	252
2	1020	287
2	1020	809
2	1021	655
2	1021	811
2	1022	870
2	1023	456
2	1024	710
2	1026	25
2	1028	525
2	1030	346
2	1032	591
2	1033	734
2	1033	1000
2	1035	618
2	1036	236
2	1036	275
2	1036	445
2	1039	816
2	1043	57
2	1044	656
2	1046	748
2	1046	863
2	1047	446
2	1047	936
2	1048	774
2	1049	27
2	1049	198
2	1050	223
2	1051	152
2	1051	495
2	1052	311
2	1053	206
2	1053	424
2	1053	544
2	1055	489
2	1055	570
2	1056	534
2	1056	537
2	1056	817
2	1057	38
2	1059	174
2	1059	416
2	1059	977
2	1060	144
2	1060	908
2	1061	53
2	1061	438
2	1061	695
2	1062	536
2	1063	256
2	1063	962
2	1064	189
2	1064	279
2	1066	75
2	1066	684
2	1066	808
2	1067	702
2	1067	840
2	1069	257
2	1071	766
2	1074	516
2	1075	106
2	1079	571
2	1080	34
2	1080	617
2	1081	293
2	1081	545
2	1082	775
2	1084	467
2	1085	47
2	1086	32
2	1086	676
2	1088	41
2	1088	83
2	1088	930
2	1089	520
2	1089	643
2	1090	262
2	1092	239
2	1093	228
2	1094	92
2	1094	553
2	1094	995
2	1096	56
2	1096	714
2	1099	688
2	1101	132
2	1102	518
2	1103	101
2	1103	506
2	1104	640
2	1104	678
2	1106	1000
2	1108	33
2	1108	97
2	1108	663
2	1109	172
2	1109	583
2	1109	823
2	1109	969
2	1112	139
2	1112	173
2	1114	12
2	1114	783
2	1116	477
2	1117	558
2	1117	574
2	1118	860
2	1120	103
2	1123	925
2	1124	394
2	1124	737
2	1125	770
2	1127	207
2	1127	317
2	1127	637
2	1129	164
2	1129	762
2	1130	22
2	1132	18
2	1132	64
2	1132	717
2	1133	263
2	1134	226
2	1136	479
2	1137	136
2	1137	175
2	1137	238
2	1137	598
2	1138	594
2	1139	402
2	1139	809
2	1140	88
2	1140	774
2	1141	89
2	1141	372
2	1143	87
2	1143	519
2	1145	130
2	1146	210
2	1147	455
2	1147	482
2	1148	729
2	1149	620
2	1149	827
2	1150	284
2	1153	43
2	1154	249
2	1154	696
2	1155	505
2	1155	548
2	1156	67
2	1156	333
2	1158	24
2	1158	355
2	1158	432
2	1161	20
2	1163	480
2	1163	673
2	1165	140
2	1165	413
2	1165	985
2	1166	222
2	1166	408
2	1167	751
2	1168	23
2	1169	162
2	1169	251
2	1169	252
2	1170	146
2	1170	179
2	1170	615
2	1170	646
2	1170	795
2	1170	897
2	1173	492
2	1173	546
2	1173	764
2	1177	686
2	1178	49
2	1178	423
2	1179	368
2	1180	340
2	1180	448
2	1180	461
2	1183	689
2	1185	202
2	1185	364
2	1189	671
2	1191	126
2	1191	481
2	1191	746
2	1193	304
2	1195	621
2	1195	848
2	1197	345
2	1198	806
2	1199	84
2	1199	462
2	1200	326
2	1200	396
2	1200	987
2	1202	15
2	1204	533
2	1205	429
2	1206	48
2	1206	102
2	1206	259
2	1206	270
2	1207	348
2	1207	431
2	1208	386
2	1209	16
2	1209	703
2	1210	320
2	1210	973
2	1213	728
2	1214	605
2	1215	80
2	1215	888
2	1216	54
2	1216	559
2	1220	232
2	1221	208
2	1222	203
2	1222	296
2	1224	155
2	1225	237
2	1225	371
2	1225	662
2	1226	198
2	1227	311
2	1230	362
2	1230	515
2	1232	698
2	1234	473
2	1234	700
2	1235	501
2	1236	511
2	1237	684
2	1237	757
2	1238	299
2	1238	421
2	1238	964
2	1240	504
2	1240	573
2	1240	778
2	1242	765
2	1243	1
2	1244	150
2	1245	551
2	1245	708
2	1247	209
2	1247	294
2	1248	451
2	1249	625
2	1252	376
2	1252	867
2	1253	607
2	1254	63
2	1254	111
2	1254	319
2	1256	171
2	1257	52
2	1257	498
2	1257	623
2	1258	57
2	1259	129
2	1259	736
2	1260	654
2	1262	59
2	1262	527
2	1262	532
2	1263	560
2	1263	919
2	1264	160
2	1265	29
2	1265	132
2	1267	229
2	1267	246
2	1267	829
2	1271	223
2	1271	866
2	1272	98
2	1274	104
2	1274	644
2	1274	726
2	1276	189
2	1276	819
2	1280	122
2	1280	231
2	1280	484
2	1280	942
2	1282	248
2	1282	797
2	1285	564
2	1286	407
2	1287	476
2	1288	181
2	1288	994
2	1289	742
2	1289	818
2	1290	17
2	1290	833
2	1291	395
2	1291	598
2	1291	926
2	1292	41
2	1292	418
2	1293	96
2	1298	22
2	1298	488
2	1299	516
2	1299	629
2	1299	934
2	1300	583
2	1301	902
2	1303	169
2	1304	180
2	1304	603
2	1305	468
2	1305	562
2	1306	915
2	1308	141
2	1308	464
2	1308	688
2	1309	14
2	1309	35
2	1309	116
2	1312	297
2	1313	190
2	1313	540
2	1314	535
2	1315	592
2	1316	153
2	1316	309
2	1316	524
2	1316	723
2	1318	500
2	1319	495
2	1320	729
2	1320	773
2	1321	182
2	1322	579
2	1323	6
2	1324	134
2	1324	457
2	1324	570
2	1325	569
2	1325	650
2	1325	908
2	1326	295
2	1326	336
2	1326	947
2	1327	186
2	1327	382
2	1328	702
2	1330	428
2	1331	124
2	1331	522
2	1332	601
2	1332	713
2	1333	65
2	1333	144
2	1333	517
2	1335	701
2	1335	824
2	1336	133
2	1338	32
2	1338	760
2	1339	234
2	1339	496
2	1340	714
2	1340	840
2	1340	849
2	1341	430
2	1342	588
2	1343	387
2	1343	404
2	1344	308
2	1344	449
2	1345	649
2	1346	400
2	1347	12
2	1347	424
2	1347	881
2	1348	218
2	1348	408
2	1348	538
2	1348	758
2	1350	191
2	1350	215
2	1350	360
2	1351	239
2	1353	695
2	1356	615
2	1356	837
2	1357	269
2	1359	657
2	1360	513
2	1362	28
2	1362	345
2	1362	936
2	1367	561
2	1367	771
2	1369	274
2	1371	638
2	1372	273
2	1372	691
2	1373	76
2	1375	621
2	1376	61
2	1377	201
2	1378	93
2	1378	383
2	1378	924
2	1379	363
2	1379	779
2	1380	358
2	1381	333
2	1382	651
2	1383	346
2	1385	439
2	1386	437
2	1386	624
2	1386	869
2	1387	194
2	1389	86
2	1389	177
2	1389	759
2	1391	547
2	1395	337
2	1396	68
2	1396	355
2	1397	315
2	1397	558
2	1397	669
2	1399	115
2	1399	794
2	1401	318
2	1402	136
2	1402	481
2	1404	446
2	1404	882
2	1406	247
2	1408	320
2	1409	666
2	1410	91
2	1410	645
2	1411	219
2	1412	364
2	1412	498
2	1413	647
2	1414	188
2	1416	789
2	1419	105
2	1419	270
2	1419	530
2	1422	22
2	1422	206
2	1422	664
2	1423	313
2	1424	225
2	1424	598
2	1424	652
2	1426	155
2	1426	668
2	1426	766
2	1429	769
2	1430	590
2	1431	60
2	1431	69
2	1431	207
2	1431	228
2	1432	173
2	1432	203
2	1433	499
2	1433	620
2	1433	707
2	1435	227
2	1436	679
2	1436	780
2	1436	790
2	1442	121
2	1442	254
2	1442	380
2	1444	968
2	1445	137
2	1446	507
2	1446	564
2	1447	196
2	1447	700
2	1449	550
2	1450	11
2	1450	260
2	1450	559
2	1451	899
2	1452	92
2	1452	391
2	1452	718
2	1454	143
2	1455	281
2	1455	665
2	1455	814
2	1456	71
2	1456	169
2	1459	884
2	1459	902
2	1460	334
2	1461	168
2	1461	453
2	1462	350
2	1462	426
2	1463	395
2	1463	491
2	1463	724
2	1465	760
2	1467	114
2	1467	140
2	1467	537
2	1467	745
2	1468	841
2	1471	309
2	1473	89
2	1474	632
2	1474	672
2	1477	749
2	1478	62
2	1478	75
2	1478	80
2	1478	761
2	1478	816
2	1479	566
2	1479	685
2	1479	754
2	1479	915
2	1480	533
2	1480	698
2	1481	881
2	1482	702
2	1482	872
2	1483	518
2	1485	239
2	1486	792
2	1489	335
2	1491	512
2	1491	552
2	1492	113
2	1493	648
2	1494	390
2	1494	977
2	1495	458
2	1495	829
2	1496	497
2	1498	641
2	1499	396
2	1500	25
2	1500	375
2	1500	716
2	1501	209
2	1501	336
2	1502	158
2	1502	862
2	1502	897
2	1503	58
2	1505	195
2	1505	777
2	1508	44
2	1508	262
2	1509	840
2	1510	430
2	1512	514
2	1512	534
2	1513	659
2	1513	871
2	1514	548
2	1514	746
2	1515	235
2	1515	782
2	1516	287
2	1516	464
2	1516	921
2	1517	286
2	1518	305
2	1519	406
2	1519	467
2	1519	689
2	1520	597
2	1521	5
2	1524	247
2	1525	96
2	1527	179
2	1530	351
2	1531	267
2	1532	150
2	1532	199
2	1532	681
2	1533	83
2	1535	608
2	1536	328
2	1539	799
2	1540	653
2	1540	785
2	1541	175
2	1541	589
2	1541	706
2	1543	441
2	1546	160
2	1546	654
2	1547	223
2	1547	394
2	1547	614
2	1548	639
2	1549	148
2	1550	615
2	1550	898
2	1551	190
2	1554	157
2	1555	443
2	1555	547
2	1556	177
2	1556	480
2	1556	484
2	1556	858
2	1557	183
2	1557	349
2	1557	431
2	1558	509
2	1559	173
2	1559	500
2	1559	557
2	1559	755
2	1561	125
2	1562	57
2	1562	942
2	1563	70
2	1564	8
2	1564	890
2	1567	418
2	1567	554
2	1568	275
2	1568	425
2	1570	98
2	1571	658
2	1572	729
2	1574	296
2	1575	63
2	1575	483
2	1575	525
2	1579	222
2	1580	307
2	1580	545
2	1581	623
2	1581	765
2	1581	776
2	1581	869
2	1582	79
2	1582	232
2	1583	145
2	1584	594
2	1584	721
2	1585	88
2	1585	562
2	1586	333
2	1586	411
2	1588	347
2	1588	434
2	1589	66
2	1590	493
2	1591	132
2	1591	687
2	1593	673
2	1593	929
2	1594	120
2	1594	139
2	1594	821
2	1596	118
2	1596	403
2	1596	647
2	1597	105
2	1598	193
2	1599	31
2	1600	449
2	1600	611
2	1601	815
2	1603	128
2	1603	313
2	1603	331
2	1605	126
2	1605	204
2	1606	423
2	1606	533
2	1607	515
2	1607	827
2	1609	727
2	1610	1
2	1610	188
2	1610	514
2	1610	521
2	1610	956
2	1611	435
2	1611	838
2	1612	638
2	1612	797
2	1613	323
2	1613	764
2	1615	124
2	1616	203
2	1616	213
2	1618	217
2	1619	471
2	1621	405
2	1622	69
2	1624	71
2	1625	212
2	1626	159
2	1627	585
2	1628	408
2	1628	517
2	1628	527
2	1631	688
2	1631	993
2	1632	748
2	1633	826
2	1634	122
2	1635	355
2	1637	762
2	1638	715
2	1638	971
2	1641	704
2	1642	253
2	1643	219
2	1644	754
2	1645	363
2	1645	453
2	1645	457
2	1647	14
2	1647	181
2	1647	416
2	1649	634
2	1650	680
2	1652	632
2	1653	178
2	1653	555
2	1654	227
2	1654	289
2	1654	578
2	1655	56
2	1655	624
2	1656	49
2	1656	76
2	1656	723
2	1657	850
2	1660	643
2	1661	430
2	1661	983
2	1662	245
2	1664	94
2	1664	693
2	1664	773
2	1665	941
2	1666	675
2	1667	588
2	1669	15
2	1669	44
2	1669	89
2	1669	269
2	1670	531
2	1672	376
2	1673	356
2	1673	401
2	1673	902
2	1674	728
2	1674	923
2	1675	570
2	1678	720
2	1679	108
2	1679	559
2	1680	29
2	1680	709
2	1681	784
2	1682	228
2	1682	708
2	1683	86
2	1683	946
2	1684	303
2	1685	28
2	1685	117
2	1686	482
2	1687	490
2	1688	392
2	1688	683
2	1690	536
2	1691	220
2	1691	407
2	1691	738
2	1692	473
2	1693	92
2	1694	231
2	1694	424
2	1694	854
2	1695	90
2	1696	829
2	1697	851
2	1701	927
2	1702	305
2	1702	498
2	1705	353
2	1706	42
2	1708	106
2	1708	783
2	1709	964
2	1710	214
2	1710	587
2	1711	136
2	1712	539
2	1712	879
2	1714	298
2	1718	39
2	1718	566
2	1721	4
2	1721	544
2	1724	552
2	1725	281
2	1727	410
2	1729	43
2	1729	420
2	1729	946
2	1730	12
2	1732	19
2	1732	265
2	1733	615
2	1734	195
2	1734	798
2	1736	386
2	1738	162
2	1738	602
2	1739	148
2	1742	656
2	1742	984
2	1743	933
2	1744	468
2	1746	163
2	1748	685
2	1750	321
2	1750	565
2	1751	664
2	1752	9
2	1752	70
2	1753	583
2	1755	64
2	1755	247
2	1755	396
2	1756	75
2	1756	100
2	1756	368
2	1756	601
2	1757	308
2	1757	848
2	1758	428
2	1758	671
2	1758	832
2	1758	953
2	1761	711
2	1763	194
2	1763	551
2	1764	46
2	1764	676
2	1765	309
2	1765	352
2	1766	251
2	1767	255
2	1768	965
2	1769	646
2	1770	129
2	1770	442
2	1770	851
2	1770	967
2	1772	435
2	1773	224
2	1774	142
2	1775	25
2	1776	586
2	1776	846
2	1777	290
2	1778	3
2	1780	417
2	1780	944
2	1782	330
2	1783	225
2	1784	977
2	1786	77
2	1786	186
2	1791	393
2	1792	197
2	1793	147
2	1794	154
2	1794	354
2	1795	73
2	1797	36
2	1797	132
2	1797	758
2	1799	279
2	1800	605
2	1800	640
2	1800	796
2	1803	454
2	1804	474
2	1806	319
2	1806	754
2	1807	523
2	1808	364
2	1809	949
2	1811	180
2	1812	774
2	1813	447
2	1815	24
2	1815	32
2	1815	384
2	1815	692
2	1815	809
2	1816	5
2	1817	278
2	1817	291
2	1818	103
2	1818	270
2	1820	728
2	1821	581
2	1822	20
2	1822	815
2	1822	942
2	1823	143
2	1823	177
2	1823	978
2	1824	371
2	1824	418
2	1826	170
2	1827	342
2	1828	449
2	1829	398
2	1830	345
2	1830	786
2	1831	588
2	1832	274
2	1833	193
2	1834	151
2	1834	161
2	1837	316
2	1838	343
2	1838	390
2	1838	840
2	1838	909
2	1839	215
2	1839	377
2	1840	179
2	1840	332
2	1840	533
2	1841	525
2	1845	205
2	1845	964
2	1846	503
2	1847	610
2	1848	791
2	1848	944
2	1849	385
2	1851	115
2	1851	560
2	1851	633
2	1853	445
2	1853	795
2	1853	900
2	1858	486
2	1861	531
2	1862	437
2	1863	908
2	1866	314
2	1866	931
2	1867	174
2	1867	250
2	1868	50
2	1868	387
2	1868	480
2	1869	651
2	1871	570
2	1872	2
2	1873	924
2	1875	612
2	1876	153
2	1876	562
2	1876	718
2	1876	891
2	1877	413
2	1878	125
2	1878	235
2	1879	649
2	1879	880
2	1882	451
2	1882	693
2	1882	826
2	1882	988
2	1883	244
2	1883	623
2	1884	102
2	1886	66
2	1886	543
2	1886	626
2	1888	254
2	1890	189
2	1890	231
2	1894	344
2	1894	723
2	1895	84
2	1897	252
2	1897	519
2	1898	230
2	1898	272
2	1899	89
2	1899	122
2	1901	276
2	1901	520
2	1903	262
2	1904	782
2	1906	722
2	1907	113
2	1907	706
2	1908	907
2	1909	69
2	1909	530
2	1912	8
2	1912	998
2	1913	366
2	1916	427
2	1918	65
2	1919	199
2	1919	310
2	1921	568
2	1922	87
2	1922	114
2	1922	346
2	1923	109
2	1924	162
2	1924	238
2	1926	411
2	1926	432
2	1927	337
2	1928	309
2	1928	915
2	1929	409
2	1929	573
2	1929	720
2	1929	721
2	1930	655
2	1930	831
2	1933	160
2	1933	210
2	1934	51
2	1934	167
2	1935	287
2	1936	304
2	1938	438
2	1939	128
2	1940	645
2	1941	172
2	1941	223
2	1942	488
2	1944	291
2	1944	482
2	1946	37
2	1947	945
2	1948	712
2	1949	357
2	1949	772
2	1951	17
2	1951	237
2	1951	295
2	1951	477
2	1952	497
2	1953	925
2	1954	374
2	1955	206
2	1955	496
2	1955	953
2	1956	963
2	1957	284
2	1958	375
2	1959	91
2	1960	168
2	1961	248
2	1961	507
2	1963	152
2	1963	332
2	1963	550
2	1963	989
2	1965	150
2	1966	559
2	1967	163
2	1968	204
2	1968	569
2	1969	872
2	1970	625
2	1971	311
2	1972	1
2	1972	325
2	1972	342
2	1973	175
2	1973	245
2	1973	909
2	1975	616
2	1977	75
2	1977	412
2	1979	700
2	1980	323
2	1981	246
2	1982	259
2	1982	608
2	1983	391
2	1985	290
2	1985	611
2	1988	452
2	1989	483
2	1989	678
2	1990	123
2	1991	203
2	1991	250
2	1991	388
2	1993	990
2	1996	494
2	1996	661
2	1997	156
2	1997	421
2	1999	273
2	1999	277
2	1999	671
2	2001	240
2	2003	63
2	2003	441
2	2004	104
2	2004	289
2	2005	235
2	2005	242
2	2005	592
2	2005	632
2	2005	756
2	2006	179
2	2006	180
2	2006	212
2	2009	165
2	2010	386
2	2010	669
2	2010	881
2	2011	581
2	2011	795
2	2013	396
2	2013	726
2	2015	675
2	2016	48
2	2018	410
2	2019	860
2	2020	339
2	2021	696
2	2023	812
2	2025	424
2	2025	648
2	2025	658
2	2025	826
2	2026	823
2	2027	254
2	2027	361
2	2028	418
2	2028	777
2	2028	802
2	2029	130
2	2029	216
2	2030	523
2	2030	549
2	2032	41
2	2033	319
2	2033	704
2	2033	757
2	2037	443
2	2037	485
2	2037	779
2	2038	506
2	2038	620
2	2040	607
2	2041	5
2	2041	106
2	2044	571
2	2045	454
2	2046	279
2	2046	404
2	2047	96
2	2049	249
2	2050	558
2	2050	791
2	2050	967
2	2052	46
2	2054	90
2	2054	547
2	2055	416
2	2055	738
2	2056	741
2	2057	155
2	2057	194
2	2057	324
2	2058	141
2	2058	698
2	2058	719
2	2059	121
2	2059	638
2	2059	780
2	2060	191
2	2062	159
2	2063	151
2	2063	783
2	2064	28
2	2066	60
2	2069	53
2	2072	353
2	2072	684
2	2073	282
2	2074	247
2	2074	349
2	2074	387
2	2074	442
2	2074	662
2	2075	734
2	2077	271
2	2077	489
2	2077	831
2	2078	488
2	2078	763
2	2079	84
2	2080	435
2	2080	650
2	2081	54
2	2081	498
2	2081	540
2	2084	24
2	2084	583
2	2086	302
2	2088	528
2	2089	7
2	2090	715
2	2091	591
2	2091	710
2	2091	822
2	2094	871
2	2096	313
2	2099	517
2	2099	838
2	2100	401
2	2101	138
2	2101	183
2	2101	215
2	2101	530
2	2103	864
2	2105	471
2	2105	476
2	2105	910
2	2106	372
2	2108	525
2	2108	789
2	2109	331
2	2110	755
2	2110	945
2	2112	566
2	2112	626
2	2113	110
2	2113	655
2	2114	570
2	2115	733
2	2116	447
2	2116	682
2	2117	92
2	2117	774
2	2118	14
2	2118	670
2	2118	688
2	2120	695
2	2120	932
2	2122	643
2	2123	784
2	2124	185
2	2125	163
2	2126	128
2	2126	258
2	2126	406
2	2128	826
2	2129	278
2	2133	699
2	2134	433
2	2134	902
2	2135	199
2	2136	434
2	2136	513
2	2137	22
2	2137	42
2	2138	75
2	2138	261
2	2138	461
2	2139	494
2	2142	817
2	2143	27
2	2143	253
2	2143	268
2	2143	526
2	2145	727
2	2146	125
2	2148	30
2	2148	154
2	2148	233
2	2148	770
2	2149	389
2	2149	415
2	2150	482
2	2152	701
2	2154	354
2	2155	94
2	2155	430
2	2156	630
2	2156	976
2	2157	486
2	2157	562
2	2157	612
2	2158	586
2	2160	223
2	2161	65
2	2165	281
2	2165	473
2	2166	297
2	2167	436
2	2167	645
2	2169	13
2	2170	126
2	2170	205
2	2170	501
2	2171	852
2	2172	123
2	2172	988
2	2173	82
2	2174	180
2	2175	326
2	2177	298
2	2177	928
2	2179	509
2	2179	764
2	2180	417
2	2180	649
2	2182	550
2	2182	559
2	2184	290
2	2185	228
2	2185	457
2	2187	483
2	2187	666
2	2188	723
2	2189	636
2	2189	808
2	2190	212
2	2190	234
2	2190	785
2	2192	177
2	2192	295
2	2192	970
2	2193	428
2	2193	644
2	2193	794
2	2194	437
2	2195	170
2	2196	15
2	2196	62
2	2197	95
2	2197	328
2	2198	382
2	2198	613
2	2200	49
2	2200	536
2	2201	249
2	2201	657
2	2202	495
2	2202	810
2	2205	605
2	2205	672
2	2206	103
2	2208	257
2	2208	303
2	2209	108
2	2209	411
2	2209	729
2	2211	793
2	2212	134
2	2213	378
2	2213	580
2	2214	219
2	2217	450
2	2217	681
2	2218	167
2	2218	522
2	2219	370
2	2219	961
2	2220	141
2	2220	625
2	2222	396
2	2222	778
2	2223	485
2	2224	829
2	2224	845
2	2225	349
2	2225	621
2	2226	856
2	2229	341
2	2230	842
2	2232	429
2	2233	576
2	2234	237
2	2236	172
2	2237	113
2	2238	196
2	2238	397
2	2238	907
2	2241	375
2	2241	607
2	2242	296
2	2242	601
2	2243	564
2	2243	940
2	2244	208
2	2244	515
2	2245	801
2	2247	910
2	2248	186
2	2248	267
2	2251	355
2	2252	573
2	2253	439
2	2258	654
2	2259	118
2	2259	544
2	2261	350
2	2261	779
2	2262	854
2	2265	347
2	2265	441
2	2265	741
2	2268	20
2	2270	561
2	2270	570
2	2272	359
2	2273	183
2	2273	259
2	2273	689
2	2275	343
2	2276	306
2	2277	869
2	2278	143
2	2279	93
2	2279	511
2	2279	707
2	2280	377
2	2283	466
2	2285	915
2	2286	8
2	2286	717
2	2286	744
2	2291	634
2	2292	187
2	2292	383
2	2292	549
2	2294	72
2	2295	598
2	2297	398
2	2297	772
2	2300	477
2	2301	244
2	2302	696
2	2303	932
2	2304	197
2	2304	807
2	2306	230
2	2306	771
2	2308	505
2	2309	501
2	2309	792
2	2310	242
2	2310	948
2	2311	150
2	2314	569
2	2315	71
2	2316	365
2	2318	583
2	2318	604
2	2319	61
2	2321	34
2	2321	514
2	2322	207
2	2322	366
2	2323	227
2	2323	760
2	2325	516
2	2325	538
2	2325	680
2	2326	175
2	2326	404
2	2326	594
2	2328	551
2	2329	57
2	2335	30
2	2335	160
2	2336	253
2	2336	271
2	2336	422
2	2336	727
2	2339	69
2	2343	438
2	2344	388
2	2346	661
2	2346	858
2	2348	40
2	2348	917
2	2349	379
2	2349	582
2	2349	695
2	2349	845
2	2350	637
2	2350	799
2	2352	266
2	2352	694
2	2353	171
2	2353	518
2	2354	613
2	2355	721
2	2356	13
2	2357	545
2	2358	153
2	2358	173
2	2358	426
2	2360	53
2	2360	902
2	2363	148
2	2363	246
2	2363	508
2	2363	652
2	2364	987
2	2365	269
2	2366	241
2	2367	596
2	2368	264
2	2373	217
2	2374	976
2	2375	734
2	2376	470
2	2378	162
2	2380	56
2	2380	81
2	2381	424
2	2382	481
2	2383	989
2	2385	606
2	2386	834
2	2387	52
2	2387	342
2	2387	795
2	2388	48
2	2389	393
2	2389	520
2	2391	43
2	2391	369
2	2393	368
2	2394	249
2	2394	982
2	2395	111
2	2395	329
2	2395	600
2	2397	192
2	2398	117
2	2398	321
2	2398	679
2	2399	326
2	2399	389
2	2399	718
2	2400	401
2	2400	686
2	2402	96
2	2402	588
2	2404	612
2	2405	141
2	2406	202
2	2406	591
2	2406	614
2	2409	46
2	2410	110
2	2411	376
2	2412	259
2	2412	616
2	2412	752
2	2414	220
2	2414	666
2	2415	272
2	2415	298
2	2415	776
2	2417	446
2	2417	803
2	2417	961
2	2418	282
2	2418	285
2	2419	178
2	2420	165
2	2423	993
2	2425	286
2	2425	732
2	2426	428
2	2426	766
2	2427	50
2	2427	995
2	2428	78
2	2428	689
2	2431	44
2	2432	163
2	2432	337
2	2433	386
2	2435	380
2	2435	641
2	2435	903
2	2437	417
2	2439	194
2	2440	21
2	2441	375
2	2442	134
2	2442	570
2	2444	626
2	2445	6
2	2445	625
2	2446	154
2	2448	121
2	2448	496
2	2450	921
2	2452	740
2	2455	260
2	2456	236
2	2457	427
2	2462	104
2	2462	308
2	2462	515
2	2463	638
2	2463	676
2	2465	146
2	2466	507
2	2469	208
2	2469	808
2	2471	495
2	2474	12
2	2474	305
2	2474	410
2	2476	653
2	2477	112
2	2477	124
2	2477	509
2	2477	645
2	2478	554
2	2479	664
2	2479	685
2	2480	86
2	2480	229
2	2483	763
2	2484	567
2	2485	290
2	2485	295
2	2485	560
2	2485	724
2	2486	59
2	2486	197
2	2486	367
2	2486	535
2	2488	333
2	2489	541
2	2490	647
2	2490	731
2	2492	473
2	2493	769
2	2494	230
2	2494	458
2	2494	512
2	2494	584
2	2495	501
2	2496	734
2	2497	460
2	2498	334
2	2498	361
2	2498	767
2	2499	170
2	2499	722
2	2499	930
2	2500	986
2	2501	463
2	2502	414
2	2503	89
2	2504	671
2	2507	468
2	2508	823
2	2509	665
2	2510	907
2	2511	41
2	2511	68
2	2511	159
2	2511	639
2	2513	624
2	2514	103
2	2514	247
2	2514	572
2	2516	508
2	2516	573
2	2516	667
2	2518	411
2	2518	760
2	2520	227
2	2520	372
2	2520	483
2	2521	53
2	2521	287
2	2521	607
2	2522	338
2	2522	556
2	2523	166
2	2527	239
2	2527	747
2	2527	917
2	2528	534
2	2528	859
2	2529	265
2	2529	400
2	2530	63
2	2531	902
2	2532	204
2	2532	867
2	2533	709
2	2534	869
2	2535	498
2	2537	219
2	2537	586
2	2538	23
2	2538	565
2	2539	255
2	2542	528
2	2542	759
2	2543	656
2	2546	640
2	2547	76
2	2547	279
2	2547	765
2	2551	459
2	2552	6
2	2553	398
2	2555	14
2	2555	186
2	2555	736
2	2558	793
2	2559	258
2	2559	385
2	2559	796
2	2559	825
2	2560	199
2	2560	325
2	2560	975
2	2561	834
2	2563	17
2	2563	374
2	2564	721
2	2568	635
2	2570	453
2	2571	581
2	2571	708
2	2575	297
2	2575	301
2	2576	262
2	2577	404
2	2580	548
2	2581	165
2	2582	108
2	2582	344
2	2582	918
2	2583	966
2	2584	123
2	2585	587
2	2586	413
2	2586	923
2	2588	306
2	2589	664
2	2592	289
2	2593	222
2	2594	779
2	2595	72
2	2596	182
2	2596	669
2	2596	787
2	2598	205
2	2601	151
2	2601	373
2	2603	176
2	2603	320
2	2604	19
2	2604	144
2	2604	723
2	2604	785
2	2604	985
2	2607	901
2	2609	618
2	2612	532
2	2612	617
2	2613	84
2	2613	654
2	2614	738
2	2616	312
2	2618	61
2	2619	871
2	2620	819
2	2621	711
2	2622	570
2	2626	22
2	2630	647
2	2631	21
2	2631	233
2	2631	884
2	2632	564
2	2633	256
2	2634	175
2	2635	7
2	2636	377
2	2637	71
2	2637	393
2	2637	714
2	2637	988
2	2638	102
2	2643	116
2	2643	394
2	2643	422
2	2643	487
2	2644	54
2	2646	513
2	2646	716
2	2647	153
2	2647	695
2	2648	462
2	2649	858
2	2650	613
2	2653	49
2	2653	745
2	2656	224
2	2656	315
2	2657	359
2	2657	529
2	2657	659
2	2657	825
2	2658	853
2	2659	18
2	2659	731
2	2659	760
2	2662	383
2	2664	390
2	2666	870
2	2667	687
2	2667	811
2	2668	331
2	2668	335
2	2670	69
2	2670	273
2	2670	309
2	2670	646
2	2671	171
2	2672	986
2	2674	387
2	2675	539
2	2676	636
2	2676	683
2	2677	730
2	2677	803
2	2678	13
2	2678	157
2	2678	966
2	2679	549
2	2680	480
2	2681	30
2	2681	845
2	2682	726
2	2687	211
2	2687	518
2	2688	26
2	2689	440
2	2692	88
2	2693	155
2	2693	506
2	2694	51
2	2694	735
2	2695	226
2	2695	438
2	2696	33
2	2698	788
2	2699	597
2	2699	869
2	2700	595
2	2700	633
2	2700	657
2	2700	993
2	2702	259
2	2702	642
2	2703	607
2	2704	955
2	2708	835
2	2708	886
2	2710	145
2	2710	545
2	2710	561
2	2711	442
2	2712	143
2	2712	697
2	2712	736
2	2713	358
2	2713	499
2	2713	658
2	2713	691
2	2714	428
2	2714	661
2	2714	764
2	2715	104
2	2715	296
2	2717	494
2	2717	684
2	2718	305
2	2720	22
2	2720	126
2	2720	478
2	2720	854
2	2722	94
2	2722	221
2	2722	574
2	2723	389
2	2723	899
2	2724	590
2	2724	708
2	2726	748
2	2727	1
2	2727	629
2	2727	799
2	2731	119
2	2732	470
2	2733	464
2	2733	885
2	2735	223
2	2735	237
2	2737	216
2	2737	443
2	2737	902
2	2738	379
2	2739	261
2	2740	473
2	2742	803
2	2743	349
2	2744	552
2	2746	420
2	2747	95
2	2747	402
2	2747	458
2	2749	186
2	2749	756
2	2750	321
2	2750	753
2	2751	586
2	2753	406
2	2754	519
2	2754	934
2	2756	399
2	2757	248
2	2757	776
2	2757	862
2	2758	364
2	2760	386
2	2760	596
2	2760	906
2	2761	80
2	2762	568
2	2762	792
2	2763	721
2	2764	64
2	2764	382
2	2767	418
2	2772	587
2	2774	770
2	2775	681
2	2776	766
2	2777	295
2	2777	673
2	2778	86
2	2779	424
2	2779	524
2	2780	603
2	2781	491
2	2781	496
2	2781	955
2	2783	128
2	2783	474
2	2784	177
2	2784	441
2	2784	645
2	2786	44
2	2788	241
2	2789	251
2	2789	505
2	2789	927
2	2790	355
2	2790	665
2	2791	497
2	2792	231
2	2792	361
2	2792	626
2	2796	639
2	2798	498
2	2798	682
2	2802	278
2	2803	6
2	2806	649
2	2808	370
2	2808	846
2	2811	401
2	2812	90
2	2813	308
2	2814	139
2	2814	462
2	2814	608
2	2815	195
2	2815	213
2	2817	239
2	2819	734
2	2821	761
2	2824	526
2	2825	359
2	2827	490
2	2829	252
2	2832	230
2	2832	374
2	2832	541
2	2832	542
2	2833	689
2	2833	980
2	2835	664
2	2836	4
2	2836	688
2	2838	20
2	2839	605
2	2840	132
2	2842	114
2	2842	763
2	2842	963
2	2844	266
2	2844	354
2	2845	396
2	2845	461
2	2846	344
2	2846	728
2	2847	336
2	2848	129
2	2848	391
2	2848	977
2	2849	582
2	2849	592
2	2852	448
2	2854	203
2	2854	747
2	2856	432
2	2857	609
2	2857	829
2	2859	376
2	2861	794
2	2862	276
2	2864	523
2	2864	548
2	2865	31
2	2865	419
2	2867	735
2	2868	299
2	2869	812
2	2869	853
2	2871	765
2	2872	258
2	2873	226
2	2873	785
2	2874	253
2	2874	465
2	2876	160
2	2876	414
2	2877	254
2	2877	854
2	2878	249
2	2879	66
2	2881	112
2	2881	489
2	2881	530
2	2882	650
2	2882	905
2	2885	181
2	2885	457
2	2886	452
2	2886	494
2	2887	718
2	2888	267
2	2889	82
2	2891	757
2	2892	37
2	2892	980
2	2893	531
2	2893	559
2	2893	741
2	2893	832
2	2894	152
2	2895	33
2	2895	164
2	2896	775
2	2897	83
2	2900	788
2	2900	907
2	2901	725
2	2901	900
2	2903	55
2	2903	197
2	2904	874
2	2905	204
2	2905	937
2	2906	246
2	2906	324
2	2908	319
2	2908	884
2	2909	366
2	2910	39
2	2911	459
2	2912	8
2	2912	192
2	2912	591
2	2913	26
2	2914	243
2	2918	670
2	2918	674
2	2920	783
2	2921	700
2	2922	430
2	2923	445
2	2923	527
2	2923	534
2	2923	644
2	2924	14
2	2924	287
2	2924	880
2	2926	131
2	2927	73
2	2927	925
2	2929	117
2	2930	21
2	2930	247
2	2930	686
2	2931	406
2	2931	566
2	2932	439
2	2934	347
2	2934	409
2	2934	661
2	2936	638
2	2937	917
2	2939	961
2	2940	12
2	2940	92
2	2942	635
2	2942	695
2	2944	375
2	2945	1
2	2946	151
2	2947	350
2	2947	727
2	2948	269
2	2948	816
2	2949	168
2	2951	651
2	2952	53
2	2952	473
2	2953	199
2	2953	335
2	2953	533
2	2953	951
2	2954	163
2	2955	893
2	2956	640
2	2958	208
2	2958	602
2	2961	301
2	2963	297
2	2963	786
2	2964	440
2	2964	784
2	2965	851
2	2966	554
2	2967	50
2	2967	209
2	2967	751
2	2970	316
2	2970	678
2	2970	712
2	2972	250
2	2973	46
2	2973	286
2	2973	697
2	2974	508
2	2977	541
2	2978	363
2	2978	517
2	2979	506
2	2980	32
2	2982	123
2	2982	207
2	2982	311
2	2982	682
2	2983	115
2	2986	593
2	2987	158
2	2987	190
2	2988	760
2	2991	294
2	2991	601
2	2991	631
2	2992	377
2	2993	387
2	2995	623
2	2997	38
2	2997	149
2	2997	218
2	2999	258
2	2999	927
2	2999	965
2	3000	77
2	3000	572
2	3000	893
2	3000	926
2	3003	748
2	3007	737
2	3011	177
2	3011	698
2	3012	599
2	3015	79
2	3015	315
2	3016	6
2	3016	306
2	3018	284
2	3018	437
2	3019	318
2	3021	40
2	3021	54
2	3021	568
2	3021	709
2	3022	180
2	3024	379
2	3024	380
2	3024	611
2	3025	268
2	3025	338
2	3025	483
2	3026	140
2	3027	256
2	3028	606
2	3029	282
2	3029	332
2	3029	436
2	3030	114
2	3030	392
2	3030	578
2	3030	758
2	3030	909
2	3031	642
2	3033	645
2	3035	663
2	3036	386
2	3036	993
2	3037	513
2	3037	545
2	3040	733
2	3041	85
2	3041	580
2	3042	394
2	3042	529
2	3042	755
2	3042	789
2	3043	756
2	3044	126
2	3044	771
2	3046	227
2	3046	344
2	3047	461
2	3047	730
2	3048	520
2	3048	666
2	3049	275
2	3049	498
2	3049	894
2	3050	313
2	3051	263
2	3052	189
2	3054	446
2	3054	454
2	3055	773
2	3057	408
2	3058	759
2	3059	119
2	3060	248
2	3063	249
2	3063	402
2	3064	290
2	3064	681
2	3065	738
2	3066	67
2	3066	654
2	3069	110
2	3069	229
2	3069	683
2	3070	514
2	3074	671
2	3076	590
2	3077	655
2	3078	584
2	3079	124
2	3082	323
2	3082	628
2	3083	18
2	3083	287
2	3083	938
2	3084	192
2	3084	692
2	3085	51
2	3085	880
2	3086	796
2	3087	259
2	3088	7
2	3090	169
2	3090	364
2	3090	725
2	3092	856
2	3093	41
2	3093	547
2	3094	765
2	3097	253
2	3097	762
2	3097	921
2	3098	262
2	3098	276
2	3098	687
2	3098	933
2	3100	75
2	3101	89
2	3101	384
2	3101	525
2	3101	718
2	3102	277
2	3103	403
2	3105	401
2	3107	448
2	3107	516
2	3108	144
2	3108	199
2	3108	391
2	3108	835
2	3108	951
2	3109	643
2	3111	917
2	3113	183
2	3115	649
2	3117	929
2	3118	280
2	3123	172
2	3123	358
2	3124	174
2	3124	596
2	3126	272
2	3127	575
2	3127	819
2	3130	524
2	3131	143
2	3132	64
2	3133	451
2	3134	990
2	3135	720
2	3136	638
2	3137	699
2	3137	988
2	3138	635
2	3140	251
2	3140	505
2	3140	749
2	3140	778
2	3141	753
2	3141	795
2	3142	42
2	3143	562
2	3146	202
2	3146	371
2	3148	405
2	3149	608
2	3150	101
2	3150	674
2	3151	729
2	3153	728
2	3156	450
2	3156	970
2	3157	997
2	3160	148
2	3160	849
2	3161	572
2	3162	271
2	3162	706
2	3164	815
2	3165	285
2	3167	959
2	3167	980
2	3169	437
2	3170	330
2	3171	133
2	3171	310
2	3171	623
2	3173	257
2	3173	416
2	3173	756
2	3175	497
2	3175	776
2	3178	69
2	3178	297
2	3179	951
2	3180	531
2	3181	771
2	3182	68
2	3185	53
2	3185	96
2	3186	715
2	3187	12
2	3187	417
2	3190	648
2	3190	707
2	3190	813
2	3191	5
2	3191	289
2	3192	479
2	3192	976
2	3193	373
2	3196	368
2	3197	104
2	3198	641
2	3198	703
2	3199	366
2	3201	167
2	3201	433
2	3201	693
2	3202	546
2	3202	561
2	3202	740
2	3203	273
2	3203	537
2	3203	792
2	3203	908
2	3205	60
2	3205	993
2	3206	471
2	3208	352
2	3208	780
2	3209	414
2	3210	397
2	3210	956
2	3212	711
2	3212	743
2	3212	784
2	3214	102
2	3215	646
2	3215	721
2	3216	990
2	3219	8
2	3219	624
2	3219	781
2	3220	73
2	3220	673
2	3221	211
2	3221	579
2	3222	805
2	3224	609
2	3225	258
2	3226	774
2	3227	315
2	3227	507
2	3227	777
2	3227	883
2	3229	162
2	3229	464
2	3229	485
2	3229	535
2	3229	543
2	3230	2
2	3230	884
2	3231	193
2	3232	139
2	3232	515
2	3233	539
2	3233	568
2	3233	815
2	3235	367
2	3235	924
2	3236	249
2	3236	391
2	3236	398
2	3236	550
2	3236	704
2	3237	43
2	3237	65
2	3237	181
2	3238	38
2	3239	761
2	3239	999
2	3242	400
2	3243	798
2	3244	440
2	3245	610
2	3245	719
2	3248	58
2	3248	82
2	3249	40
2	3249	52
2	3250	530
2	3252	413
2	3253	238
2	3253	937
2	3254	318
2	3255	449
2	3255	670
2	3256	683
2	3257	252
2	3257	419
2	3257	491
2	3257	542
2	3257	840
2	3258	645
2	3258	672
2	3258	930
2	3259	407
2	3260	205
2	3261	354
2	3262	415
2	3267	171
2	3268	529
2	3269	967
2	3270	341
2	3271	671
2	3273	751
2	3274	406
2	3274	445
2	3274	587
2	3274	713
2	3275	140
2	3276	106
2	3276	615
2	3277	279
2	3278	492
2	3280	867
2	3282	131
2	3282	495
2	3283	516
2	3285	708
2	3289	37
2	3289	953
2	3290	21
2	3291	189
2	3291	384
2	3292	54
2	3292	332
2	3293	968
2	3295	70
2	3295	163
2	3295	788
2	3295	901
2	3296	465
2	3296	637
2	3297	151
2	3297	512
2	3297	513
2	3297	738
2	3298	301
2	3299	927
2	3301	783
2	3303	237
2	3305	319
2	3305	659
2	3305	745
2	3306	385
2	3306	476
2	3307	467
2	3310	431
2	3313	536
2	3316	641
2	3317	344
2	3318	836
2	3319	417
2	3319	505
2	3319	553
2	3320	456
2	3320	696
2	3321	971
2	3322	936
2	3323	900
2	3323	908
2	3324	649
2	3325	439
2	3325	920
2	3326	919
2	3328	525
2	3329	377
2	3330	296
2	3330	782
2	3331	647
2	3332	76
2	3332	532
2	3332	892
2	3333	185
2	3335	644
2	3336	951
2	3337	546
2	3337	669
2	3338	29
2	3339	418
2	3341	797
2	3342	395
2	3342	481
2	3342	583
2	3343	118
2	3343	694
2	3344	678
2	3345	95
2	3345	323
2	3346	275
2	3348	175
2	3348	603
2	3350	253
2	3351	506
2	3351	887
2	3351	924
2	3352	361
2	3352	620
2	3354	693
2	3355	117
2	3357	853
2	3358	242
2	3358	570
2	3361	455
2	3361	631
2	3362	612
2	3363	320
2	3363	687
2	3363	968
2	3364	176
2	3365	77
2	3365	270
2	3365	372
2	3367	462
2	3367	796
2	3367	992
2	3370	473
2	3370	994
2	3371	347
2	3371	401
2	3371	779
2	3371	914
2	3372	480
2	3374	138
2	3375	486
2	3375	622
2	3375	839
2	3375	895
2	3376	655
2	3378	110
2	3378	619
2	3379	758
2	3379	802
2	3381	170
2	3382	926
2	3383	933
2	3384	69
2	3385	184
2	3385	786
2	3385	898
2	3386	574
2	3387	666
2	3387	861
2	3389	78
2	3389	673
2	3390	430
2	3391	410
2	3394	27
2	3395	150
2	3395	215
2	3395	470
2	3396	61
2	3396	120
2	3399	310
2	3399	992
2	3400	402
2	3401	177
2	3406	571
2	3406	813
2	3408	266
2	3408	549
2	3408	893
2	3409	585
2	3409	629
2	3409	781
2	3410	172
2	3411	259
2	3411	582
2	3412	941
2	3413	557
2	3413	642
2	3413	819
2	3415	614
2	3416	128
2	3416	192
2	3416	735
2	3418	362
2	3418	787
2	3418	895
2	3419	509
2	3419	761
2	3420	646
2	3421	489
2	3421	528
2	3421	747
2	3422	604
2	3423	300
2	3424	133
2	3424	617
2	3424	628
2	3425	45
2	3426	566
2	3426	864
2	3428	326
2	3428	995
2	3429	588
2	3430	125
2	3430	891
2	3431	624
2	3431	880
2	3432	222
2	3432	765
2	3437	53
2	3437	60
2	3437	398
2	3438	294
2	3440	442
2	3440	609
2	3440	926
2	3441	221
2	3441	452
2	3441	469
2	3442	305
2	3445	65
2	3445	394
2	3446	623
2	3446	958
2	3447	283
2	3447	589
2	3448	388
2	3448	751
2	3448	754
2	3449	456
2	3449	675
2	3451	119
2	3451	514
2	3451	805
2	3452	714
2	3453	712
2	3457	137
2	3457	580
2	3457	602
2	3458	131
2	3459	345
2	3459	501
2	3460	74
2	3460	443
2	3460	599
2	3461	338
2	3464	46
2	3464	674
2	3465	186
2	3465	901
2	3467	479
2	3468	978
2	3469	91
2	3470	13
2	3472	741
2	3473	7
2	3473	653
2	3474	153
2	3474	530
2	3475	423
2	3476	733
2	3477	951
2	3478	130
2	3480	556
2	3480	738
2	3481	219
2	3482	496
2	3483	28
2	3483	194
2	3483	793
2	3483	876
2	3485	694
2	3487	397
2	3488	853
2	3490	690
2	3492	193
2	3493	484
2	3493	742
2	3494	709
2	3495	941
2	3497	906
2	3499	94
2	3500	37
2	3501	426
2	3504	625
2	3506	772
2	3507	755
2	3508	234
2	3510	258
2	3511	800
2	3511	819
2	3512	968
2	3513	290
2	3513	703
2	3514	554
2	3514	616
2	3514	916
2	3515	21
2	3517	108
2	3519	165
2	3519	759
2	3519	786
2	3520	396
2	3521	136
2	3522	36
2	3523	490
2	3524	49
2	3524	340
2	3524	460
2	3524	746
2	3528	321
2	3529	502
2	3529	713
2	3530	788
2	3531	239
2	3532	494
2	3532	715
2	3532	914
2	3534	392
2	3535	216
2	3535	414
2	3536	159
2	3538	225
2	3540	80
2	3541	92
2	3541	143
2	3542	26
2	3542	251
2	3543	409
2	3544	419
2	3544	791
2	3544	974
2	3545	161
2	3546	691
2	3546	706
2	3549	889
2	3551	29
2	3551	178
2	3553	606
2	3553	917
2	3556	150
2	3556	384
2	3557	111
2	3557	358
2	3561	394
2	3561	467
2	3562	77
2	3562	405
2	3562	534
2	3563	248
2	3563	262
2	3563	794
2	3564	126
2	3564	355
2	3564	942
2	3566	381
2	3568	862
2	3569	156
2	3570	877
2	3571	569
2	3571	630
2	3573	403
2	3574	12
2	3575	660
2	3576	543
2	3576	655
2	3576	965
2	3577	605
2	3578	205
2	3578	374
2	3579	673
2	3580	139
2	3580	333
2	3581	347
2	3581	352
2	3582	3
2	3583	782
2	3585	291
2	3585	395
2	3586	444
2	3586	664
2	3586	708
2	3586	876
2	3587	257
2	3587	785
2	3587	938
2	3588	329
2	3589	771
2	3590	650
2	3591	391
2	3592	455
2	3592	474
2	3593	310
2	3596	280
2	3596	361
2	3597	528
2	3597	578
2	3597	768
2	3598	35
2	3599	799
2	3600	286
2	3600	859
2	3601	385
2	3603	294
2	3605	44
2	3606	81
2	3607	765
2	3608	790
2	3609	324
2	3610	789
2	3611	276
2	3611	652
2	3612	89
2	3612	787
2	3613	192
2	3613	253
2	3613	581
2	3615	607
2	3615	849
2	3617	182
2	3617	732
2	3618	658
2	3618	861
2	3621	719
2	3622	56
2	3623	18
2	3624	878
2	3625	614
2	3626	379
2	3626	520
2	3626	538
2	3627	173
2	3627	731
2	3628	837
2	3628	908
2	3630	208
2	3630	542
2	3632	388
2	3633	71
2	3633	301
2	3635	180
2	3635	226
2	3636	241
2	3636	461
2	3636	517
2	3638	96
2	3639	167
2	3639	603
2	3640	678
2	3640	982
2	3641	729
2	3645	76
2	3645	360
2	3645	516
2	3650	60
2	3650	171
2	3652	509
2	3653	689
2	3658	85
2	3661	23
2	3662	134
2	3662	242
2	3662	749
2	3662	820
2	3664	684
2	3664	769
2	3666	564
2	3666	622
2	3669	868
2	3670	775
2	3670	843
2	3671	8
2	3671	703
2	3672	214
2	3672	867
2	3672	951
2	3674	638
2	3674	710
2	3675	39
2	3677	423
2	3678	354
2	3679	235
2	3680	938
2	3680	955
2	3681	31
2	3681	246
2	3682	334
2	3682	879
2	3686	132
2	3686	239
2	3686	856
2	3689	548
2	3689	817
2	3689	845
2	3690	498
2	3690	670
2	3690	903
2	3691	705
2	3691	753
2	3693	233
2	3694	357
2	3696	806
2	3697	129
2	3697	402
2	3697	531
2	3699	33
2	3699	155
2	3699	392
2	3699	599
2	3700	149
2	3703	511
2	3703	535
2	3704	143
2	3704	481
2	3707	414
2	3708	160
2	3708	999
2	3709	195
2	3710	590
2	3711	587
2	3712	166
2	3712	869
2	3713	188
2	3718	202
2	3718	359
2	3721	74
2	3722	577
2	3723	362
2	3725	431
2	3725	900
2	3726	37
2	3726	777
2	3727	318
2	3730	845
2	3732	600
2	3733	349
2	3734	316
2	3734	409
2	3735	740
2	3736	476
2	3736	523
2	3737	164
2	3740	270
2	3741	45
2	3742	512
2	3742	881
2	3743	679
2	3745	162
2	3746	153
2	3746	321
2	3747	24
2	3747	126
2	3747	624
2	3749	418
2	3750	27
2	3750	621
2	3750	978
2	3751	785
2	3752	120
2	3752	185
2	3752	572
2	3752	936
2	3752	993
2	3754	268
2	3754	634
2	3755	110
2	3755	267
2	3755	491
2	3756	158
2	3757	847
2	3758	117
2	3758	319
2	3758	565
2	3758	846
2	3759	890
2	3760	144
2	3761	156
2	3765	561
2	3766	290
2	3766	425
2	3767	10
2	3767	949
2	3767	994
2	3768	877
2	3769	631
2	3769	910
2	3772	131
2	3772	616
2	3773	707
2	3775	256
2	3775	819
2	3776	251
2	3777	288
2	3777	395
2	3780	867
2	3781	75
2	3781	779
2	3781	801
2	3782	172
2	3782	501
2	3782	524
2	3782	546
2	3783	554
2	3784	389
2	3787	642
2	3787	995
2	3789	597
2	3790	227
2	3791	406
2	3791	730
2	3792	77
2	3792	100
2	3792	232
2	3793	786
2	3794	266
2	3794	419
2	3796	90
2	3796	91
2	3796	415
2	3796	593
2	3799	292
2	3800	432
2	3802	558
2	3802	612
2	3803	175
2	3803	340
2	3804	412
2	3805	68
2	3805	754
2	3806	308
2	3806	446
2	3808	428
2	3808	755
2	3809	17
2	3811	106
2	3811	138
2	3811	696
2	3812	541
2	3813	282
2	3815	196
2	3817	179
2	3817	959
2	3818	330
2	3818	540
2	3818	586
2	3818	763
2	3818	933
2	3819	57
2	3819	738
2	3820	672
2	3821	485
2	3822	640
2	3823	650
2	3824	614
2	3825	94
2	3826	885
2	3826	887
2	3827	611
2	3828	529
2	3828	690
2	3828	694
2	3829	638
2	3829	662
2	3831	58
2	3831	506
2	3832	847
2	3833	663
2	3834	467
2	3836	396
2	3841	168
2	3842	799
2	3844	899
2	3845	954
2	3846	191
2	3847	154
2	3847	271
2	3848	346
2	3851	20
2	3851	607
2	3853	361
2	3853	629
2	3853	667
2	3853	742
2	3854	560
2	3855	381
2	3856	29
2	3856	225
2	3857	85
2	3858	760
2	3860	700
2	3864	169
2	3864	193
2	3866	528
2	3867	61
2	3867	352
2	3868	246
2	3869	660
2	3871	482
2	3872	792
2	3874	95
2	3876	840
2	3877	489
2	3877	711
2	3877	780
2	3878	249
2	3878	849
2	3879	573
2	3879	648
2	3879	895
2	3880	727
2	3881	119
2	3881	181
2	3884	335
2	3884	952
2	3885	488
2	3887	487
2	3888	577
2	3890	43
2	3890	333
2	3891	475
2	3893	752
2	3894	460
2	3895	695
2	3895	842
2	3897	301
2	3897	447
2	3899	297
2	3899	708
2	3899	732
2	3900	229
2	3900	510
2	3900	668
2	3901	623
2	3902	417
2	3904	429
2	3904	746
2	3907	6
2	3907	183
2	3910	439
2	3911	198
2	3911	342
2	3911	385
2	3912	481
2	3912	491
2	3912	794
2	3915	220
2	3915	455
2	3916	332
2	3916	383
2	3916	891
2	3917	356
2	3918	221
2	3918	687
2	3918	993
2	3922	37
2	3922	905
2	3923	82
2	3923	124
2	3923	362
2	3924	226
2	3924	421
2	3925	76
2	3925	248
2	3926	853
2	3927	30
2	3929	234
2	3931	148
2	3931	341
2	3931	404
2	3932	141
2	3932	758
2	3934	714
2	3935	313
2	3935	789
2	3935	914
2	3936	772
2	3938	35
2	3939	78
2	3939	557
2	3940	15
2	3940	363
2	3941	137
2	3942	522
2	3943	209
2	3943	442
2	3943	709
2	3945	84
2	3945	849
2	3946	597
2	3947	552
2	3948	705
2	3948	962
2	3949	243
2	3949	300
2	3950	590
2	3950	850
2	3951	788
2	3952	382
2	3953	368
2	3953	526
2	3953	532
2	3954	173
2	3954	425
2	3955	595
2	3956	431
2	3957	350
2	3957	937
2	3958	339
2	3958	389
2	3959	79
2	3959	303
2	3959	359
2	3964	167
2	3964	292
2	3964	467
2	3966	469
2	3966	641
2	3967	72
2	3967	433
2	3967	981
2	3970	281
2	3970	513
2	3970	622
2	3971	875
2	3971	905
2	3972	155
2	3973	939
2	3974	377
2	3975	517
2	3976	380
2	3976	669
2	3976	749
2	3978	757
2	3978	767
2	3979	605
2	3980	621
2	3980	654
2	3981	44
2	3982	176
2	3982	308
2	3982	918
2	3983	567
2	3984	744
2	3984	747
2	3985	549
2	3986	663
2	3987	123
2	3988	197
2	3988	208
2	3988	347
2	3989	111
2	3989	501
2	3990	46
2	3991	598
2	3991	961
2	3992	154
2	3993	694
2	3993	969
2	3996	150
2	3996	568
2	3997	216
2	4002	246
2	4002	327
2	4003	288
2	4004	378
2	4007	348
2	4007	698
2	4009	58
2	4009	576
2	4011	825
2	4012	87
2	4012	427
2	4012	486
2	4012	555
2	4013	40
2	4013	675
2	4016	472
2	4017	227
2	4017	674
2	4019	502
2	4019	782
2	4021	500
2	4022	982
2	4026	738
2	4027	89
2	4027	553
2	4029	579
2	4030	643
2	4031	18
2	4031	959
2	4032	51
2	4032	152
2	4032	637
2	4033	376
2	4033	470
2	4035	259
2	4035	328
2	4041	311
2	4041	633
2	4041	998
2	4042	53
2	4042	102
2	4044	483
2	4046	98
2	4046	255
2	4046	960
2	4047	103
2	4049	268
2	4050	235
2	4050	636
2	4053	360
2	4053	521
2	4056	412
2	4056	525
2	4057	224
2	4058	531
2	4058	628
2	4058	981
2	4059	95
2	4059	848
2	4060	619
2	4061	419
2	4061	615
2	4062	399
2	4062	670
2	4065	631
2	4066	962
2	4067	440
2	4067	803
2	4068	790
2	4069	602
2	4070	683
2	4071	240
2	4071	436
2	4072	487
2	4072	706
2	4073	379
2	4074	6
2	4075	201
2	4076	31
2	4076	256
2	4076	366
2	4076	715
2	4077	33
2	4077	336
2	4079	88
2	4079	223
2	4079	792
2	4080	869
2	4081	837
2	4081	839
2	4082	660
2	4084	499
2	4085	497
2	4087	163
2	4087	763
2	4089	601
2	4090	83
2	4091	708
2	4091	856
2	4092	612
2	4093	1
2	4093	234
2	4094	340
2	4094	395
2	4094	533
2	4095	276
2	4096	313
2	4096	727
2	4097	786
2	4097	807
2	4098	136
2	4098	923
2	4099	477
2	4101	451
2	4102	124
2	4102	713
2	4102	801
2	4104	898
2	4105	144
2	4106	809
2	4107	7
2	4107	82
2	4107	724
2	4108	473
2	4108	498
2	4108	514
2	4109	547
2	4110	91
2	4111	132
2	4111	608
2	4111	915
2	4112	126
2	4114	688
2	4114	799
2	4117	373
2	4118	332
2	4118	542
2	4119	96
2	4119	560
2	4119	728
2	4120	250
2	4122	258
2	4123	172
2	4123	974
2	4124	397
2	4125	823
2	4126	229
2	4126	343
2	4127	958
2	4129	754
2	4129	967
2	4130	506
2	4131	353
2	4131	453
2	4133	370
2	4135	42
2	4136	245
2	4137	291
2	4138	174
2	4140	47
2	4142	474
2	4143	46
2	4143	471
2	4143	923
2	4144	356
2	4146	780
2	4148	998
2	4149	662
2	4149	883
2	4152	3
2	4152	28
2	4152	115
2	4152	494
2	4152	555
2	4153	146
2	4153	309
2	4153	714
2	4154	604
2	4155	335
2	4157	686
2	4158	143
2	4159	80
2	4159	101
2	4161	625
2	4161	748
2	4162	66
2	4163	588
2	4164	160
2	4165	671
2	4165	773
2	4166	220
2	4166	416
2	4166	665
2	4173	683
2	4173	853
2	4174	572
2	4174	705
2	4175	189
2	4178	128
2	4178	244
2	4178	937
2	4179	92
2	4186	743
2	4188	582
2	4190	357
2	4192	464
2	4192	946
2	4194	173
2	4194	182
2	4194	241
2	4194	545
2	4195	463
2	4196	329
2	4197	387
2	4198	77
2	4200	408
2	4200	837
2	4202	13
2	4202	549
2	4202	574
2	4203	148
2	4203	610
2	4204	118
2	4204	849
2	4205	175
2	4205	803
2	4205	977
2	4206	81
2	4206	287
2	4208	685
2	4208	867
2	4210	52
2	4210	100
2	4212	920
2	4212	1000
2	4214	5
2	4214	212
2	4216	74
2	4216	517
2	4216	801
2	4217	99
2	4217	266
2	4217	524
2	4218	998
2	4220	798
2	4221	154
2	4221	219
2	4222	529
2	4224	195
2	4224	566
2	4225	254
2	4227	528
2	4227	735
2	4230	190
2	4230	703
2	4230	974
2	4231	225
2	4231	445
2	4231	960
2	4232	271
2	4233	116
2	4234	161
2	4234	289
2	4234	879
2	4236	557
2	4237	69
2	4237	102
2	4237	171
2	4237	243
2	4237	371
2	4238	589
2	4238	892
2	4242	946
2	4244	423
2	4245	187
2	4245	578
2	4246	265
2	4246	437
2	4247	184
2	4251	641
2	4252	543
2	4255	110
2	4255	440
2	4256	836
2	4257	122
2	4257	634
2	4258	850
2	4259	738
2	4259	805
2	4260	334
2	4260	465
2	4262	298
2	4262	592
2	4262	929
2	4263	607
2	4264	379
2	4266	663
2	4268	167
2	4268	325
2	4270	523
2	4271	535
2	4274	961
2	4275	331
2	4276	712
2	4277	521
2	4278	120
2	4279	958
2	4279	976
2	4283	525
2	4286	84
2	4287	185
2	4289	751
2	4293	753
2	4295	9
2	4295	41
2	4297	7
2	4301	240
2	4303	320
2	4306	204
2	4307	777
2	4308	366
2	4309	318
2	4309	541
2	4309	609
2	4312	40
2	4312	230
2	4312	990
2	4314	396
2	4314	498
2	4315	894
2	4316	83
2	4316	323
2	4316	364
2	4318	551
2	4319	76
2	4319	314
2	4320	436
2	4320	794
2	4321	544
2	4323	65
2	4323	617
2	4324	235
2	4324	718
2	4325	938
2	4326	32
2	4326	141
2	4326	954
2	4327	158
2	4327	205
2	4329	236
2	4329	477
2	4330	489
2	4333	497
2	4335	636
2	4335	965
2	4337	14
2	4337	276
2	4338	206
2	4340	90
2	4340	531
2	4342	19
2	4342	218
2	4342	892
2	4343	588
2	4344	547
2	4345	159
2	4347	311
2	4347	627
2	4352	260
2	4355	362
2	4355	563
2	4355	686
2	4355	977
2	4359	287
2	4359	691
2	4361	914
2	4362	57
2	4362	673
2	4362	675
2	4363	725
2	4364	545
2	4365	149
2	4366	157
2	4366	304
2	4367	462
2	4369	889
2	4370	93
2	4371	55
2	4371	332
2	4372	449
2	4372	792
2	4373	494
2	4373	810
2	4373	938
2	4374	527
2	4375	552
2	4376	865
2	4377	342
2	4378	30
2	4379	512
2	4380	610
2	4381	107
2	4382	339
2	4383	447
2	4383	756
2	4383	919
2	4384	707
2	4385	63
2	4385	499
2	4386	761
2	4387	312
2	4387	391
2	4388	38
2	4388	742
2	4388	880
2	4390	74
2	4390	594
2	4390	909
2	4391	801
2	4392	301
2	4392	733
2	4392	786
2	4392	945
2	4393	88
2	4393	932
2	4394	971
2	4395	43
2	4396	419
2	4397	67
2	4397	564
2	4398	253
2	4398	948
2	4399	473
2	4399	479
2	4401	404
2	4402	280
2	4402	632
2	4403	371
2	4404	514
2	4405	681
2	4405	975
2	4406	719
2	4407	884
2	4408	192
2	4408	701
2	4408	999
2	4409	153
2	4409	530
2	4410	92
2	4411	324
2	4412	455
2	4414	518
2	4414	887
2	4415	1
2	4415	178
2	4415	998
2	4416	468
2	4417	251
2	4417	367
2	4417	571
2	4418	522
2	4418	598
2	4418	614
2	4418	954
2	4420	642
2	4421	603
2	4422	586
2	4422	663
2	4422	750
2	4423	139
2	4427	759
2	4429	591
2	4429	941
2	4431	969
2	4432	337
2	4432	885
2	4433	78
2	4435	82
2	4436	152
2	4438	793
2	4441	193
2	4441	331
2	4442	199
2	4442	423
2	4444	183
2	4447	782
2	4448	45
2	4448	112
2	4449	12
2	4449	651
2	4450	572
2	4451	439
2	4453	64
2	4453	542
2	4459	927
2	4461	587
2	4461	692
2	4461	800
2	4462	272
2	4462	847
2	4463	376
2	4463	905
2	4468	454
2	4471	229
2	4471	252
2	4471	450
2	4471	657
2	4472	33
2	4474	399
2	4478	356
2	4479	156
2	4479	414
2	4479	685
2	4479	833
2	4480	49
2	4480	190
2	4484	137
2	4484	743
2	4486	486
2	4486	723
2	4486	818
2	4487	179
2	4487	222
2	4488	528
2	4489	662
2	4490	77
2	4490	413
2	4490	443
2	4491	910
2	4492	246
2	4492	420
2	4492	424
2	4493	815
2	4494	228
2	4495	448
2	4495	699
2	4495	720
2	4497	270
2	4497	553
2	4497	573
2	4497	897
2	4498	275
2	4498	497
2	4499	196
2	4499	285
2	4502	14
2	4502	619
2	4502	669
2	4503	975
2	4504	431
2	4504	984
2	4505	924
2	4506	233
2	4506	538
2	4506	995
2	4508	798
2	4514	310
2	4514	893
2	4515	24
2	4515	529
2	4516	257
2	4519	400
2	4520	579
2	4522	244
2	4523	888
2	4524	175
2	4524	444
2	4525	351
2	4525	466
2	4527	36
2	4527	110
2	4527	696
2	4527	747
2	4528	569
2	4530	620
2	4531	608
2	4532	247
2	4532	797
2	4534	81
2	4534	422
2	4534	641
2	4536	402
2	4538	289
2	4539	851
2	4540	27
2	4540	266
2	4540	383
2	4541	235
2	4541	509
2	4543	428
2	4543	430
2	4544	141
2	4547	770
2	4549	390
2	4549	688
2	4550	199
2	4551	40
2	4551	746
2	4552	482
2	4553	145
2	4554	80
2	4554	251
2	4555	304
2	4555	340
2	4556	684
2	4557	858
2	4558	167
2	4559	389
2	4560	739
2	4560	856
2	4561	109
2	4561	393
2	4561	595
2	4561	853
2	4563	418
2	4563	530
2	4563	689
2	4564	15
2	4564	403
2	4566	62
2	4566	139
2	4567	9
2	4567	32
2	4567	321
2	4567	537
2	4567	862
2	4568	526
2	4569	406
2	4569	536
2	4571	520
2	4574	787
2	4575	165
2	4575	612
2	4576	3
2	4576	548
2	4577	425
2	4579	44
2	4579	227
2	4579	937
2	4580	615
2	4582	673
2	4583	23
2	4583	138
2	4584	753
2	4584	767
2	4585	168
2	4586	343
2	4586	675
2	4586	939
2	4587	639
2	4588	542
2	4589	580
2	4590	86
2	4590	765
2	4591	449
2	4592	91
2	4593	133
2	4593	778
2	4593	843
2	4594	386
2	4594	756
2	4595	50
2	4596	116
2	4596	398
2	4597	160
2	4599	438
2	4600	783
2	4602	391
2	4603	322
2	4604	380
2	4604	607
2	4604	999
2	4605	236
2	4605	299
2	4605	464
2	4605	645
2	4606	127
2	4607	203
2	4607	349
2	4607	505
2	4607	632
2	4608	841
2	4609	442
2	4609	554
2	4610	731
2	4612	690
2	4612	816
2	4614	372
2	4615	445
2	4615	965
2	4617	132
2	4618	213
2	4620	699
2	4622	338
2	4623	14
2	4623	35
2	4624	202
2	4627	265
2	4627	468
2	4627	993
2	4628	282
2	4628	297
2	4628	373
2	4629	597
2	4630	517
2	4632	326
2	4632	525
2	4632	710
2	4633	362
2	4634	713
2	4634	991
2	4636	636
2	4636	638
2	4637	248
2	4637	774
2	4638	17
2	4640	476
2	4641	665
2	4643	473
2	4644	57
2	4644	198
2	4645	320
2	4646	613
2	4646	715
2	4650	224
2	4650	625
2	4650	704
2	4651	103
2	4652	700
2	4652	953
2	4653	134
2	4654	344
2	4655	734
2	4656	591
2	4656	889
2	4656	891
2	4657	136
2	4659	148
2	4659	994
2	4660	195
2	4660	263
2	4661	317
2	4661	423
2	4661	791
2	4662	164
2	4663	503
2	4664	696
2	4666	325
2	4666	714
2	4667	671
2	4667	717
2	4668	546
2	4669	678
2	4669	862
2	4671	331
2	4671	346
2	4672	743
2	4673	96
2	4673	257
2	4675	143
2	4675	369
2	4679	212
2	4680	848
2	4681	30
2	4681	374
2	4682	361
2	4682	547
2	4683	258
2	4685	144
2	4685	562
2	4685	965
2	4689	49
2	4689	643
2	4690	604
2	4691	563
2	4692	661
2	4693	652
2	4694	605
2	4694	836
2	4697	59
2	4698	851
2	4699	207
2	4699	789
2	4700	535
2	4700	641
2	4704	834
2	4704	865
2	4706	330
2	4706	904
2	4709	204
2	4710	656
2	4712	381
2	4713	55
2	4715	97
2	4715	336
2	4716	793
2	4718	964
2	4719	113
2	4719	262
2	4719	614
2	4722	664
2	4723	729
2	4723	998
2	4725	367
2	4726	230
2	4727	847
2	4728	130
2	4728	280
2	4728	629
2	4730	231
2	4732	107
2	4732	553
2	4734	157
2	4737	39
2	4738	537
2	4743	305
2	4748	541
2	4750	70
2	4750	581
2	4752	494
2	4752	805
2	4755	269
2	4756	797
2	4757	34
2	4758	412
2	4759	81
2	4759	347
2	4761	275
2	4761	749
2	4762	50
2	4762	540
2	4763	348
2	4763	555
2	4763	630
2	4763	720
2	4764	303
2	4765	293
2	4767	197
2	4768	379
2	4769	90
2	4769	135
2	4769	235
2	4770	142
2	4770	742
2	4771	903
2	4772	31
2	4772	357
2	4774	474
2	4775	217
2	4775	875
2	4776	28
2	4777	349
2	4779	617
2	4779	723
2	4781	415
2	4781	428
2	4781	446
2	4781	529
2	4782	98
2	4782	548
2	4783	482
2	4786	510
2	4787	550
2	4787	771
2	4789	80
2	4789	470
2	4789	532
2	4789	709
2	4791	133
2	4791	200
2	4791	315
2	4791	531
2	4792	318
2	4792	601
2	4792	733
2	4793	493
2	4794	312
2	4794	545
2	4795	543
2	4798	456
2	4801	382
2	4802	234
2	4802	362
2	4803	123
2	4804	698
2	4804	993
2	4805	651
2	4806	475
2	4808	32
2	4808	35
2	4808	427
2	4808	892
2	4810	101
2	4811	221
2	4813	290
2	4813	735
2	4814	631
2	4814	745
2	4815	576
2	4816	496
2	4817	881
2	4818	227
2	4818	977
2	4821	453
2	4824	78
2	4824	310
2	4824	732
2	4825	141
2	4825	556
2	4826	511
2	4828	286
2	4829	769
2	4829	875
2	4830	126
2	4833	551
2	4834	42
2	4834	54
2	4834	336
2	4834	982
2	4836	429
2	4836	619
2	4837	82
2	4838	894
2	4839	712
2	4840	263
2	4841	67
2	4847	524
2	4848	46
2	4848	473
2	4848	623
2	4848	663
2	4850	244
2	4850	691
2	4851	582
2	4853	746
2	4854	106
2	4855	413
2	4856	180
2	4857	788
2	4858	139
2	4860	181
2	4860	485
2	4860	948
2	4861	11
2	4861	278
2	4865	888
2	4866	677
2	4866	812
2	4868	801
2	4869	354
2	4869	668
2	4871	24
2	4872	458
2	4872	763
2	4874	512
2	4875	337
2	4875	338
2	4875	530
2	4876	370
2	4877	341
2	4877	710
2	4877	737
2	4877	988
2	4879	454
2	4880	332
2	4880	652
2	4880	956
2	4881	281
2	4881	557
2	4883	646
2	4883	780
2	4888	794
2	4888	991
2	4890	259
2	4890	377
2	4891	569
2	4892	910
2	4893	538
2	4894	185
2	4894	364
2	4896	224
2	4896	660
2	4897	37
2	4897	517
2	4898	297
2	4899	810
2	4900	89
2	4902	164
2	4904	58
2	4907	160
2	4909	374
2	4909	451
2	4910	335
2	4911	125
2	4912	238
2	4913	289
2	4913	325
2	4913	549
2	4914	92
2	4914	839
2	4916	241
2	4917	109
2	4917	421
2	4917	610
2	4918	323
2	4918	656
2	4918	661
2	4919	132
2	4919	204
2	4920	486
2	4920	895
2	4921	972
2	4922	21
2	4922	406
2	4923	63
2	4923	127
2	4923	423
2	4923	600
2	4924	266
2	4924	361
2	4924	657
2	4924	868
2	4925	29
2	4925	186
2	4925	719
2	4927	130
2	4927	533
2	4929	371
2	4929	379
2	4930	87
2	4930	472
2	4932	122
2	4936	55
2	4936	68
2	4936	539
2	4936	792
2	4938	98
2	4938	781
2	4939	689
2	4940	239
2	4941	292
2	4942	673
2	4943	729
2	4944	205
2	4945	47
2	4945	246
2	4945	399
2	4945	650
2	4946	614
2	4947	210
2	4950	734
2	4951	118
2	4951	520
2	4952	417
2	4953	215
2	4953	753
2	4956	407
2	4956	873
2	4957	207
2	4957	490
2	4957	492
2	4959	101
2	4960	114
2	4960	446
2	4960	550
2	4962	633
2	4963	43
2	4963	77
2	4963	140
2	4963	357
2	4964	26
2	4965	93
2	4965	575
2	4966	353
2	4966	598
2	4967	317
2	4967	604
2	4967	819
2	4968	917
2	4969	383
2	4969	804
2	4970	149
2	4971	146
2	4972	265
2	4972	638
2	4973	814
2	4974	499
2	4974	581
2	4977	655
2	4977	749
2	4978	475
2	4978	506
2	4978	684
2	4980	62
2	4980	840
2	4986	100
2	4986	334
2	4987	340
2	4987	634
2	4987	704
2	4989	269
2	4989	877
2	4990	345
2	4991	151
2	4991	742
2	4993	176
2	4993	431
2	4993	782
2	4993	922
2	4996	641
2	4997	91
2	4997	855
2	4998	381
2	4999	878
