2	-1	0
2	1	165
2	1	614
2	1	668
2	4	476
2	4	906
2	5	399
2	5	528
2	5	718
2	6	754
2	8	790
2	9	294
2	9	508
2	11	193
2	11	879
2	14	993
2	15	502
2	15	778
2	16	685
2	17	176
2	17	178
2	17	205
2	17	217
2	17	567
2	17	620
2	17	819
2	20	437
2	22	983
2	23	289
2	26	203
2	26	271
2	26	628
2	26	978
2	27	474
2	27	515
2	28	98
2	29	270
2	29	719
2	30	500
2	30	594
2	31	730
2	32	65
2	32	121
2	32	312
2	32	371
2	32	588
2	32	672
2	32	766
2	33	626
2	35	209
2	35	444
2	36	579
2	37	300
2	37	747
2	39	551
2	39	632
2	40	322
2	40	468
2	40	784
2	41	675
2	43	706
2	44	250
2	45	134
2	46	334
2	46	774
2	46	895
2	47	888
2	48	328
2	49	693
2	50	837
2	51	189
2	51	606
2	52	315
2	53	194
2	53	591
2	53	681
2	54	297
2	54	311
2	55	46
2	55	568
2	55	835
2	55	931
2	56	968
2	59	170
2	59	490
2	60	422
2	60	677
2	61	941
2	62	336
2	62	726
2	63	433
2	63	710
2	64	137
2	65	63
2	65	526
2	66	405
2	66	610
2	66	752
2	67	143
2	69	211
2	69	744
2	70	58
2	71	154
2	71	257
2	71	645
2	71	669
2	71	945
2	72	116
2	73	148
2	73	530
2	73	596
2	74	292
2	74	387
2	75	226
2	76	478
2	77	304
2	78	380
2	78	464
2	78	951
2	79	276
2	79	860
2	80	59
2	80	624
2	80	647
2	80	660
2	80	974
2	83	5
2	83	354
2	83	654
2	84	259
2	85	224
2	85	332
2	85	376
2	87	135
2	88	183
2	89	295
2	89	899
2	89	989
2	90	309
2	90	735
2	92	850
2	93	274
2	93	793
2	95	19
2	95	440
2	95	629
2	95	933
2	97	431
2	99	604
2	100	460
2	102	108
2	103	76
2	103	213
2	103	465
2	107	889
2	108	598
2	111	145
2	113	318
2	113	496
2	113	537
2	113	683
2	113	819
2	115	438
2	115	714
2	115	870
2	116	362
2	117	458
2	118	181
2	118	879
2	119	7
2	119	45
2	119	475
2	120	533
2	122	273
2	122	717
2	123	345
2	124	11
2	125	243
2	125	247
2	125	634
2	126	229
2	126	517
2	127	10
2	127	316
2	128	457
2	128	775
2	129	333
2	129	967
2	130	877
2	131	152
2	131	252
2	131	558
2	131	566
2	131	582
2	132	593
2	132	720
2	133	235
2	133	561
2	135	520
2	135	543
2	136	302
2	136	674
2	138	617
2	139	102
2	140	501
2	145	740
2	147	741
2	148	218
2	148	424
2	148	698
2	148	941
2	149	973
2	151	462
2	151	977
2	152	138
2	153	363
2	153	650
2	154	21
2	154	347
2	154	528
2	155	430
2	156	47
2	157	54
2	158	55
2	158	870
2	161	575
2	162	413
2	163	322
2	163	691
2	163	739
2	164	210
2	164	594
2	164	822
2	165	71
2	165	759
2	165	772
2	165	958
2	167	658
2	168	16
2	169	555
2	170	711
2	171	350
2	171	608
2	173	849
2	174	65
2	174	384
2	175	386
2	176	607
2	177	903
2	180	227
2	180	648
2	180	702
2	183	230
2	183	794
2	184	270
2	184	559
2	184	863
2	186	397
2	186	725
2	187	513
2	187	856
2	188	98
2	188	112
2	188	743
2	189	52
2	189	195
2	189	265
2	189	538
2	191	358
2	193	500
2	193	641
2	194	518
2	195	185
2	198	549
2	198	609
2	199	9
2	199	147
2	201	164
2	201	372
2	201	777
2	202	20
2	202	678
2	203	679
2	205	441
2	206	611
2	206	957
2	208	141
2	210	168
2	210	943
2	212	355
2	212	461
2	212	961
2	214	514
2	215	205
2	215	251
2	217	995
2	219	183
2	220	435
2	220	568
2	221	156
2	221	159
2	222	335
2	223	868
2	224	8
2	224	912
2	227	365
2	228	260
2	228	447
2	230	30
2	231	209
2	231	221
2	231	337
2	232	284
2	234	791
2	234	838
2	235	632
2	235	708
2	236	917
2	237	479
2	237	587
2	238	178
2	238	246
2	238	456
2	238	569
2	238	659
2	239	331
2	241	24
2	241	323
2	241	859
2	242	254
2	243	293
2	246	38
2	247	104
2	247	625
2	247	722
2	248	149
2	248	245
2	249	823
2	251	458
2	251	592
2	251	613
2	252	541
2	253	253
2	253	389
2	253	490
2	253	615
2	253	633
2	253	705
2	254	815
2	255	453
2	256	419
2	257	146
2	257	497
2	258	351
2	258	427
2	259	673
2	259	921
2	262	154
2	262	573
2	264	984
2	267	19
2	267	263
2	267	491
2	268	172
2	268	548
2	268	601
2	268	963
2	270	51
2	270	175
2	270	955
2	271	62
2	271	621
2	273	248
2	274	418
2	274	799
2	275	242
2	275	471
2	275	612
2	277	749
2	280	285
2	280	580
2	283	58
2	283	534
2	285	80
2	285	199
2	285	278
2	285	457
2	288	533
2	288	775
2	289	311
2	289	567
2	289	829
2	290	54
2	290	771
2	290	815
2	290	926
2	292	40
2	292	827
2	292	894
2	294	477
2	294	712
2	295	319
2	295	863
2	297	478
2	304	100
2	305	486
2	306	717
2	307	455
2	309	74
2	310	114
2	314	22
2	314	57
2	316	15
2	316	79
2	316	366
2	316	765
2	319	429
2	320	59
2	322	338
2	326	978
2	327	551
2	329	369
2	331	32
2	331	367
2	332	96
2	332	409
2	333	233
2	334	333
2	335	25
2	335	258
2	335	402
2	336	817
2	336	819
2	338	546
2	338	701
2	341	750
2	341	804
2	343	174
2	344	879
2	345	212
2	345	762
2	346	264
2	346	426
2	347	44
2	347	53
2	347	102
2	350	261
2	350	626
2	351	646
2	352	157
2	352	267
2	352	734
2	353	965
2	354	105
2	354	250
2	357	408
2	357	420
2	357	485
2	357	725
2	358	148
2	359	902
2	360	574
2	361	698
2	365	391
2	365	532
2	366	198
2	366	440
2	366	907
2	367	594
2	368	562
2	370	276
2	370	778
2	371	709
2	372	636
2	375	721
2	376	225
2	376	841
2	377	20
2	379	488
2	379	923
2	381	385
2	382	265
2	383	552
2	384	466
2	384	706
2	385	81
2	385	270
2	387	301
2	388	695
2	389	287
2	389	313
2	389	424
2	389	838
2	389	990
2	390	131
2	391	846
2	392	56
2	393	395
2	394	308
2	395	482
2	395	640
2	396	617
2	397	764
2	400	130
2	401	941
2	402	742
2	404	789
2	404	851
2	405	889
2	406	625
2	407	411
2	407	419
2	408	224
2	408	587
2	409	906
2	411	223
2	411	347
2	411	356
2	413	393
2	413	473
2	413	475
2	413	950
2	416	136
2	416	361
2	417	447
2	417	550
2	418	85
2	418	289
2	420	727
2	421	724
2	421	780
2	422	665
2	422	689
2	423	523
2	423	858
2	424	48
2	425	349
2	425	406
2	425	854
2	426	40
2	426	49
2	426	142
2	426	498
2	427	92
2	427	536
2	428	948
2	430	958
2	431	442
2	431	603
2	432	298
2	432	800
2	433	16
2	433	61
2	433	365
2	436	500
2	436	847
2	437	120
2	437	272
2	437	783
2	438	966
2	439	207
2	439	836
2	439	841
2	440	575
2	441	193
2	441	526
2	442	387
2	444	89
2	444	566
2	445	243
2	445	843
2	446	757
2	447	55
2	448	652
2	448	680
2	449	354
2	449	355
2	449	579
2	449	845
2	450	760
2	451	345
2	451	392
2	451	961
2	453	602
2	454	368
2	454	604
2	454	622
2	455	275
2	455	441
2	455	637
2	456	195
2	456	296
2	456	842
2	459	960
2	461	113
2	461	879
2	462	150
2	462	262
2	462	521
2	462	855
2	463	64
2	463	112
2	463	218
2	463	269
2	463	732
2	463	746
2	464	75
2	464	300
2	464	705
2	464	968
2	465	461
2	466	556
2	467	125
2	467	146
2	467	246
2	469	518
2	469	674
2	469	987
2	470	781
2	471	524
2	472	915
2	474	522
2	474	558
2	474	768
2	475	315
2	475	718
2	476	423
2	476	591
2	476	633
2	476	649
2	478	427
2	478	490
2	478	913
2	479	47
2	479	76
2	479	337
2	479	399
2	480	434
2	480	472
2	481	123
2	481	582
2	482	46
2	482	346
2	482	486
2	482	714
2	483	418
2	483	629
2	483	734
2	484	168
2	484	903
2	485	11
2	485	263
2	486	73
2	486	185
2	487	573
2	487	761
2	488	409
2	488	638
2	490	255
2	490	307
2	490	478
2	490	785
2	490	822
2	491	614
2	491	842
2	492	77
2	492	754
2	493	23
2	493	994
2	494	88
2	494	422
2	495	868
2	496	31
2	497	311
2	497	517
2	499	285
2	499	469
2	499	717
2	500	239
2	500	601
2	501	317
2	502	663
2	504	621
2	504	819
2	505	13
2	506	266
2	506	351
2	507	205
2	509	644
2	509	788
2	510	339
2	511	512
2	513	170
2	513	712
2	514	321
2	514	381
2	515	309
2	516	97
2	516	293
2	516	593
2	517	544
2	518	704
2	518	816
2	520	750
2	521	66
2	521	318
2	521	464
2	523	80
2	523	312
2	524	304
2	525	71
2	527	453
2	528	224
2	528	678
2	531	360
2	532	537
2	533	589
2	534	109
2	534	171
2	536	83
2	537	491
2	539	324
2	539	375
2	540	382
2	542	716
2	543	163
2	543	374
2	544	596
2	546	363
2	547	532
2	547	855
2	548	457
2	549	288
2	550	63
2	550	72
2	550	209
2	550	807
2	553	753
2	553	778
2	556	819
2	558	130
2	559	564
2	559	667
2	560	771
2	560	804
2	561	396
2	561	615
2	563	131
2	563	793
2	563	847
2	565	308
2	566	328
2	566	967
2	567	578
2	568	391
2	568	465
2	568	853
2	568	938
2	569	232
2	569	561
2	570	8
2	570	65
2	570	75
2	571	231
2	571	715
2	572	98
2	572	226
2	573	93
2	573	542
2	574	433
2	574	435
2	575	711
2	577	802
2	578	84
2	578	713
2	578	912
2	579	770
2	580	173
2	580	701
2	583	636
2	583	875
2	584	161
2	584	193
2	584	493
2	589	82
2	590	174
2	591	62
2	594	487
2	594	694
2	597	909
2	598	546
2	598	569
2	598	736
2	599	10
2	601	924
2	602	87
2	602	414
2	602	451
2	603	583
2	603	815
2	604	437
2	604	699
2	604	979
2	605	101
2	605	323
2	608	38
2	609	984
2	610	650
2	613	148
2	615	286
2	616	999
2	618	376
2	619	811
2	620	290
2	624	421
2	625	371
2	627	35
2	627	302
2	630	142
2	630	748
2	631	218
2	631	689
2	631	850
2	632	155
2	632	296
2	633	513
2	634	260
2	636	476
2	638	212
2	638	1000
2	639	138
2	639	700
2	639	762
2	640	143
2	642	637
2	642	843
2	642	902
2	643	147
2	644	429
2	644	432
2	644	775
2	645	141
2	646	281
2	649	727
2	650	463
2	650	572
2	651	602
2	653	352
2	653	568
2	653	818
2	654	759
2	654	792
2	655	115
2	656	534
2	657	497
2	658	70
2	658	338
2	659	267
2	660	45
2	660	599
2	662	529
2	663	439
2	663	514
2	663	618
2	666	263
2	669	954
2	670	119
2	670	549
2	670	555
2	671	25
2	672	2
2	674	385
2	674	397
2	674	552
2	674	674
2	674	702
2	676	383
2	676	746
2	677	444
2	677	645
2	678	918
2	680	96
2	680	104
2	680	566
2	681	551
2	683	400
2	684	472
2	684	612
2	684	680
2	684	844
2	684	865
2	684	944
2	685	136
2	686	133
2	686	291
2	686	848
2	687	69
2	687	586
2	687	675
2	688	337
2	689	156
2	690	681
2	691	442
2	691	605
2	692	191
2	693	935
2	694	425
2	695	110
2	695	369
2	696	298
2	697	416
2	697	896
2	698	521
2	699	443
2	700	506
2	701	630
2	702	259
2	703	59
2	703	304
2	703	966
2	704	646
2	705	65
2	705	137
2	706	257
2	706	734
2	706	770
2	707	154
2	707	745
2	708	742
2	710	796
2	712	23
2	712	677
2	713	112
2	713	198
2	713	483
2	713	873
2	714	162
2	715	17
2	715	446
2	715	576
2	716	685
2	717	240
2	717	656
2	718	372
2	718	889
2	719	183
2	720	242
2	720	544
2	721	519
2	723	392
2	723	413
2	723	517
2	723	613
2	724	406
2	724	569
2	724	619
2	725	781
2	728	285
2	728	311
2	728	350
2	729	255
2	729	428
2	729	504
2	731	289
2	732	24
2	734	172
2	736	335
2	737	44
2	737	269
2	737	374
2	737	983
2	738	421
2	739	881
2	741	254
2	742	766
2	744	87
2	744	95
2	744	454
2	744	835
2	746	651
2	746	771
2	746	999
2	747	380
2	747	434
2	749	237
2	749	666
2	751	197
2	751	241
2	751	635
2	751	808
2	754	106
2	754	405
2	754	584
2	754	589
2	754	884
2	755	280
2	756	196
2	757	176
2	758	75
2	758	813
2	759	718
2	760	244
2	760	456
2	760	949
2	761	928
2	762	80
2	762	749
2	763	526
2	764	31
2	764	502
2	765	61
2	765	787
2	766	267
2	767	160
2	767	710
2	769	964
2	770	90
2	770	190
2	771	557
2	771	767
2	772	74
2	772	837
2	773	532
2	773	789
2	774	6
2	774	43
2	776	595
2	777	520
2	777	643
2	777	890
2	778	585
2	779	339
2	779	404
2	780	360
2	782	616
2	783	553
2	783	794
2	785	743
2	785	829
2	786	103
2	786	182
2	786	235
2	786	429
2	787	727
2	789	784
2	790	57
2	790	511
2	791	18
2	791	847
2	793	431
2	794	142
2	794	306
2	794	768
2	796	271
2	797	52
2	798	48
2	799	354
2	801	185
2	801	223
2	803	100
2	803	408
2	803	780
2	803	852
2	804	92
2	805	3
2	805	277
2	807	801
2	808	78
2	809	71
2	809	762
2	810	337
2	811	63
2	811	368
2	813	107
2	813	164
2	813	178
2	813	461
2	813	769
2	814	216
2	815	473
2	817	175
2	817	398
2	818	165
2	818	560
2	819	449
2	819	577
2	820	144
2	820	251
2	820	912
2	821	163
2	822	633
2	822	865
2	823	300
2	823	738
2	824	583
2	824	634
2	825	828
2	827	726
2	827	783
2	829	138
2	830	363
2	830	698
2	831	213
2	833	173
2	833	654
2	834	603
2	835	272
2	838	458
2	838	528
2	840	286
2	840	299
2	841	657
2	842	667
2	842	992
2	845	620
2	846	333
2	846	641
2	846	709
2	847	200
2	849	732
2	850	730
2	853	543
2	854	121
2	854	127
2	854	981
2	855	98
2	855	341
2	857	310
2	859	617
2	861	297
2	862	125
2	862	561
2	863	391
2	865	717
2	867	400
2	867	619
2	871	38
2	871	314
2	871	331
2	872	81
2	872	139
2	872	792
2	874	675
2	876	210
2	878	285
2	878	686
2	879	281
2	880	366
2	881	491
2	883	480
2	884	614
2	884	782
2	885	275
2	885	388
2	887	683
2	888	436
2	891	207
2	891	225
2	891	817
2	891	834
2	893	260
2	893	520
2	894	246
2	894	274
2	894	785
2	895	379
2	895	838
2	896	204
2	897	365
2	897	765
2	899	132
2	899	356
2	900	466
2	900	734
2	901	749
2	901	830
2	902	238
2	902	676
2	904	551
2	904	842
2	906	262
2	906	330
2	908	250
2	909	209
2	909	389
2	909	495
2	909	899
2	910	467
2	910	602
2	911	214
2	912	5
2	912	9
2	913	731
2	914	334
2	914	406
2	914	500
2	914	806
2	915	60
2	916	103
2	917	786
2	920	227
2	922	231
2	923	606
2	924	742
2	924	998
2	926	752
2	927	702
2	928	261
2	928	308
2	928	347
2	928	639
2	930	489
2	930	725
2	930	990
2	931	160
2	931	303
2	931	586
2	932	701
2	932	981
2	933	358
2	934	194
2	934	418
2	934	991
2	935	714
2	937	605
2	937	739
2	939	394
2	939	569
2	940	898
2	940	959
2	941	70
2	941	413
2	942	534
2	945	571
2	945	831
2	947	124
2	947	499
2	947	590
2	947	937
2	948	55
2	948	287
2	950	222
2	950	290
2	951	169
2	952	716
2	956	172
2	956	533
2	958	411
2	961	138
2	962	558
2	964	685
2	964	821
2	966	211
2	966	721
2	966	827
2	967	885
2	969	992
2	970	970
2	971	133
2	972	73
2	972	640
2	973	294
2	973	830
2	974	102
2	974	667
2	974	788
2	975	85
2	975	722
2	977	203
2	977	477
2	978	780
2	978	783
2	979	325
2	979	692
2	980	353
2	981	604
2	981	904
2	981	929
2	982	252
2	982	452
2	982	651
2	982	718
2	983	18
2	984	65
2	985	585
2	986	574
2	987	787
2	988	11
2	988	378
2	988	541
2	988	682
2	989	150
2	990	696
2	991	312
2	991	322
2	992	781
2	993	405
2	994	125
2	994	911
2	995	369
2	995	719
2	996	699
2	996	710
2	997	522
2	997	572
2	998	450
