2	-1	0
2	1	970
2	3	588
2	3	592
2	5	2
2	5	676
2	6	62
2	6	198
2	6	685
2	6	932
2	8	349
2	8	721
2	9	924
2	10	366
2	10	420
2	11	36
2	11	470
2	13	18
2	13	52
2	13	641
2	14	7
2	14	281
2	15	541
2	15	680
2	16	236
2	17	865
2	17	885
2	17	944
2	18	219
2	19	319
2	19	446
2	20	763
2	21	283
2	26	43
2	28	347
2	28	654
2	30	222
2	31	687
2	36	161
2	36	769
2	36	979
2	39	23
2	40	214
2	43	116
2	43	442
2	43	860
2	45	771
2	47	190
2	48	220
2	48	285
2	48	535
2	48	757
2	50	26
2	50	268
2	51	728
2	52	384
2	52	491
2	53	399
2	53	799
2	54	327
2	55	271
2	55	401
2	55	511
2	55	655
2	56	495
2	57	69
2	57	103
2	57	147
2	57	670
2	57	803
2	57	982
2	58	265
2	58	322
2	58	751
2	58	885
2	59	436
2	60	770
2	61	647
2	61	943
2	63	893
2	64	269
2	65	646
2	67	569
2	71	73
2	71	441
2	75	983
2	76	333
2	76	940
2	77	123
2	77	307
2	77	942
2	78	277
2	79	28
2	81	50
2	81	691
2	84	862
2	87	620
2	88	478
2	88	675
2	88	810
2	89	298
2	89	718
2	91	649
2	92	539
2	93	44
2	93	745
2	94	55
2	94	246
2	94	280
2	95	465
2	96	772
2	97	402
2	97	549
2	98	14
2	99	353
2	100	81
2	100	108
2	100	223
2	100	667
2	100	674
2	101	459
2	101	530
2	101	576
2	105	493
2	106	604
2	106	643
2	107	432
2	107	984
2	108	192
2	110	598
2	110	755
2	111	738
2	112	520
2	113	163
2	113	227
2	113	851
2	114	40
2	114	305
2	114	629
2	114	652
2	114	678
2	115	414
2	115	618
2	115	713
2	116	297
2	116	787
2	117	564
2	118	578
2	118	651
2	118	773
2	119	234
2	120	245
2	120	916
2	122	595
2	123	822
2	124	895
2	125	820
2	126	338
2	126	381
2	126	397
2	128	470
2	128	624
2	130	329
2	130	721
2	131	349
2	131	396
2	131	438
2	131	741
2	131	934
2	132	706
2	134	494
2	134	945
2	135	79
2	136	287
2	136	379
2	136	795
2	139	237
2	139	458
2	139	554
2	142	542
2	142	733
2	143	744
2	143	808
2	144	395
2	144	621
2	144	698
2	144	971
2	144	1000
2	145	743
2	145	753
2	146	132
2	147	281
2	148	648
2	149	360
2	149	684
2	149	723
2	150	393
2	150	538
2	150	845
2	151	565
2	151	633
2	152	25
2	152	176
2	152	259
2	152	727
2	153	33
2	153	57
2	153	354
2	153	439
2	153	559
2	154	145
2	154	526
2	154	890
2	156	759
2	157	19
2	157	112
2	157	204
2	157	677
2	157	829
2	158	363
2	158	645
2	158	836
2	159	602
2	161	182
2	161	513
2	163	481
2	164	229
2	166	739
2	166	894
2	167	466
2	167	672
2	167	673
2	167	792
2	167	858
2	167	980
2	169	38
2	170	548
2	171	760
2	174	366
2	174	504
2	175	927
2	176	51
2	177	210
2	184	364
2	185	849
2	186	293
2	186	311
2	186	685
2	187	334
2	187	370
2	189	84
2	189	200
2	189	756
2	191	736
2	192	590
2	192	737
2	193	682
2	193	786
2	194	622
2	194	654
2	194	930
2	196	537
2	197	4
2	197	943
2	197	970
2	199	609
2	201	24
2	201	264
2	201	750
2	202	546
2	203	445
2	204	418
2	204	879
2	205	506
2	205	956
2	206	575
2	206	924
2	207	765
2	207	873
2	208	59
2	208	856
2	210	299
2	210	464
2	211	212
2	211	662
2	211	742
2	212	243
2	212	781
2	214	216
2	214	527
2	214	952
2	214	962
2	215	270
2	215	462
2	217	486
2	219	162
2	219	169
2	219	918
2	220	189
2	222	228
2	222	478
2	222	885
2	223	501
2	223	557
2	224	76
2	224	482
2	224	874
2	226	822
2	227	250
2	228	244
2	230	283
2	230	863
2	231	268
2	232	553
2	232	906
2	233	235
2	234	111
2	234	113
2	234	173
2	234	275
2	235	687
2	237	107
2	237	149
2	238	50
2	238	320
2	238	608
2	238	670
2	239	166
2	239	533
2	240	336
2	241	187
2	241	357
2	241	927
2	242	129
2	243	285
2	243	352
2	244	433
2	244	492
2	244	857
2	245	747
2	246	100
2	247	447
2	247	471
2	247	780
2	247	866
2	249	133
2	249	950
2	251	619
2	252	755
2	253	208
2	255	168
2	258	552
2	262	881
2	263	690
2	264	715
2	265	15
2	265	638
2	266	729
2	266	991
2	270	87
2	270	443
2	272	700
2	273	686
2	274	206
2	275	83
2	275	413
2	275	606
2	276	783
2	277	185
2	279	230
2	279	279
2	280	641
2	281	521
2	281	838
2	282	231
2	285	286
2	288	184
2	288	292
2	289	298
2	289	356
2	290	258
2	291	404
2	292	271
2	292	468
2	292	623
2	293	376
2	293	450
2	294	426
2	296	530
2	297	585
2	298	372
2	298	950
2	299	399
2	301	295
2	301	398
2	301	748
2	303	205
2	303	736
2	303	937
2	304	473
2	306	5
2	306	68
2	308	2
2	308	436
2	308	666
2	308	681
2	309	234
2	310	1
2	310	679
2	311	856
2	312	10
2	312	104
2	312	225
2	313	40
2	313	210
2	313	522
2	313	524
2	313	610
2	313	618
2	313	751
2	314	321
2	314	409
2	315	193
2	315	419
2	315	474
2	315	703
2	316	663
2	316	971
2	318	289
2	319	731
2	320	158
2	320	760
2	321	393
2	321	802
2	322	664
2	323	175
2	323	512
2	323	668
2	323	845
2	325	416
2	325	518
2	325	942
2	326	371
2	326	489
2	326	694
2	327	629
2	327	642
2	327	807
2	328	215
2	328	640
2	329	335
2	329	581
2	329	676
2	330	603
2	330	622
2	333	383
2	334	382
2	334	710
2	335	148
2	335	262
2	335	796
2	336	46
2	336	403
2	336	930
2	338	98
2	339	195
2	339	661
2	339	823
2	341	242
2	344	962
2	345	124
2	345	219
2	345	570
2	346	509
2	346	838
2	346	941
2	348	651
2	349	362
2	349	385
2	350	363
2	350	800
2	352	595
2	353	171
2	353	654
2	354	377
2	354	465
2	357	273
2	358	342
2	358	346
2	359	467
2	359	529
2	359	717
2	360	8
2	361	19
2	361	459
2	362	599
2	362	813
2	363	51
2	363	69
2	363	461
2	364	507
2	365	178
2	365	711
2	366	779
2	367	243
2	368	212
2	368	921
2	369	52
2	371	145
2	371	341
2	371	397
2	373	561
2	373	573
2	375	152
2	375	300
2	375	853
2	375	967
2	376	870
2	380	26
2	381	284
2	381	1000
2	382	414
2	384	713
2	385	204
2	385	534
2	386	659
2	388	462
2	389	17
2	389	737
2	390	772
2	393	180
2	393	519
2	394	224
2	394	896
2	395	33
2	396	114
2	396	150
2	396	528
2	396	964
2	397	32
2	397	782
2	398	455
2	399	656
2	400	908
2	401	281
2	401	580
2	401	757
2	403	36
2	403	560
2	403	572
2	403	925
2	403	976
2	404	38
2	404	969
2	405	216
2	406	353
2	406	472
2	408	13
2	409	921
2	410	927
2	411	843
2	413	138
2	413	417
2	413	714
2	413	755
2	415	56
2	416	18
2	416	355
2	419	198
2	419	650
2	419	818
2	420	496
2	422	42
2	422	252
2	422	457
2	423	193
2	425	743
2	426	635
2	426	676
2	427	136
2	430	816
2	431	460
2	431	974
2	432	841
2	436	538
2	436	830
2	437	107
2	438	125
2	438	857
2	440	156
2	440	523
2	440	812
2	442	213
2	448	349
2	449	197
2	449	257
2	450	618
2	453	999
2	454	170
2	454	648
2	457	673
2	458	5
2	458	14
2	459	354
2	459	819
2	462	20
2	462	274
2	463	236
2	464	369
2	467	292
2	467	368
2	468	201
2	469	984
2	470	504
2	471	438
2	471	959
2	472	126
2	472	697
2	472	715
2	473	309
2	475	430
2	476	81
2	479	226
2	479	293
2	479	317
2	479	397
2	479	581
2	480	63
2	480	214
2	481	55
2	481	709
2	483	387
2	483	402
2	483	722
2	484	207
2	486	16
2	487	119
2	488	495
2	489	250
2	489	685
2	491	267
2	492	335
2	492	568
2	494	688
2	494	761
2	495	727
2	495	776
2	497	11
2	498	24
2	498	306
2	498	312
2	499	155
2	499	428
2	500	238
2	501	133
2	501	530
2	501	824
2	502	2
2	503	132
2	503	352
2	503	684
2	503	764
2	504	517
2	504	726
2	505	154
2	505	329
2	505	739
2	505	889
2	506	80
2	506	550
2	508	820
2	508	879
2	509	25
2	510	440
2	510	853
2	511	399
2	511	683
2	512	169
2	512	746
2	512	777
2	512	781
2	513	358
2	513	770
2	514	512
2	515	607
2	515	763
2	515	767
2	517	458
2	518	30
2	518	244
2	522	906
2	523	544
2	523	728
2	523	893
2	524	626
2	525	582
2	525	609
2	525	718
2	526	467
2	527	223
2	529	404
2	529	415
2	529	475
2	531	459
2	531	470
2	532	229
2	532	408
2	533	680
2	534	41
2	534	245
2	534	967
2	535	592
2	536	511
2	536	832
2	536	924
2	537	182
2	537	364
2	537	571
2	538	434
2	539	537
2	540	780
2	541	217
2	541	724
2	542	610
2	542	675
2	542	719
2	543	116
2	544	140
2	545	672
2	545	814
2	545	965
2	546	78
2	546	228
2	547	104
2	547	557
2	548	53
2	548	70
2	548	161
2	548	251
2	551	590
2	552	637
2	552	670
2	552	694
2	553	360
2	555	115
2	555	174
2	555	629
2	556	409
2	556	491
2	556	552
2	557	469
2	558	876
2	558	912
2	559	291
2	559	937
2	561	288
2	563	134
2	563	316
2	564	561
2	566	333
2	566	509
2	571	903
2	573	54
2	573	220
2	574	101
2	574	390
2	575	211
2	575	762
2	575	961
2	576	633
2	577	310
2	577	660
2	577	827
2	578	646
2	579	564
2	580	66
2	580	107
2	580	145
2	582	367
2	582	975
2	583	304
2	583	549
2	583	667
2	584	158
2	584	836
2	586	307
2	586	465
2	588	846
2	589	730
2	593	962
2	594	199
2	595	165
2	595	529
2	595	772
2	596	149
2	596	489
2	596	760
2	597	378
2	597	493
2	597	898
2	598	187
2	598	424
2	599	455
2	599	540
2	601	650
2	603	121
2	603	779
2	604	580
2	605	682
2	605	954
2	606	227
2	606	755
2	607	884
2	607	948
2	607	999
2	608	639
2	611	57
2	611	176
2	612	735
2	613	117
2	616	927
2	617	60
2	619	208
2	619	744
2	619	904
2	620	91
2	621	336
2	622	831
2	623	173
2	623	500
2	625	453
2	626	210
2	627	168
2	628	618
2	630	141
2	632	325
2	632	551
2	633	299
2	634	129
2	634	344
2	634	373
2	635	23
2	635	51
2	635	197
2	637	859
2	639	538
2	641	282
2	641	649
2	641	978
2	642	365
2	642	693
2	642	923
2	643	608
2	644	75
2	644	882
2	645	438
2	646	320
2	648	510
2	648	785
2	649	766
2	650	128
2	650	864
2	651	833
2	654	845
2	654	961
2	655	993
2	656	222
2	658	112
2	658	935
2	659	517
2	659	622
2	659	969
2	660	395
2	662	681
2	662	703
2	663	37
2	663	248
2	664	410
2	668	259
2	668	705
2	669	36
2	669	728
2	671	342
2	671	587
2	671	606
2	672	159
2	675	139
2	675	437
2	676	913
2	679	426
2	679	514
2	679	521
2	679	671
2	682	156
2	682	319
2	682	607
2	682	659
2	683	172
2	683	776
2	684	3
2	684	86
2	684	359
2	685	326
2	686	111
2	686	450
2	687	745
2	687	804
2	689	404
2	690	678
2	691	488
2	691	734
2	692	281
2	693	461
2	693	530
2	693	782
2	695	39
2	695	280
2	695	302
2	695	569
2	696	192
2	696	597
2	696	715
2	697	528
2	698	456
2	700	348
2	700	628
2	701	18
2	701	221
2	701	397
2	703	12
2	703	186
2	703	845
2	704	371
2	704	637
2	704	643
2	705	198
2	707	11
2	707	79
2	707	250
2	709	352
2	710	266
2	710	648
2	711	105
2	713	67
2	714	633
2	716	420
2	716	506
2	717	287
2	717	947
2	718	498
2	718	746
2	719	466
2	719	689
2	720	25
2	720	523
2	721	375
2	721	386
2	721	666
2	722	360
2	722	664
2	723	297
2	723	584
2	723	993
2	724	408
2	724	431
2	724	838
2	725	497
2	725	742
2	726	83
2	726	347
2	726	381
2	726	428
2	726	869
2	728	244
2	729	501
2	729	519
2	730	4
2	732	263
2	732	718
2	733	212
2	734	59
2	734	687
2	735	526
2	735	801
2	736	294
2	736	379
2	736	493
2	736	797
2	737	825
2	738	668
2	739	479
2	739	536
2	739	788
2	740	49
2	740	97
2	741	398
2	741	433
2	742	5
2	742	243
2	742	449
2	742	772
2	743	396
2	743	768
2	745	35
2	746	153
2	746	562
2	746	566
2	746	767
2	747	81
2	747	183
2	747	207
2	747	443
2	748	21
2	748	714
2	748	785
2	749	134
2	749	427
2	749	572
2	749	726
2	749	736
2	751	278
2	751	423
2	752	511
2	752	576
2	753	279
2	753	354
2	753	1000
2	754	357
2	754	868
2	755	224
2	755	275
2	755	459
2	757	313
2	757	508
2	757	586
2	758	338
2	758	388
2	758	565
2	760	987
2	762	34
2	763	539
2	764	567
2	767	106
2	769	213
2	770	96
2	772	58
2	772	103
2	772	189
2	773	260
2	774	239
2	774	611
2	776	208
2	776	945
2	778	646
2	779	564
2	781	99
2	781	226
2	781	284
2	781	367
2	782	68
2	782	516
2	785	38
2	785	652
2	786	123
2	788	194
2	789	547
2	791	126
2	793	934
2	794	504
2	796	115
2	796	217
2	796	283
2	797	391
2	797	882
2	798	399
2	798	799
2	799	529
2	799	636
2	799	701
2	800	874
2	801	800
2	802	735
2	802	983
2	802	990
2	803	358
2	803	560
2	803	833
2	805	368
2	805	616
2	805	985
2	807	836
2	811	796
2	811	854
2	814	312
2	815	46
2	817	601
2	818	13
2	819	505
2	819	654
2	821	215
2	821	517
2	822	235
2	822	276
2	822	978
2	822	992
2	823	816
2	824	351
2	824	520
2	825	922
2	827	708
2	828	241
2	828	445
2	829	496
2	830	704
2	830	869
2	831	342
2	832	622
2	835	343
2	836	719
2	837	394
2	837	478
2	838	518
2	838	641
2	839	604
2	842	826
2	845	927
2	846	116
2	848	534
2	848	810
2	849	111
2	851	57
2	851	503
2	852	650
2	852	754
2	853	587
2	856	463
2	856	558
2	856	680
2	856	695
2	856	710
2	857	295
2	858	166
2	860	247
2	860	393
2	861	544
2	862	74
2	862	330
2	864	165
2	864	568
2	865	450
2	865	522
2	865	660
2	866	975
2	867	398
2	868	553
2	869	14
2	869	154
2	869	248
2	870	325
2	872	840
2	874	132
2	875	28
2	875	275
2	875	349
2	877	882
2	879	726
2	880	1
2	881	137
2	881	788
2	882	107
2	882	175
2	884	883
2	885	509
2	885	629
2	887	150
2	887	456
2	887	470
2	887	648
2	889	210
2	889	836
2	890	706
2	891	679
2	892	759
2	894	114
2	894	982
2	895	407
2	895	692
2	895	895
2	895	973
2	896	328
2	896	570
2	896	686
2	897	792
2	898	64
2	898	332
2	899	18
2	900	119
2	901	97
2	901	375
2	903	334
2	903	931
2	904	457
2	905	231
2	905	254
2	905	490
2	906	8
2	906	190
2	907	781
2	909	240
2	909	734
2	910	320
2	911	435
2	912	951
2	914	61
2	914	737
2	915	19
2	915	579
2	915	944
2	916	250
2	918	256
2	919	322
2	919	707
2	921	574
2	922	158
2	923	12
2	923	208
2	923	953
2	924	947
2	925	200
2	926	288
2	928	118
2	928	170
2	928	367
2	928	596
2	929	252
2	929	581
2	929	862
2	929	972
2	930	475
2	930	919
2	931	670
2	934	851
2	934	950
2	935	105
2	936	360
2	938	810
2	943	257
2	944	569
2	945	172
2	945	378
2	947	911
2	949	465
2	950	807
2	951	269
2	952	321
2	952	508
2	952	856
2	956	289
2	957	832
2	959	785
2	960	211
2	964	736
2	965	405
2	965	630
2	965	870
2	967	584
2	968	35
2	971	693
2	973	385
2	973	936
2	974	83
2	974	494
2	975	201
2	975	628
2	976	344
2	976	554
2	976	716
2	977	327
2	978	155
2	978	722
2	979	850
2	980	182
2	980	730
2	980	974
2	981	409
2	981	599
2	982	113
2	982	376
2	982	664
2	984	220
2	984	323
2	984	799
2	984	854
2	985	485
2	985	501
2	985	738
2	985	745
2	986	744
2	987	285
2	987	380
2	988	325
2	988	418
2	989	218
2	989	366
2	989	459
2	989	794
2	990	33
2	990	558
2	991	280
2	991	384
2	992	16
2	992	300
2	994	142
2	994	307
2	994	557
2	995	125
2	995	591
2	995	965
2	996	215
2	996	496
2	996	519
2	997	346
2	997	524
2	997	536
2	997	741
2	999	45
2	999	47
2	999	121
2	1000	23
2	1000	144
2	1000	665
2	1000	886
