2	-1	0
2	1	564
2	2	212
2	2	299
2	3	906
2	4	98
2	5	766
2	6	886
2	7	303
2	9	699
2	11	22
2	11	95
2	13	174
2	13	240
2	14	306
2	15	309
2	16	77
2	16	396
2	17	89
2	17	985
2	19	748
2	24	113
2	24	712
2	24	905
2	25	383
2	26	162
2	26	186
2	26	503
2	27	888
2	28	742
2	31	436
2	33	560
2	34	972
2	37	368
2	37	625
2	38	435
2	40	116
2	41	335
2	41	415
2	41	862
2	42	65
2	43	424
2	44	323
2	44	467
2	45	264
2	45	330
2	45	627
2	46	930
2	47	2
2	48	387
2	49	104
2	50	249
2	50	251
2	51	472
2	53	56
2	55	10
2	55	976
2	57	708
2	57	875
2	58	44
2	58	231
2	58	311
2	58	350
2	58	463
2	58	532
2	58	665
2	59	738
2	59	761
2	59	777
2	61	361
2	61	857
2	61	917
2	63	14
2	64	398
2	65	26
2	65	78
2	65	206
2	65	462
2	65	818
2	66	499
2	66	659
2	67	6
2	68	277
2	68	307
2	68	412
2	68	575
2	69	300
2	70	17
2	70	348
2	70	695
2	73	469
2	73	757
2	73	954
2	75	737
2	76	202
2	76	232
2	76	584
2	78	173
2	79	269
2	80	70
2	80	632
2	80	967
2	81	528
2	82	912
2	83	33
2	84	477
2	84	968
2	85	166
2	85	493
2	86	297
2	86	520
2	86	759
2	86	797
2	87	683
2	88	540
2	89	318
2	89	835
2	91	690
2	92	434
2	93	678
2	94	448
2	95	9
2	95	527
2	97	236
2	97	913
2	99	475
2	100	955
2	100	971
2	101	894
2	102	706
2	103	5
2	103	242
2	103	952
2	105	261
2	105	372
2	106	276
2	107	4
2	107	995
2	108	918
2	109	313
2	110	37
2	110	63
2	110	363
2	112	795
2	113	99
2	113	541
2	115	534
2	115	768
2	116	506
2	117	418
2	117	465
2	119	322
2	119	468
2	121	255
2	122	141
2	122	338
2	127	62
2	129	783
2	130	447
2	131	393
2	131	425
2	132	20
2	133	781
2	134	114
2	135	291
2	136	96
2	137	698
2	138	576
2	138	684
2	139	289
2	140	758
2	141	194
2	141	253
2	141	902
2	144	489
2	145	394
2	146	244
2	146	697
2	146	739
2	147	308
2	148	211
2	148	794
2	149	422
2	149	982
2	151	883
2	154	119
2	154	495
2	155	73
2	155	369
2	155	613
2	157	730
2	158	509
2	158	686
2	159	607
2	160	75
2	160	720
2	160	943
2	161	700
2	163	174
2	163	820
2	165	191
2	165	510
2	166	648
2	166	740
2	167	552
2	167	899
2	168	478
2	171	514
2	173	853
2	174	238
2	174	622
2	174	817
2	175	306
2	175	915
2	177	299
2	177	365
2	177	857
2	178	661
2	179	111
2	179	167
2	181	598
2	182	263
2	183	193
2	183	704
2	184	492
2	187	413
2	189	259
2	189	395
2	189	504
2	192	762
2	192	799
2	193	49
2	195	436
2	195	664
2	199	580
2	200	692
2	200	863
2	201	594
2	203	405
2	204	619
2	204	679
2	209	258
2	210	34
2	211	94
2	213	92
2	216	334
2	216	657
2	216	837
2	217	507
2	217	685
2	218	333
2	218	695
2	220	292
2	222	40
2	223	21
2	223	178
2	225	390
2	229	420
2	229	485
2	230	641
2	230	977
2	232	611
2	232	618
2	233	599
2	233	645
2	234	239
2	234	298
2	235	649
2	235	694
2	236	346
2	238	511
2	238	601
2	239	565
2	241	543
2	241	867
2	243	943
2	244	117
2	244	371
2	244	411
2	244	518
2	250	732
2	252	243
2	252	566
2	254	357
2	257	663
2	259	330
2	261	623
2	262	393
2	263	254
2	264	227
2	265	155
2	266	278
2	267	266
2	267	476
2	267	588
2	269	800
2	271	892
2	272	157
2	276	121
2	276	581
2	276	739
2	277	591
2	277	856
2	278	491
2	279	256
2	279	929
2	280	347
2	280	401
2	280	766
2	280	911
2	281	538
2	282	327
2	282	424
2	284	277
2	284	553
2	285	251
2	287	918
2	290	23
2	290	91
2	290	691
2	291	182
2	293	63
2	293	437
2	295	897
2	297	643
2	298	854
2	299	534
2	300	88
2	300	378
2	300	751
2	301	253
2	302	735
2	303	10
2	303	579
2	307	470
2	307	474
2	307	832
2	308	192
2	308	218
2	310	759
2	311	469
2	312	537
2	312	779
2	313	959
2	315	35
2	317	87
2	317	635
2	318	39
2	318	818
2	320	431
2	327	769
2	329	400
2	330	30
2	333	173
2	333	331
2	334	360
2	334	451
2	335	422
2	337	652
2	338	295
2	338	409
2	338	682
2	338	801
2	339	69
2	339	234
2	339	522
2	339	713
2	341	472
2	342	724
2	343	981
2	344	379
2	344	833
2	346	338
2	346	391
2	349	150
2	349	454
2	350	263
2	350	729
2	351	140
2	352	32
2	354	559
2	356	676
2	357	863
2	357	974
2	359	354
2	359	541
2	359	650
2	359	722
2	360	564
2	364	43
2	364	774
2	366	445
2	367	172
2	367	210
2	368	335
2	369	316
2	370	372
2	370	935
2	372	219
2	372	647
2	372	672
2	375	40
2	377	24
2	377	662
2	382	153
2	383	154
2	384	862
2	385	460
2	385	923
2	386	181
2	386	217
2	387	496
2	387	897
2	388	524
2	389	3
2	389	996
2	390	466
2	390	787
2	391	778
2	392	64
2	392	73
2	392	969
2	393	423
2	394	736
2	396	836
2	402	859
2	403	275
2	404	631
2	405	883
2	406	589
2	407	440
2	407	615
2	409	784
2	410	528
2	410	600
2	410	933
2	411	912
2	412	968
2	414	468
2	414	532
2	414	890
2	414	970
2	415	176
2	415	695
2	415	717
2	415	720
2	416	71
2	418	637
2	420	214
2	422	611
2	423	112
2	424	314
2	424	344
2	425	27
2	425	51
2	425	246
2	425	745
2	426	557
2	427	70
2	427	159
2	428	447
2	431	46
2	431	323
2	432	102
2	435	48
2	435	644
2	438	340
2	438	608
2	438	712
2	439	143
2	440	571
2	442	749
2	444	543
2	446	743
2	449	657
2	449	739
2	451	129
2	453	107
2	454	346
2	454	806
2	455	814
2	458	777
2	460	376
2	461	124
2	461	433
2	461	555
2	462	91
2	462	377
2	462	626
2	463	334
2	464	859
2	469	147
2	469	884
2	470	85
2	473	871
2	473	966
2	474	785
2	475	471
2	476	546
2	476	715
2	478	173
2	478	312
2	478	343
2	479	209
2	482	553
2	482	607
2	483	199
2	485	513
2	486	971
2	487	358
2	488	264
2	488	709
2	488	912
2	489	140
2	489	239
2	489	540
2	490	197
2	490	438
2	491	599
2	491	643
2	493	420
2	494	108
2	496	501
2	499	770
2	500	822
2	501	653
2	501	659
2	502	8
2	502	621
2	502	755
2	503	67
2	503	371
2	503	405
2	503	650
2	503	796
2	505	629
2	505	915
2	507	759
2	507	804
2	508	544
2	509	300
2	511	820
2	512	461
2	512	510
2	514	293
2	515	758
2	515	763
2	515	972
2	516	126
2	516	780
2	517	472
2	517	867
2	522	788
2	527	276
2	527	336
2	528	288
2	529	750
2	530	320
2	531	388
2	533	109
2	534	477
2	534	741
2	536	375
2	538	434
2	538	776
2	541	448
2	541	766
2	542	210
2	542	682
2	545	132
2	546	492
2	547	353
2	547	851
2	548	826
2	548	961
2	550	605
2	551	593
2	551	616
2	555	35
2	556	56
2	556	687
2	557	11
2	557	309
2	558	524
2	559	20
2	560	714
2	562	335
2	562	845
2	565	230
2	566	200
2	566	384
2	567	940
2	568	342
2	572	443
2	572	606
2	573	101
2	573	797
2	573	833
2	573	905
2	577	333
2	577	737
2	578	150
2	579	72
2	579	706
2	580	549
2	580	632
2	581	359
2	581	419
2	583	48
2	588	266
2	589	662
2	590	639
2	591	459
2	591	576
2	592	311
2	592	383
2	592	596
2	595	341
2	595	967
2	596	558
2	597	713
2	598	361
2	598	473
2	598	519
2	598	577
2	598	637
2	599	930
2	600	680
2	601	915
2	602	839
2	606	164
2	606	722
2	608	615
2	609	563
2	610	220
2	610	735
2	611	29
2	611	346
2	613	697
2	615	49
2	615	260
2	615	959
2	616	185
2	617	323
2	619	241
2	620	141
2	620	537
2	620	708
2	621	282
2	622	157
2	622	317
2	624	689
2	625	294
2	625	696
2	626	52
2	627	186
2	629	312
2	630	464
2	631	328
2	634	237
2	634	481
2	634	809
2	636	332
2	636	718
2	637	804
2	638	134
2	638	672
2	638	1000
2	639	21
2	640	152
2	641	378
2	641	550
2	642	633
2	646	441
2	648	771
2	651	603
2	651	778
2	652	525
2	654	313
2	655	178
2	655	526
2	655	589
2	657	597
2	658	154
2	660	37
2	660	315
2	660	743
2	661	773
2	662	943
2	665	39
2	666	76
2	666	555
2	667	704
2	669	581
2	669	685
2	670	453
2	670	839
2	671	355
2	675	16
2	675	280
2	675	806
2	676	682
2	678	146
2	678	247
2	679	149
2	679	692
2	680	254
2	680	640
2	681	861
2	682	468
2	682	564
2	682	872
2	682	967
2	683	411
2	684	118
2	684	171
2	684	192
2	685	546
2	686	593
2	687	532
2	687	843
2	689	434
2	689	854
2	690	299
2	690	667
2	691	846
2	691	916
2	691	949
2	692	54
2	692	255
2	696	732
2	696	774
2	697	784
2	701	104
2	701	738
2	703	533
2	704	19
2	704	23
2	704	723
2	705	326
2	706	10
2	707	306
2	707	904
2	708	705
2	709	623
2	710	286
2	713	365
2	713	724
2	714	448
2	715	110
2	715	177
2	715	500
2	715	826
2	716	933
2	717	249
2	717	415
2	721	420
2	721	458
2	723	73
2	723	143
2	725	209
2	725	401
2	726	290
2	726	490
2	728	36
2	729	147
2	729	552
2	730	474
2	731	677
2	732	781
2	734	314
2	736	777
2	736	843
2	737	690
2	738	477
2	739	302
2	740	121
2	741	232
2	742	545
2	743	839
2	744	218
2	746	432
2	747	204
2	747	644
2	747	805
2	748	331
2	750	34
2	751	206
2	751	734
2	753	189
2	753	457
2	755	55
2	755	122
2	755	460
2	756	482
2	756	932
2	757	25
2	757	575
2	757	792
2	758	359
2	758	496
2	760	425
2	762	58
2	762	250
2	762	822
2	763	795
2	765	181
2	765	469
2	765	619
2	766	69
2	766	755
2	768	951
2	769	609
2	769	646
2	770	373
2	771	731
2	771	908
2	773	257
2	774	785
2	779	3
2	779	742
2	781	281
2	781	363
2	783	342
2	785	130
2	787	634
2	788	159
2	788	456
2	789	93
2	795	586
2	797	294
2	798	38
2	798	196
2	799	549
2	799	684
2	800	187
2	800	265
2	801	435
2	803	683
2	804	43
2	804	670
2	804	875
2	805	163
2	805	846
2	807	557
2	808	485
2	809	2
2	810	307
2	811	205
2	812	874
2	813	51
2	813	140
2	813	720
2	817	94
2	817	464
2	817	887
2	818	994
2	821	499
2	821	546
2	821	659
2	822	428
2	823	39
2	824	603
2	824	712
2	825	223
2	825	553
2	825	569
2	827	424
2	827	444
2	827	844
2	828	304
2	829	72
2	829	174
2	829	696
2	830	312
2	832	442
2	833	81
2	833	185
2	833	480
2	836	599
2	837	719
2	838	111
2	838	347
2	838	364
2	839	338
2	841	53
2	841	655
2	841	709
2	841	772
2	842	370
2	842	386
2	843	308
2	844	436
2	844	543
2	845	274
2	845	606
2	846	807
2	847	632
2	847	796
2	849	344
2	851	295
2	852	635
2	853	82
2	853	150
2	853	374
2	853	399
2	854	184
2	854	687
2	854	914
2	856	282
2	857	12
2	858	616
2	859	430
2	859	955
2	861	131
2	862	584
2	863	322
2	863	591
2	864	498
2	864	568
2	866	492
2	868	398
2	873	779
2	874	136
2	874	268
2	874	940
2	875	357
2	876	214
2	876	718
2	877	576
2	879	708
2	881	372
2	883	451
2	884	80
2	884	615
2	885	367
2	885	550
2	888	618
2	888	681
2	889	201
2	891	311
2	891	323
2	893	147
2	895	67
2	895	199
2	895	908
2	896	640
2	896	789
2	897	420
2	897	566
2	898	561
2	899	571
2	900	324
2	900	927
2	901	759
2	901	987
2	903	239
2	904	7
2	905	361
2	905	842
2	906	216
2	907	407
2	907	824
2	907	895
2	909	321
2	909	551
2	910	232
2	911	547
2	912	462
2	912	787
2	914	191
2	914	515
2	915	358
2	916	602
2	918	156
2	918	353
2	919	363
2	920	581
2	921	301
2	921	716
2	923	411
2	924	279
2	924	965
2	925	182
2	925	558
2	927	21
2	927	143
2	927	486
2	928	522
2	929	24
2	929	118
2	929	762
2	930	31
2	930	597
2	930	911
2	931	117
2	931	266
2	931	633
2	934	735
2	936	173
2	937	578
2	939	783
2	940	365
2	940	440
2	941	413
2	941	710
2	943	349
2	943	354
2	945	345
2	945	484
2	945	870
2	946	686
2	948	514
2	948	666
2	951	181
2	953	723
2	954	883
2	955	128
2	955	159
2	955	406
2	955	769
2	956	495
2	956	630
2	957	652
2	958	290
2	958	713
2	959	428
2	959	473
2	960	565
2	961	417
2	961	517
2	963	493
2	963	853
2	964	471
2	965	335
2	965	711
2	966	249
2	967	219
2	970	828
2	971	52
2	971	986
2	974	172
2	974	632
2	974	965
2	975	246
2	975	976
2	977	197
2	977	617
2	978	233
2	978	250
2	978	942
2	980	89
2	981	849
2	981	888
2	982	25
2	982	92
2	983	518
2	984	773
2	985	721
2	986	364
2	987	280
2	988	34
2	988	91
2	988	469
2	992	104
2	993	62
2	994	752
2	995	170
2	996	320
2	997	432
2	998	692
2	998	930
2	999	501
2	999	651
