2	-1	0
2	1	311
2	3	10
2	3	50
2	3	682
2	4	58
2	4	347
2	4	871
2	6	569
2	7	498
2	7	963
2	8	18
2	8	611
2	9	15
2	10	566
2	12	374
2	12	961
2	13	470
2	14	28
2	14	215
2	15	545
2	15	962
2	17	101
2	17	150
2	18	457
2	19	416
2	21	49
2	21	564
2	21	635
2	22	145
2	22	297
2	22	598
2	23	23
2	23	732
2	27	752
2	27	808
2	29	915
2	31	423
2	32	934
2	33	333
2	33	547
2	34	379
2	34	396
2	35	283
2	36	526
2	37	116
2	37	607
2	38	781
2	40	387
2	41	226
2	41	276
2	41	815
2	42	285
2	42	365
2	42	584
2	42	636
2	42	676
2	42	780
2	43	616
2	43	794
2	43	966
2	47	218
2	49	173
2	49	219
2	50	13
2	51	232
2	51	972
2	52	357
2	52	913
2	55	841
2	56	189
2	56	757
2	57	342
2	57	425
2	58	153
2	58	955
2	61	177
2	61	420
2	61	715
2	62	862
2	64	705
2	64	731
2	65	193
2	66	221
2	66	301
2	68	26
2	68	754
2	69	329
2	69	436
2	70	109
2	70	251
2	70	444
2	72	388
2	73	511
2	73	775
2	73	969
2	74	417
2	76	181
2	76	447
2	77	568
2	78	546
2	79	313
2	80	74
2	80	472
2	81	235
2	81	570
2	82	463
2	84	80
2	84	405
2	88	66
2	89	509
2	89	601
2	91	170
2	91	360
2	93	389
2	93	499
2	93	989
2	95	619
2	95	864
2	97	866
2	98	439
2	101	200
2	102	639
2	103	330
2	103	863
2	104	409
2	104	677
2	105	797
2	107	659
2	107	727
2	108	450
2	109	328
2	109	332
2	109	604
2	110	135
2	110	507
2	111	523
2	111	756
2	114	739
2	115	175
2	115	541
2	116	197
2	116	410
2	116	456
2	117	796
2	118	398
2	119	514
2	121	111
2	121	372
2	121	392
2	122	4
2	122	589
2	122	814
2	122	942
2	124	334
2	124	348
2	126	171
2	126	210
2	130	292
2	130	535
2	131	763
2	133	378
2	134	599
2	134	803
2	137	467
2	137	592
2	138	164
2	139	96
2	140	68
2	143	362
2	146	65
2	147	385
2	148	714
2	150	571
2	151	100
2	152	528
2	158	421
2	158	720
2	159	225
2	160	550
2	161	147
2	161	304
2	161	510
2	162	448
2	163	820
2	164	340
2	165	204
2	167	158
2	167	350
2	167	371
2	167	777
2	168	7
2	168	432
2	171	287
2	172	933
2	173	302
2	176	229
2	177	618
2	177	801
2	177	834
2	178	652
2	179	540
2	180	612
2	182	869
2	183	66
2	186	843
2	187	161
2	187	643
2	187	828
2	188	628
2	190	261
2	190	461
2	191	487
2	191	638
2	192	701
2	194	319
2	195	411
2	196	16
2	196	749
2	197	737
2	200	93
2	200	224
2	200	691
2	202	240
2	202	418
2	203	286
2	203	298
2	204	400
2	204	536
2	204	537
2	206	548
2	206	629
2	206	841
2	207	547
2	208	472
2	208	819
2	208	914
2	209	104
2	210	866
2	212	402
2	214	326
2	215	970
2	216	311
2	216	864
2	218	160
2	219	615
2	219	837
2	221	27
2	221	382
2	221	524
2	222	216
2	222	976
2	224	936
2	228	317
2	228	923
2	231	5
2	231	627
2	231	662
2	234	465
2	235	77
2	236	386
2	237	632
2	237	729
2	239	70
2	239	516
2	240	17
2	241	564
2	241	868
2	245	489
2	246	172
2	247	587
2	249	23
2	249	470
2	255	22
2	255	255
2	257	775
2	259	914
2	260	653
2	261	553
2	263	406
2	263	414
2	264	578
2	265	812
2	266	981
2	267	757
2	268	288
2	269	913
2	270	258
2	272	143
2	273	736
2	275	69
2	275	459
2	275	508
2	276	126
2	277	917
2	278	2
2	279	499
2	280	828
2	282	310
2	282	398
2	283	958
2	284	145
2	285	764
2	287	624
2	287	634
2	288	401
2	288	572
2	289	759
2	290	719
2	293	751
2	294	783
2	295	101
2	295	123
2	295	333
2	295	363
2	296	458
2	298	33
2	300	282
2	300	348
2	301	47
2	301	322
2	303	420
2	303	856
2	304	450
2	304	453
2	305	370
2	305	431
2	305	987
2	307	424
2	308	19
2	310	265
2	311	233
2	312	184
2	312	902
2	312	934
2	313	122
2	313	180
2	313	985
2	315	231
2	316	201
2	316	631
2	317	38
2	317	415
2	317	491
2	317	834
2	319	579
2	320	345
2	320	377
2	321	131
2	323	141
2	323	198
2	324	94
2	324	779
2	325	155
2	325	308
2	325	523
2	325	965
2	326	280
2	326	534
2	327	338
2	327	430
2	328	35
2	328	367
2	328	749
2	331	316
2	334	309
2	334	392
2	334	482
2	334	606
2	337	435
2	337	519
2	337	585
2	337	699
2	337	804
2	338	754
2	339	332
2	339	369
2	339	644
2	339	660
2	340	218
2	340	515
2	340	529
2	340	674
2	341	87
2	341	535
2	342	227
2	342	413
2	344	422
2	344	506
2	344	839
2	346	301
2	347	906
2	348	241
2	348	611
2	348	711
2	348	990
2	350	8
2	350	299
2	350	350
2	350	620
2	351	628
2	352	872
2	353	527
2	353	607
2	353	891
2	355	164
2	356	79
2	356	371
2	356	840
2	358	597
2	361	437
2	362	205
2	364	941
2	366	958
2	367	693
2	368	191
2	369	605
2	370	267
2	370	334
2	370	599
2	371	593
2	372	551
2	372	778
2	373	619
2	374	532
2	374	562
2	378	404
2	381	263
2	383	803
2	384	961
2	385	243
2	385	388
2	385	470
2	385	853
2	385	881
2	385	928
2	386	212
2	387	202
2	388	574
2	390	694
2	391	48
2	391	56
2	394	659
2	394	683
2	394	709
2	396	192
2	397	354
2	398	95
2	398	300
2	400	999
2	402	204
2	403	679
2	404	197
2	405	563
2	407	177
2	408	557
2	408	790
2	408	808
2	409	129
2	410	522
2	414	770
2	415	357
2	416	559
2	416	728
2	417	93
2	418	216
2	420	250
2	421	256
2	421	378
2	421	784
2	422	764
2	427	649
2	428	444
2	431	839
2	432	596
2	433	550
2	434	445
2	434	655
2	435	483
2	436	176
2	436	276
2	437	320
2	438	351
2	438	657
2	438	921
2	439	686
2	440	725
2	440	991
2	441	715
2	442	734
2	444	46
2	444	170
2	444	704
2	445	236
2	445	582
2	445	782
2	447	822
2	448	126
2	449	514
2	449	663
2	450	230
2	451	493
2	454	331
2	456	465
2	458	537
2	459	798
2	460	222
2	460	548
2	461	295
2	461	586
2	462	173
2	462	462
2	462	544
2	462	629
2	465	311
2	465	457
2	466	996
2	467	411
2	467	531
2	467	750
2	469	224
2	469	291
2	469	476
2	469	584
2	469	785
2	472	325
2	472	788
2	474	65
2	475	213
2	477	247
2	478	84
2	478	653
2	479	318
2	479	697
2	480	680
2	480	808
2	481	324
2	481	730
2	483	824
2	485	485
2	485	608
2	486	392
2	486	952
2	488	297
2	488	314
2	488	646
2	489	358
2	489	475
2	490	781
2	492	171
2	492	497
2	492	862
2	493	21
2	493	565
2	494	39
2	494	58
2	495	67
2	495	723
2	495	821
2	497	22
2	499	615
2	499	752
2	500	77
2	503	375
2	504	278
2	505	193
2	507	641
2	508	219
2	509	40
2	510	488
2	512	849
2	513	310
2	513	473
2	514	168
2	514	491
2	515	366
2	515	757
2	515	837
2	515	897
2	516	13
2	516	689
2	517	822
2	518	3
2	518	337
2	518	579
2	519	365
2	520	447
2	520	805
2	521	20
2	522	637
2	524	11
2	524	19
2	524	208
2	524	571
2	525	414
2	525	600
2	525	747
2	526	843
2	527	347
2	529	272
2	529	570
2	529	601
2	530	108
2	530	669
2	531	459
2	532	852
2	534	264
2	535	330
2	535	454
2	540	927
2	542	749
2	543	274
2	543	346
2	545	895
2	546	228
2	546	853
2	547	502
2	548	207
2	548	273
2	548	994
2	549	131
2	549	518
2	549	674
2	552	949
2	554	245
2	555	164
2	555	679
2	556	286
2	557	449
2	560	410
2	561	667
2	561	786
2	562	141
2	562	484
2	563	63
2	563	345
2	563	787
2	564	569
2	565	88
2	565	305
2	565	702
2	565	720
2	567	356
2	567	559
2	567	758
2	568	744
2	569	79
2	569	283
2	570	783
2	571	607
2	571	643
2	572	640
2	572	686
2	573	61
2	574	520
2	575	12
2	575	803
2	576	241
2	576	469
2	577	838
2	577	970
2	579	398
2	579	455
2	580	913
2	581	439
2	582	659
2	583	746
2	584	35
2	584	148
2	584	428
2	584	602
2	584	766
2	586	400
2	587	421
2	589	480
2	589	676
2	590	160
2	592	492
2	592	644
2	592	692
2	594	246
2	596	780
2	598	158
2	598	231
2	598	402
2	598	460
2	598	795
2	598	799
2	599	66
2	599	668
2	599	821
2	601	610
2	601	664
2	603	250
2	604	109
2	604	316
2	604	526
2	607	875
2	608	762
2	611	722
2	614	5
2	617	523
2	619	811
2	624	235
2	624	321
2	624	372
2	624	531
2	628	364
2	629	445
2	630	567
2	630	753
2	630	909
2	632	124
2	633	620
2	634	605
2	636	662
2	638	785
2	639	290
2	639	651
2	639	736
2	642	268
2	643	218
2	643	554
2	644	443
2	645	362
2	646	248
2	647	471
2	650	971
2	651	112
2	651	500
2	653	457
2	653	726
2	654	81
2	654	195
2	654	919
2	655	838
2	656	577
2	656	721
2	658	461
2	659	654
2	660	648
2	660	995
2	662	494
2	663	541
2	664	166
2	664	488
2	666	408
2	668	103
2	668	181
2	669	50
2	669	199
2	669	621
2	670	282
2	670	624
2	671	590
2	671	682
2	673	163
2	674	732
2	675	680
2	676	75
2	676	171
2	677	913
2	679	552
2	679	553
2	682	527
2	683	177
2	683	407
2	683	533
2	684	307
2	684	887
2	684	910
2	685	259
2	687	253
2	687	262
2	687	512
2	688	399
2	692	358
2	692	481
2	692	627
2	692	694
2	692	897
2	694	224
2	695	385
2	695	406
2	696	2
2	696	264
2	698	422
2	699	14
2	701	300
2	702	31
2	702	54
2	703	347
2	704	261
2	704	418
2	704	932
2	705	33
2	705	855
2	706	16
2	706	751
2	706	791
2	707	537
2	707	801
2	708	405
2	708	516
2	708	936
2	709	276
2	710	298
2	710	745
2	710	1000
2	711	598
2	712	176
2	712	274
2	712	280
2	713	220
2	713	389
2	713	792
2	715	376
2	715	649
2	716	26
2	716	724
2	717	140
2	717	213
2	717	967
2	718	41
2	718	239
2	720	133
2	720	169
2	720	569
2	720	775
2	721	750
2	721	779
2	722	452
2	722	466
2	722	615
2	723	656
2	725	449
2	726	200
2	726	303
2	726	470
2	729	480
2	730	157
2	730	632
2	730	773
2	731	666
2	731	890
2	732	309
2	732	723
2	734	249
2	735	374
2	736	79
2	736	378
2	736	667
2	737	126
2	737	813
2	738	278
2	738	484
2	738	636
2	741	983
2	743	55
2	743	413
2	743	763
2	743	797
2	744	503
2	744	762
2	745	92
2	745	468
2	745	814
2	747	206
2	747	336
2	749	354
2	749	617
2	749	993
2	750	129
2	751	172
2	751	543
2	751	580
2	751	587
2	752	130
2	752	191
2	754	241
2	754	287
2	756	856
2	758	94
2	758	188
2	758	396
2	758	719
2	759	56
2	759	132
2	759	805
2	759	823
2	760	528
2	761	1
2	762	97
2	762	509
2	763	60
2	765	675
2	766	514
2	767	748
2	767	767
2	768	318
2	769	312
2	769	740
2	769	755
2	769	784
2	769	866
2	770	381
2	772	584
2	773	89
2	774	522
2	776	291
2	776	637
2	777	962
2	778	84
2	778	137
2	778	341
2	778	880
2	779	622
2	781	445
2	784	819
2	789	142
2	790	296
2	790	754
2	791	102
2	791	570
2	792	594
2	795	705
2	796	892
2	797	101
2	797	128
2	797	539
2	798	538
2	799	127
2	799	210
2	799	790
2	801	472
2	802	182
2	802	673
2	803	380
2	803	956
2	804	447
2	804	789
2	806	769
2	807	711
2	808	39
2	809	159
2	810	82
2	810	143
2	811	90
2	811	604
2	812	270
2	812	340
2	815	76
2	816	924
2	817	375
2	817	933
2	818	640
2	819	162
2	819	650
2	819	974
2	820	404
2	820	970
2	823	383
2	824	238
2	824	388
2	825	14
2	826	269
2	828	329
2	828	648
2	828	655
2	829	207
2	830	379
2	831	357
2	831	479
2	831	720
2	832	703
2	833	131
2	834	402
2	835	311
2	835	962
2	837	365
2	838	68
2	838	203
2	839	211
2	839	325
2	839	352
2	839	421
2	839	492
2	840	501
2	840	631
2	841	38
2	841	244
2	844	279
2	844	547
2	845	99
2	846	155
2	846	686
2	847	116
2	847	322
2	853	234
2	855	138
2	858	235
2	858	384
2	858	515
2	861	870
2	862	51
2	862	929
2	862	972
2	864	549
2	865	168
2	866	187
2	866	771
2	867	408
2	867	554
2	868	324
2	869	91
2	869	154
2	869	903
2	871	67
2	871	281
2	871	573
2	871	877
2	878	642
2	880	73
2	880	171
2	880	416
2	880	577
2	881	263
2	881	628
2	885	477
2	885	797
2	888	841
2	889	852
2	890	122
2	893	231
2	894	253
2	894	699
2	895	258
2	898	666
2	900	478
2	900	635
2	900	878
2	902	785
2	903	240
2	903	461
2	903	627
2	905	57
2	906	289
2	906	454
2	906	995
2	907	204
2	908	306
2	908	343
2	909	468
2	910	199
2	910	356
2	910	722
2	912	72
2	912	107
2	913	608
2	913	761
2	914	185
2	915	163
2	915	929
2	916	438
2	917	1
2	917	330
2	917	436
2	917	739
2	919	566
2	920	21
2	920	451
2	920	624
2	921	764
2	924	25
2	924	783
2	925	363
2	925	618
2	927	287
2	927	445
2	928	659
2	929	540
2	931	313
2	931	498
2	932	545
2	933	158
2	933	450
2	933	526
2	933	636
2	934	347
2	934	798
2	936	593
2	936	882
2	938	12
2	938	523
2	938	581
2	940	209
2	941	680
2	942	529
2	943	26
2	943	551
2	944	483
2	947	124
2	947	668
2	948	78
2	948	638
2	949	34
2	949	491
2	949	605
2	950	433
2	950	527
2	950	550
2	950	658
2	951	749
2	953	530
2	955	396
2	956	53
2	956	149
2	956	252
2	956	533
2	956	781
2	957	875
2	957	970
2	958	146
2	959	410
2	959	543
2	960	255
2	960	705
2	961	696
2	961	768
2	962	344
2	963	66
2	963	228
2	964	643
2	965	267
2	966	918
2	967	166
2	968	685
2	969	61
2	969	153
2	970	46
2	970	156
2	971	571
2	972	140
2	972	646
2	973	413
2	973	521
2	974	47
2	974	169
2	974	747
2	975	417
2	975	490
2	976	711
2	977	20
2	980	191
2	981	957
2	982	277
2	983	684
2	983	805
2	984	591
2	986	517
2	987	290
2	989	348
2	989	661
2	990	587
2	990	966
2	991	446
2	992	351
2	993	315
2	993	353
2	994	546
2	995	181
2	996	274
2	996	766
2	997	531
2	998	49
2	999	794
2	1000	513
2	1001	70
2	1001	195
2	1001	323
2	1001	510
2	1001	625
2	1001	649
2	1002	602
2	1002	657
2	1004	15
2	1005	102
2	1007	316
2	1009	376
2	1009	424
2	1009	518
2	1009	792
2	1011	568
2	1011	818
2	1012	395
2	1012	457
2	1013	81
2	1013	522
2	1015	339
2	1016	370
2	1017	128
2	1017	434
2	1019	365
2	1020	243
2	1020	895
2	1021	273
2	1023	998
2	1026	459
2	1028	829
2	1030	139
2	1030	802
2	1035	310
2	1036	55
2	1036	504
2	1037	245
2	1040	469
2	1040	986
2	1041	819
2	1042	820
2	1043	227
2	1044	472
2	1044	937
2	1047	272
2	1047	703
2	1051	111
2	1051	155
2	1051	249
2	1051	752
2	1056	349
2	1056	489
2	1058	335
2	1059	679
2	1059	993
2	1060	93
2	1060	476
2	1061	371
2	1065	520
2	1067	432
2	1070	548
2	1071	699
2	1072	82
2	1073	444
2	1074	449
2	1075	99
2	1075	719
2	1076	104
2	1077	393
2	1080	632
2	1081	368
2	1082	3
2	1082	90
2	1082	499
2	1085	693
2	1086	26
2	1086	581
2	1087	324
2	1088	282
2	1088	511
2	1089	130
2	1089	617
2	1090	437
2	1091	655
2	1091	928
2	1093	318
2	1094	164
2	1094	461
2	1094	643
2	1095	215
2	1095	544
2	1096	106
2	1096	650
2	1096	929
2	1100	150
2	1101	481
2	1102	361
2	1102	628
2	1102	822
2	1103	439
2	1103	620
2	1103	634
2	1104	958
2	1105	993
2	1106	313
2	1106	496
2	1106	559
2	1108	147
2	1108	759
2	1108	762
2	1108	878
2	1109	552
2	1109	579
2	1111	132
2	1111	308
2	1112	140
2	1113	33
2	1113	319
2	1114	46
2	1114	76
2	1114	200
2	1115	1
2	1116	219
2	1118	570
2	1118	894
2	1119	415
2	1121	642
2	1125	244
2	1126	388
2	1127	420
2	1128	302
2	1129	25
2	1130	352
2	1130	405
2	1132	722
2	1134	912
2	1135	782
2	1137	429
2	1138	176
2	1138	527
2	1138	621
2	1139	627
2	1140	109
2	1140	720
2	1140	882
2	1140	958
2	1141	241
2	1143	8
2	1143	98
2	1143	348
2	1143	677
2	1144	858
2	1147	594
2	1147	790
2	1149	724
2	1150	922
2	1151	485
2	1152	588
2	1153	170
2	1156	616
2	1158	329
2	1158	667
2	1158	670
2	1161	890
2	1162	379
2	1162	687
2	1163	107
2	1164	731
2	1165	592
2	1165	928
2	1166	267
2	1167	948
2	1168	83
2	1168	376
2	1168	390
2	1169	145
2	1170	27
2	1171	42
2	1173	44
2	1173	665
2	1176	685
2	1177	822
2	1178	305
2	1180	593
2	1181	309
2	1181	899
2	1182	512
2	1183	624
2	1184	394
2	1184	882
2	1185	498
2	1185	610
2	1186	508
2	1188	84
2	1188	242
2	1190	246
2	1193	524
2	1194	320
2	1194	664
2	1194	726
2	1195	574
2	1196	306
2	1198	806
2	1199	539
2	1200	838
2	1202	606
2	1204	542
2	1204	945
2	1205	366
2	1205	821
2	1206	102
2	1206	707
2	1207	180
2	1207	561
2	1207	681
2	1208	340
2	1209	105
2	1209	161
2	1209	166
2	1210	644
2	1212	464
2	1213	929
2	1214	733
2	1214	767
2	1214	810
2	1216	237
2	1216	245
2	1217	294
2	1219	293
2	1219	703
2	1221	272
2	1221	374
2	1224	299
2	1225	304
2	1225	435
2	1226	693
2	1227	152
2	1227	367
2	1227	550
2	1228	638
2	1229	81
2	1230	511
2	1230	516
2	1230	659
2	1231	948
2	1233	549
2	1233	766
2	1235	171
2	1235	445
2	1235	655
2	1239	40
2	1241	201
2	1241	386
2	1241	957
2	1242	543
2	1243	786
2	1244	696
2	1247	447
2	1248	20
2	1249	369
2	1249	615
2	1250	916
2	1251	124
2	1251	457
2	1253	573
2	1254	274
2	1254	752
2	1255	263
2	1255	541
2	1258	165
2	1258	443
2	1258	781
2	1262	618
2	1262	827
2	1263	188
2	1266	582
2	1266	772
2	1268	863
2	1270	213
2	1272	998
2	1273	112
2	1273	448
2	1274	147
2	1275	360
2	1276	129
2	1278	132
2	1278	590
2	1278	746
2	1280	178
2	1280	594
2	1281	204
2	1281	670
2	1282	568
2	1284	192
2	1285	63
2	1286	118
2	1288	144
2	1288	284
2	1290	38
2	1290	456
2	1290	569
2	1292	17
2	1292	993
2	1292	996
2	1293	164
2	1293	940
2	1294	421
2	1294	666
2	1295	276
2	1298	497
2	1299	207
2	1301	162
2	1301	373
2	1302	335
2	1305	5
2	1305	47
2	1305	49
2	1306	913
2	1307	648
2	1308	361
2	1308	484
2	1309	466
2	1309	560
2	1309	647
2	1311	50
2	1314	2
2	1314	906
2	1315	123
2	1315	308
2	1317	292
2	1318	620
2	1318	977
2	1319	84
2	1319	475
2	1321	97
2	1322	639
2	1322	658
2	1322	667
2	1323	487
2	1325	59
2	1325	87
2	1325	149
2	1325	558
2	1325	676
2	1326	160
2	1327	481
2	1328	9
2	1328	388
2	1329	212
2	1329	855
2	1331	586
2	1333	588
2	1333	722
2	1334	3
2	1335	444
2	1335	665
2	1339	182
2	1342	422
2	1345	106
2	1346	45
2	1347	848
2	1348	380
2	1348	712
2	1349	55
2	1350	673
2	1351	344
2	1352	71
2	1353	198
2	1354	460
2	1355	404
2	1355	564
2	1356	21
2	1356	110
2	1356	365
2	1358	446
2	1359	150
2	1360	736
2	1360	765
2	1361	254
2	1361	575
2	1362	571
2	1362	763
2	1362	891
2	1363	104
2	1365	269
2	1365	282
2	1365	574
2	1365	764
2	1366	490
2	1366	992
2	1368	216
2	1368	609
2	1369	416
2	1371	88
2	1372	681
2	1373	74
2	1373	432
2	1374	496
2	1374	627
2	1375	331
2	1376	163
2	1377	79
2	1377	396
2	1377	855
2	1378	66
2	1378	253
2	1379	54
2	1379	908
2	1381	816
2	1383	936
2	1384	352
2	1384	631
2	1384	634
2	1384	731
2	1386	615
2	1387	228
2	1387	863
2	1388	248
2	1389	951
2	1390	109
2	1392	52
2	1394	334
2	1395	202
2	1396	526
2	1396	782
2	1396	991
2	1397	70
2	1398	743
2	1399	724
2	1399	839
2	1400	793
2	1402	102
2	1404	714
2	1405	503
2	1405	507
2	1406	345
2	1407	721
2	1409	188
2	1409	960
2	1411	363
2	1411	752
2	1413	406
2	1413	551
2	1414	613
2	1414	895
2	1417	458
2	1417	534
2	1417	597
2	1420	119
2	1420	405
2	1420	546
2	1422	68
2	1422	113
2	1423	815
2	1425	279
2	1426	589
2	1427	44
2	1427	227
2	1427	523
2	1427	825
2	1428	563
2	1428	767
2	1429	343
2	1430	4
2	1430	470
2	1432	196
2	1432	828
2	1435	677
2	1435	843
2	1436	710
2	1437	624
2	1438	831
2	1441	39
2	1441	242
2	1443	537
2	1444	644
2	1444	706
2	1445	607
2	1446	179
2	1447	678
2	1448	766
2	1450	987
2	1451	26
2	1452	926
2	1454	698
2	1460	407
2	1460	810
2	1461	577
2	1462	514
2	1465	602
2	1466	417
2	1467	468
2	1469	383
2	1470	371
2	1470	726
2	1472	660
2	1475	819
2	1475	832
2	1477	37
2	1479	364
2	1479	857
2	1480	981
2	1481	121
2	1481	245
2	1482	436
2	1482	912
2	1483	385
2	1483	657
2	1483	841
2	1484	428
2	1484	666
2	1484	690
2	1484	741
2	1485	10
2	1485	127
2	1485	586
2	1485	656
2	1486	164
2	1486	594
2	1488	235
2	1488	339
2	1488	720
2	1488	801
2	1490	206
2	1491	134
2	1491	328
2	1491	663
2	1492	184
2	1495	186
2	1495	190
2	1495	322
2	1496	389
2	1497	850
2	1500	32
2	1503	640
2	1504	578
2	1508	64
2	1509	132
2	1510	287
2	1510	442
2	1514	505
2	1516	561
2	1516	999
2	1519	434
2	1519	547
2	1520	546
2	1521	288
2	1522	693
2	1523	526
2	1525	89
2	1525	329
2	1525	893
2	1529	266
2	1529	671
2	1530	124
2	1530	659
2	1531	882
2	1532	34
2	1532	291
2	1534	108
2	1534	355
2	1534	734
2	1536	185
2	1536	567
2	1536	911
2	1537	285
2	1537	461
2	1537	920
2	1538	296
2	1539	43
2	1539	136
2	1540	131
2	1540	414
2	1542	564
2	1544	84
2	1546	297
2	1546	629
2	1547	161
2	1547	358
2	1548	85
2	1549	330
2	1553	70
2	1553	777
2	1554	661
2	1554	860
2	1556	222
2	1556	534
2	1557	83
2	1557	633
2	1558	642
2	1559	175
2	1559	925
2	1560	77
2	1560	528
2	1560	759
2	1562	138
2	1563	168
2	1563	966
2	1564	476
2	1564	636
2	1565	497
2	1566	253
2	1566	990
2	1570	264
2	1570	581
2	1571	188
2	1571	641
2	1571	762
2	1572	202
2	1573	145
2	1574	406
2	1575	402
2	1575	685
2	1576	13
2	1577	30
2	1578	601
2	1579	207
2	1580	92
2	1580	474
2	1581	453
2	1581	455
2	1583	80
2	1584	333
2	1586	962
2	1588	493
2	1588	973
2	1590	665
2	1591	111
2	1592	435
2	1592	540
2	1594	604
2	1594	638
2	1595	23
2	1595	480
2	1595	496
2	1597	696
2	1598	205
2	1599	162
2	1599	270
2	1599	591
2	1599	887
2	1600	212
2	1600	902
2	1601	126
2	1601	149
2	1602	2
2	1602	695
2	1603	141
2	1603	290
2	1603	312
2	1603	647
2	1603	747
2	1603	960
2	1604	68
2	1604	174
2	1604	281
2	1605	244
2	1606	183
2	1607	54
2	1607	324
2	1609	490
2	1609	607
2	1609	800
2	1610	609
2	1610	623
2	1611	51
2	1611	427
2	1612	544
2	1612	655
2	1613	284
2	1613	457
2	1614	704
2	1615	348
2	1616	820
2	1617	152
2	1618	201
2	1618	298
2	1618	654
2	1619	748
2	1622	462
2	1625	128
2	1625	737
2	1627	713
2	1627	898
2	1628	502
2	1628	964
2	1629	432
2	1629	715
2	1631	708
2	1632	272
2	1632	541
2	1632	742
2	1635	492
2	1635	906
2	1636	41
2	1637	194
2	1637	252
2	1637	973
2	1638	195
2	1639	381
2	1639	907
2	1640	426
2	1640	702
2	1641	444
2	1642	929
2	1643	456
2	1645	33
2	1645	849
2	1646	50
2	1646	990
2	1649	719
2	1650	470
2	1651	448
2	1653	717
2	1654	56
2	1654	829
2	1655	614
2	1657	20
2	1661	211
2	1662	923
2	1664	189
2	1665	987
2	1666	585
2	1667	833
2	1671	335
2	1673	199
2	1674	179
2	1674	847
2	1676	509
2	1677	15
2	1677	590
2	1677	652
2	1678	319
2	1680	265
2	1681	72
2	1681	952
2	1682	232
2	1682	350
2	1683	579
2	1683	672
2	1684	228
2	1685	645
2	1687	42
2	1688	718
2	1689	354
2	1690	566
2	1691	39
2	1693	439
2	1693	701
2	1694	274
2	1694	408
2	1694	521
2	1694	953
2	1695	159
2	1695	247
2	1695	735
2	1697	355
2	1698	292
2	1698	311
2	1699	49
2	1699	280
2	1699	965
2	1699	967
2	1700	615
2	1700	725
2	1701	762
2	1703	71
2	1703	317
2	1703	323
2	1703	691
2	1704	74
2	1704	649
2	1705	420
2	1706	529
2	1707	346
2	1710	148
2	1710	366
2	1711	203
2	1712	565
2	1712	902
2	1713	371
2	1716	639
2	1718	511
2	1719	155
2	1719	968
2	1721	120
2	1722	631
2	1723	401
2	1724	98
2	1725	112
2	1725	347
2	1725	574
2	1726	690
2	1726	733
2	1727	177
2	1727	613
2	1729	79
2	1729	723
2	1731	699
2	1732	162
2	1732	394
2	1733	385
2	1734	413
2	1736	637
2	1737	711
2	1737	952
2	1738	392
2	1738	771
2	1739	76
2	1739	626
2	1740	744
2	1741	192
2	1742	483
2	1743	715
2	1744	115
2	1745	440
2	1746	982
2	1747	81
2	1747	147
2	1747	374
2	1748	3
2	1750	65
2	1750	362
2	1752	31
2	1753	153
2	1754	278
2	1755	666
2	1755	797
2	1756	78
2	1758	720
2	1763	57
2	1764	524
2	1765	201
2	1767	1
2	1767	133
2	1767	226
2	1768	113
2	1768	291
2	1768	593
2	1768	748
2	1768	883
2	1769	16
2	1769	375
2	1769	859
2	1770	465
2	1771	18
2	1771	223
2	1771	433
2	1771	554
2	1772	233
2	1772	731
2	1774	344
2	1776	17
2	1776	640
2	1777	171
2	1777	963
2	1777	975
2	1778	271
2	1778	406
2	1778	696
2	1779	118
2	1779	383
2	1779	829
2	1779	911
2	1780	341
2	1783	146
2	1783	969
2	1785	296
2	1785	320
2	1785	455
2	1785	618
2	1786	282
2	1787	396
2	1788	266
2	1788	269
2	1788	490
2	1790	285
2	1790	595
2	1791	588
2	1792	478
2	1793	522
2	1794	707
2	1795	6
2	1796	636
2	1799	231
2	1799	539
2	1800	345
2	1801	2
2	1802	730
2	1803	41
2	1805	608
2	1807	216
2	1807	667
2	1808	352
2	1809	257
2	1809	349
2	1809	475
2	1810	91
2	1810	496
2	1810	775
2	1811	75
2	1813	128
2	1813	525
2	1814	244
2	1814	633
2	1814	706
2	1814	958
2	1815	607
2	1816	188
2	1816	584
2	1817	273
2	1817	589
2	1817	927
2	1818	7
2	1819	44
2	1819	181
2	1820	617
2	1821	202
2	1822	149
2	1822	236
2	1822	668
2	1823	301
2	1824	870
2	1825	417
2	1826	561
2	1827	454
2	1828	67
2	1828	793
2	1829	704
2	1832	538
2	1833	290
2	1835	281
2	1837	935
2	1839	671
2	1841	350
2	1842	174
2	1844	129
2	1845	996
2	1846	326
2	1847	97
2	1847	178
2	1848	163
2	1848	913
2	1850	248
2	1850	832
2	1852	951
2	1853	989
2	1853	992
2	1855	306
2	1855	380
2	1857	142
2	1857	458
2	1857	499
2	1858	150
2	1859	397
2	1860	533
2	1862	675
2	1862	695
2	1864	68
2	1864	446
2	1865	289
2	1865	466
2	1867	73
2	1867	470
2	1869	286
2	1870	35
2	1871	837
2	1874	933
2	1874	943
2	1875	605
2	1875	772
2	1876	70
2	1876	124
2	1877	379
2	1877	477
2	1878	197
2	1878	369
2	1878	409
2	1878	896
2	1879	560
2	1879	765
2	1880	209
2	1884	425
2	1885	42
2	1885	237
2	1886	5
2	1886	708
2	1887	351
2	1888	172
2	1888	542
2	1889	33
2	1889	893
2	1890	378
2	1891	125
2	1892	402
2	1892	905
2	1893	485
2	1893	491
2	1895	169
2	1896	222
2	1896	624
2	1896	738
2	1897	398
2	1898	45
2	1899	512
2	1900	52
2	1900	287
2	1901	368
2	1901	439
2	1901	501
2	1902	56
2	1902	530
2	1903	291
2	1903	681
2	1905	658
2	1905	763
2	1905	764
2	1906	805
2	1908	271
2	1909	195
2	1909	656
2	1912	390
2	1912	587
2	1912	635
2	1913	254
2	1914	20
2	1914	194
2	1914	902
2	1914	916
2	1915	709
2	1916	200
2	1916	627
2	1916	716
2	1917	513
2	1918	819
2	1920	240
2	1921	276
2	1922	245
2	1923	203
2	1923	865
2	1924	29
2	1924	510
2	1924	640
2	1926	427
2	1927	212
2	1927	241
2	1927	911
2	1928	469
2	1929	760
2	1929	910
2	1930	956
2	1931	107
2	1933	754
2	1937	574
2	1939	536
2	1939	736
2	1939	744
2	1940	19
2	1940	552
2	1941	634
2	1945	347
2	1946	173
2	1948	69
2	1948	710
2	1950	205
2	1951	188
2	1952	806
2	1954	411
2	1955	277
2	1955	800
2	1956	803
2	1957	440
2	1957	792
2	1958	298
2	1958	348
2	1958	572
2	1958	654
2	1959	144
2	1960	161
2	1960	457
2	1960	545
2	1960	790
2	1961	57
2	1961	230
2	1963	343
2	1963	679
2	1964	822
2	1965	259
2	1965	395
2	1965	412
2	1966	549
2	1967	437
2	1969	799
2	1970	360
2	1971	445
2	1971	921
2	1972	229
2	1973	236
2	1973	523
2	1974	53
2	1974	685
2	1975	10
2	1975	112
2	1975	484
2	1977	325
2	1977	886
2	1978	435
2	1979	274
2	1979	442
2	1980	120
2	1980	376
2	1981	661
2	1982	534
2	1984	973
2	1985	159
2	1985	453
2	1985	953
2	1986	143
2	1986	465
2	1986	579
2	1987	214
2	1987	714
2	1989	207
2	1990	162
2	1990	688
2	1990	904
2	1992	22
2	1993	500
2	1993	726
2	1994	39
2	1998	321
2	1998	596
2	1999	925
2	2002	97
2	2002	546
2	2003	418
2	2005	547
2	2005	700
2	2006	687
2	2007	141
2	2007	943
2	2008	492
2	2008	618
2	2009	198
2	2009	723
2	2010	98
2	2010	480
2	2010	610
2	2011	340
2	2011	522
2	2012	423
2	2012	693
2	2013	843
2	2014	964
2	2015	189
2	2015	332
2	2016	464
2	2017	475
2	2017	616
2	2018	334
2	2020	113
2	2021	353
2	2023	227
2	2023	502
2	2023	727
2	2024	244
2	2024	249
2	2024	666
2	2024	746
2	2025	48
2	2026	997
2	2027	148
2	2028	747
2	2029	734
2	2030	90
2	2030	202
2	2031	966
2	2032	25
2	2032	34
2	2033	848
2	2034	215
2	2034	677
2	2035	35
2	2035	871
2	2036	829
2	2037	751
2	2039	304
2	2039	663
2	2041	258
2	2042	601
2	2042	953
2	2044	1000
2	2045	738
2	2046	722
2	2047	491
2	2048	346
2	2048	711
2	2048	756
2	2049	16
2	2049	160
2	2050	119
2	2051	243
2	2051	550
2	2052	982
2	2053	139
2	2053	324
2	2054	456
2	2055	330
2	2057	13
2	2057	81
2	2058	904
2	2058	946
2	2060	557
2	2060	643
2	2061	355
2	2063	155
2	2063	232
2	2064	264
2	2064	684
2	2064	715
2	2065	149
2	2065	651
2	2066	335
2	2066	365
2	2066	505
2	2068	637
2	2068	835
2	2068	837
2	2068	939
2	2068	954
2	2069	279
2	2070	84
2	2070	443
2	2071	906
2	2072	67
2	2073	62
2	2073	158
2	2074	123
2	2075	51
2	2076	83
2	2076	965
2	2079	177
2	2079	322
2	2080	424
2	2080	619
2	2080	739
2	2081	103
2	2082	24
2	2082	682
2	2084	606
2	2084	662
2	2084	944
2	2086	388
2	2087	299
2	2088	328
2	2088	848
2	2088	935
2	2089	96
2	2089	359
2	2089	481
2	2090	132
2	2090	312
2	2090	397
2	2090	786
2	2092	427
2	2092	668
2	2094	265
2	2094	884
2	2095	604
2	2095	621
2	2096	374
2	2096	776
2	2097	544
2	2098	320
2	2098	468
2	2100	417
2	2100	509
2	2100	741
2	2101	273
2	2101	731
2	2102	110
2	2103	692
2	2103	929
2	2105	937
2	2106	563
2	2107	571
2	2107	752
2	2108	743
2	2108	977
2	2109	367
2	2110	638
2	2111	19
2	2111	490
2	2112	789
2	2112	972
2	2113	888
2	2115	135
2	2116	7
2	2117	736
2	2117	764
2	2118	877
2	2118	997
2	2121	8
2	2121	729
2	2122	364
2	2122	438
2	2122	514
2	2123	210
2	2123	954
2	2124	342
2	2124	377
2	2124	766
2	2125	671
2	2126	465
2	2126	909
2	2127	208
2	2128	311
2	2128	645
2	2129	914
2	2129	978
2	2130	510
2	2131	242
2	2134	819
2	2135	275
2	2135	581
2	2137	827
2	2137	979
2	2138	9
2	2139	742
2	2140	471
2	2140	769
2	2141	608
2	2142	38
2	2144	783
2	2150	128
2	2152	982
2	2154	5
2	2156	251
2	2158	98
2	2158	566
2	2160	719
2	2161	670
2	2167	406
2	2170	760
2	2170	934
2	2171	773
2	2172	31
2	2173	294
2	2174	675
2	2175	653
2	2175	778
2	2177	196
2	2177	255
2	2178	82
2	2178	304
2	2179	169
2	2179	517
2	2180	554
2	2181	393
2	2181	704
2	2181	726
2	2181	835
2	2182	145
2	2182	899
2	2184	631
2	2184	695
2	2186	900
2	2189	63
2	2189	112
2	2189	373
2	2190	72
2	2191	923
2	2192	696
2	2192	795
2	2193	567
2	2193	842
2	2194	698
2	2197	91
2	2197	765
2	2198	550
2	2199	552
2	2199	707
2	2199	838
2	2205	413
2	2208	239
2	2208	292
2	2209	227
2	2209	647
2	2209	689
2	2210	688
2	2211	615
2	2211	755
2	2213	873
2	2215	50
2	2216	95
2	2216	386
2	2217	690
2	2220	750
2	2221	73
2	2221	469
2	2221	633
2	2224	980
2	2225	179
2	2225	448
2	2226	56
2	2227	365
2	2227	412
2	2228	325
2	2229	537
2	2230	410
2	2231	492
2	2233	630
2	2234	22
2	2238	824
2	2239	930
2	2243	601
2	2243	705
2	2245	452
2	2246	627
2	2248	6
2	2248	116
2	2248	596
2	2248	597
2	2248	652
2	2249	194
2	2251	139
2	2251	711
2	2251	885
2	2252	506
2	2252	612
2	2253	220
2	2253	623
2	2253	766
2	2253	891
2	2255	221
2	2257	422
2	2259	941
2	2261	541
2	2262	464
2	2265	99
2	2265	383
2	2266	69
2	2266	732
2	2267	435
2	2270	372
2	2270	408
2	2271	931
2	2272	111
2	2272	419
2	2273	200
2	2273	516
2	2275	71
2	2275	108
2	2277	329
2	2277	415
2	2277	535
2	2277	900
2	2278	350
2	2280	396
2	2280	701
2	2280	907
2	2285	28
2	2285	724
2	2287	93
2	2287	400
2	2289	300
2	2291	216
2	2294	515
2	2294	774
2	2296	570
2	2299	31
2	2300	360
2	2300	763
2	2302	801
2	2304	775
2	2305	644
2	2305	665
2	2306	66
2	2306	358
2	2307	380
2	2307	467
2	2308	556
2	2309	148
2	2309	211
2	2309	517
2	2310	893
2	2312	523
2	2313	191
2	2313	791
2	2314	54
2	2314	90
2	2315	793
2	2317	331
2	2318	24
2	2318	807
2	2319	563
2	2319	636
2	2319	972
2	2322	378
2	2325	379
2	2327	534
2	2328	377
2	2329	87
2	2330	436
2	2330	519
2	2331	137
2	2332	576
2	2332	647
2	2333	560
2	2334	404
2	2336	167
2	2337	103
2	2337	291
2	2338	691
2	2338	794
2	2341	667
2	2343	649
2	2344	96
2	2344	648
2	2344	989
2	2345	253
2	2347	29
2	2347	508
2	2347	595
2	2347	805
2	2349	207
2	2349	315
2	2349	425
2	2351	276
2	2352	42
2	2352	579
2	2352	980
2	2353	76
2	2353	218
2	2353	499
2	2353	528
2	2355	217
2	2355	720
2	2356	311
2	2358	643
2	2359	115
2	2359	513
2	2360	604
2	2360	963
2	2361	267
2	2363	561
2	2364	204
2	2364	504
2	2365	155
2	2369	397
2	2373	44
2	2374	420
2	2374	512
2	2374	951
2	2376	121
2	2377	748
2	2378	122
2	2378	987
2	2379	219
2	2379	236
2	2379	929
2	2380	355
2	2381	821
2	2382	140
2	2382	165
2	2382	657
2	2383	384
2	2384	85
2	2385	569
2	2385	621
2	2385	796
2	2388	10
2	2389	309
2	2390	472
2	2390	703
2	2393	374
2	2394	719
2	2395	119
2	2395	234
2	2396	18
2	2396	53
2	2396	118
2	2397	270
2	2398	213
2	2400	924
2	2401	364
2	2401	468
2	2401	591
2	2402	927
2	2402	931
2	2405	255
2	2405	780
2	2406	266
2	2406	333
2	2406	826
2	2407	689
2	2409	47
2	2410	19
2	2410	966
2	2412	399
2	2413	337
2	2415	342
2	2417	725
2	2419	136
2	2421	189
2	2421	263
2	2421	416
2	2421	479
2	2421	965
2	2422	527
2	2424	229
2	2424	417
2	2425	156
2	2426	994
2	2428	233
2	2429	619
2	2429	934
2	2430	262
2	2431	755
2	2432	339
2	2433	184
2	2434	105
2	2438	881
2	2438	900
2	2439	670
2	2440	281
2	2440	552
2	2441	56
2	2442	6
2	2442	74
2	2442	867
2	2443	298
2	2444	271
2	2445	260
2	2445	606
2	2445	951
2	2446	400
2	2453	711
2	2454	240
2	2456	687
2	2459	57
2	2459	161
2	2459	166
2	2459	852
2	2460	251
2	2460	536
2	2461	131
2	2463	768
2	2465	375
2	2467	515
2	2469	160
2	2471	910
2	2472	447
2	2472	685
2	2472	923
2	2473	214
2	2474	764
2	2474	948
2	2475	722
2	2476	788
2	2477	352
2	2478	767
2	2478	975
2	2480	392
2	2485	257
2	2486	176
2	2487	288
2	2488	275
2	2489	40
2	2489	227
2	2491	112
2	2491	345
2	2491	601
2	2491	974
2	2492	168
2	2493	203
2	2493	637
2	2494	665
2	2494	929
2	2495	34
2	2495	538
2	2496	20
2	2496	204
2	2496	663
2	2497	470
2	2497	574
2	2497	681
2	2498	42
2	2500	27
2	2500	421
2	2501	295
2	2502	293
2	2502	651
2	2503	654
2	2504	575
2	2506	35
2	2506	170
2	2506	461
2	2507	815
2	2508	93
2	2508	924
2	2510	383
2	2511	941
2	2512	369
2	2514	78
2	2515	707
2	2516	250
2	2516	659
2	2517	129
2	2517	705
2	2518	597
2	2518	701
2	2519	423
2	2519	699
2	2519	865
2	2521	609
2	2521	660
2	2522	460
2	2523	740
2	2528	16
2	2528	325
2	2528	332
2	2534	388
2	2534	486
2	2535	55
2	2536	329
2	2536	786
2	2538	513
2	2538	529
2	2539	607
2	2540	147
2	2540	493
2	2540	913
2	2543	676
2	2544	75
2	2544	712
2	2546	466
2	2547	678
2	2548	175
2	2549	177
2	2549	448
2	2554	126
2	2558	478
2	2559	514
2	2561	43
2	2561	751
2	2563	169
2	2566	411
2	2566	864
2	2567	102
2	2569	180
2	2572	5
2	2572	149
2	2573	19
2	2573	967
2	2575	38
2	2577	194
2	2577	587
2	2578	333
2	2579	312
2	2579	917
2	2580	104
2	2580	666
2	2582	306
2	2582	573
2	2582	588
2	2584	106
2	2584	265
2	2585	746
2	2585	968
2	2587	624
2	2588	92
2	2588	548
2	2589	456
2	2591	394
2	2592	617
2	2593	438
2	2593	479
2	2594	151
2	2594	696
2	2595	399
2	2595	713
2	2597	239
2	2597	813
2	2598	356
2	2598	806
2	2601	36
2	2601	592
2	2602	526
2	2603	525
2	2603	568
2	2604	397
2	2605	81
2	2609	847
2	2610	721
2	2611	45
2	2612	653
2	2612	934
2	2615	26
2	2615	287
2	2616	79
2	2616	449
2	2616	589
2	2618	455
2	2620	199
2	2620	795
2	2621	12
2	2621	41
2	2621	290
2	2623	611
2	2625	165
2	2625	275
2	2626	494
2	2627	378
2	2628	168
2	2628	433
2	2629	15
2	2629	297
2	2629	742
2	2632	156
2	2632	245
2	2632	722
2	2632	951
2	2633	357
2	2633	627
2	2634	379
2	2635	941
2	2636	76
2	2636	133
2	2637	794
2	2640	512
2	2640	560
2	2642	89
2	2642	807
2	2644	647
2	2645	480
2	2645	689
2	2646	162
2	2647	8
2	2648	53
2	2649	105
2	2649	800
2	2652	161
2	2652	346
2	2654	134
2	2654	320
2	2654	726
2	2655	516
2	2657	48
2	2658	176
2	2659	25
2	2661	274
2	2661	523
2	2661	674
2	2662	348
2	2662	518
2	2663	52
2	2663	358
2	2663	692
2	2664	369
2	2664	390
2	2667	572
2	2669	64
2	2669	628
2	2671	748
2	2673	762
2	2674	755
2	2676	462
2	2677	669
2	2677	842
2	2679	841
2	2680	992
2	2681	201
2	2681	240
2	2681	543
2	2682	697
2	2683	170
2	2684	900
2	2685	510
2	2685	570
2	2686	908
2	2688	644
2	2688	730
2	2689	347
2	2689	373
2	2691	552
2	2691	727
2	2694	528
2	2695	566
2	2695	704
2	2695	729
2	2696	502
2	2696	527
2	2696	545
2	2697	44
2	2697	145
2	2697	221
2	2698	351
2	2698	709
2	2699	384
2	2701	604
2	2703	78
2	2703	282
2	2704	870
2	2705	272
2	2705	719
2	2706	278
2	2706	874
2	2710	35
2	2710	892
2	2713	143
2	2714	732
2	2715	591
2	2716	551
2	2717	389
2	2717	923
2	2718	181
2	2719	270
2	2720	917
2	2721	183
2	2722	544
2	2722	876
2	2724	706
2	2724	791
2	2726	129
2	2726	820
2	2726	916
2	2727	587
2	2727	632
2	2729	458
2	2729	498
2	2730	4
2	2730	254
2	2730	618
2	2730	700
2	2732	596
2	2733	155
2	2733	163
2	2733	280
2	2733	668
2	2740	367
2	2741	56
2	2742	524
2	2743	236
2	2744	680
2	2744	950
2	2748	115
2	2748	153
2	2748	324
2	2749	391
2	2749	869
2	2751	167
2	2752	763
2	2754	465
2	2755	908
2	2756	737
2	2758	16
2	2758	648
2	2761	399
2	2761	469
2	2762	400
2	2762	787
2	2767	725
2	2767	878
2	2768	421
2	2768	699
2	2769	184
2	2770	8
2	2770	920
2	2770	934
2	2771	117
2	2771	315
2	2771	615
2	2772	419
2	2773	408
2	2776	329
2	2776	808
2	2780	186
2	2780	378
2	2780	750
2	2781	365
2	2783	179
2	2783	875
2	2786	336
2	2786	694
2	2787	169
2	2787	466
2	2788	797
2	2789	482
2	2789	673
2	2789	979
2	2789	984
2	2790	237
2	2790	938
2	2791	37
2	2791	88
2	2796	691
2	2797	795
2	2797	954
2	2798	114
2	2798	212
2	2799	132
2	2799	645
2	2799	770
2	2801	165
2	2804	896
2	2806	227
2	2806	330
2	2807	66
2	2809	12
2	2809	881
2	2810	662
2	2811	43
2	2812	418
2	2812	718
2	2813	103
2	2813	491
2	2814	41
2	2815	198
2	2815	283
2	2817	196
2	2818	394
2	2819	355
2	2820	942
2	2822	373
2	2822	403
2	2822	432
2	2823	311
2	2824	262
2	2824	568
2	2826	998
2	2827	652
2	2828	741
2	2831	528
2	2833	332
2	2835	571
2	2837	80
2	2837	653
2	2837	675
2	2837	742
2	2838	305
2	2841	133
2	2841	326
2	2842	345
2	2842	744
2	2843	131
2	2843	534
2	2843	747
2	2844	532
2	2845	630
2	2847	608
2	2847	917
2	2848	813
2	2849	765
2	2850	463
2	2853	141
2	2853	447
2	2853	479
2	2854	580
2	2855	937
2	2855	970
2	2856	182
2	2856	861
2	2857	807
2	2859	503
2	2859	623
2	2859	778
2	2860	650
2	2860	788
2	2861	203
2	2861	246
2	2861	507
2	2861	821
2	2862	422
2	2863	206
2	2864	320
2	2865	157
2	2865	476
2	2865	789
2	2865	892
2	2866	102
2	2866	277
2	2866	667
2	2867	805
2	2868	509
2	2868	733
2	2869	910
2	2870	285
2	2870	705
2	2870	711
2	2871	100
2	2872	886
2	2873	135
2	2874	606
2	2875	458
2	2875	470
2	2875	655
2	2878	148
2	2878	486
2	2878	556
2	2878	897
2	2879	363
2	2883	266
2	2884	461
2	2888	719
2	2889	149
2	2890	838
2	2890	867
2	2892	204
2	2893	188
2	2894	50
2	2897	412
2	2898	211
2	2898	545
2	2900	570
2	2901	602
2	2902	22
2	2902	902
2	2905	301
2	2906	538
2	2907	156
2	2909	93
2	2909	481
2	2909	685
2	2911	561
2	2911	754
2	2913	457
2	2914	54
2	2914	724
2	2915	216
2	2915	674
2	2915	872
2	2916	764
2	2917	487
2	2920	442
2	2921	634
2	2922	563
2	2923	393
2	2923	769
2	2924	248
2	2924	271
2	2925	8
2	2925	585
2	2927	276
2	2927	658
2	2928	861
2	2932	172
2	2933	800
2	2934	952
2	2937	460
2	2938	336
2	2938	505
2	2938	873
2	2939	291
2	2939	782
2	2939	825
2	2941	361
2	2941	397
2	2942	75
2	2943	52
2	2945	352
2	2945	413
2	2945	804
2	2947	158
2	2947	222
2	2948	253
2	2948	433
2	2949	589
2	2951	401
2	2951	407
2	2952	214
2	2952	327
2	2953	993
2	2954	81
2	2955	427
2	2955	696
2	2955	915
2	2955	970
2	2956	215
2	2961	313
2	2961	350
2	2963	649
2	2964	436
2	2966	251
2	2966	430
2	2967	344
2	2968	127
2	2968	300
2	2969	29
2	2969	639
2	2969	710
2	2970	612
2	2972	116
2	2972	305
2	2973	286
2	2973	464
2	2973	586
2	2973	698
2	2974	578
2	2974	596
2	2975	749
2	2975	954
2	2976	57
2	2976	280
2	2976	519
2	2977	776
2	2977	942
2	2978	53
2	2978	228
2	2979	376
2	2980	615
2	2981	475
2	2983	238
2	2984	109
2	2986	7
2	2987	431
2	2987	631
2	2988	217
2	2988	893
2	2989	35
2	2990	176
2	2990	323
2	2990	752
2	2991	197
2	2994	13
2	2994	636
2	2996	79
2	2996	123
2	2997	507
2	2997	648
2	2998	152
2	2998	299
2	2998	331
2	2998	439
2	2999	411
2	3001	367
2	3001	448
2	3001	564
2	3002	734
2	3002	798
2	3003	2
2	3003	259
2	3003	625
2	3004	51
2	3004	306
2	3005	394
2	3006	687
2	3006	691
2	3007	146
2	3007	614
2	3008	449
2	3009	282
2	3011	95
2	3011	164
2	3011	196
2	3011	524
2	3011	536
2	3011	748
2	3011	950
2	3012	408
2	3014	814
2	3016	557
2	3016	742
2	3017	544
2	3018	67
2	3018	90
2	3019	419
2	3020	241
2	3021	98
2	3021	230
2	3022	260
2	3022	371
2	3023	145
2	3027	610
2	3027	796
2	3031	760
2	3036	118
2	3038	375
2	3038	756
2	3038	805
2	3039	690
2	3039	994
2	3042	28
2	3042	154
2	3043	273
2	3045	799
2	3047	733
2	3050	970
2	3051	298
2	3052	672
2	3054	396
2	3054	473
2	3055	892
2	3056	12
2	3056	372
2	3057	522
2	3057	675
2	3058	80
2	3058	180
2	3059	806
2	3062	113
2	3063	514
2	3064	309
2	3064	754
2	3066	532
2	3066	838
2	3066	950
2	3068	432
2	3069	558
2	3070	71
2	3070	244
2	3070	674
2	3070	813
2	3071	383
2	3072	203
2	3072	492
2	3073	666
2	3074	236
2	3077	982
2	3078	169
2	3078	284
2	3079	218
2	3080	853
2	3081	406
2	3081	872
2	3084	467
2	3085	59
2	3085	839
2	3086	61
2	3086	288
2	3089	945
2	3090	20
2	3090	268
2	3091	595
2	3091	739
2	3092	253
2	3094	512
2	3096	960
2	3098	361
2	3099	593
2	3101	744
2	3102	438
2	3104	167
2	3105	194
2	3105	688
2	3107	265
2	3107	616
2	3107	860
2	3108	221
2	3108	789
2	3112	233
2	3112	617
2	3113	251
2	3113	661
2	3116	8
2	3117	256
2	3118	526
2	3119	772
2	3120	332
2	3121	287
2	3121	358
2	3123	721
2	3124	629
2	3126	14
2	3126	187
2	3127	198
2	3128	551
2	3128	689
2	3129	354
2	3129	740
2	3130	301
2	3130	730
2	3133	829
2	3135	452
2	3135	787
2	3136	608
2	3137	389
2	3139	119
2	3140	866
2	3141	326
2	3141	404
2	3142	395
2	3142	800
2	3142	933
2	3142	938
2	3143	574
2	3144	212
2	3146	60
2	3146	66
2	3147	736
2	3148	204
2	3148	343
2	3149	691
2	3149	707
2	3151	631
2	3152	47
2	3152	634
2	3153	582
2	3154	703
2	3154	835
2	3155	529
2	3155	974
2	3156	912
2	3157	353
2	3159	470
2	3159	765
2	3160	153
2	3161	229
2	3162	98
2	3162	168
2	3163	560
2	3164	420
2	3165	737
2	3166	53
2	3166	421
2	3167	934
2	3171	6
2	3171	120
2	3171	150
2	3171	635
2	3173	255
2	3173	603
2	3174	276
2	3174	330
2	3175	412
2	3176	533
2	3177	370
2	3177	422
2	3178	399
2	3179	488
2	3179	644
2	3181	587
2	3182	397
2	3183	965
2	3185	128
2	3187	752
2	3187	851
2	3188	64
2	3190	246
2	3191	394
2	3193	606
2	3197	528
2	3198	367
2	3201	433
2	3201	561
2	3201	567
2	3201	929
2	3203	10
2	3203	335
2	3203	516
2	3206	217
2	3207	439
2	3207	724
2	3208	172
2	3208	290
2	3208	511
2	3209	396
2	3210	155
2	3210	592
2	3210	633
2	3214	298
2	3215	792
2	3216	108
2	3217	240
2	3217	505
2	3217	861
2	3218	369
2	3218	853
2	3219	415
2	3219	484
2	3222	250
2	3222	681
2	3224	33
2	3226	145
2	3227	655
2	3227	663
2	3228	477
2	3229	708
2	3231	605
2	3231	921
2	3232	615
2	3233	262
2	3234	407
2	3235	144
2	3236	699
2	3238	774
2	3239	429
2	3239	436
2	3239	742
2	3240	460
2	3241	161
2	3242	743
2	3244	317
2	3244	714
2	3244	785
2	3245	300
2	3246	37
2	3246	140
2	3247	483
2	3248	75
2	3249	16
2	3249	482
2	3249	589
2	3250	925
2	3251	883
2	3252	27
2	3252	430
2	3253	163
2	3253	642
2	3255	106
2	3255	836
2	3256	243
2	3257	205
2	3259	693
2	3260	583
2	3261	734
2	3262	767
2	3263	565
2	3264	722
2	3264	729
2	3266	266
2	3266	360
2	3266	914
2	3267	598
2	3268	86
2	3269	129
2	3269	406
2	3269	674
2	3270	452
2	3274	76
2	3274	142
2	3276	328
2	3276	380
2	3276	666
2	3276	819
2	3276	922
2	3277	325
2	3278	788
2	3279	938
2	3280	639
2	3281	786
2	3282	49
2	3282	635
2	3284	443
2	3284	940
2	3285	596
2	3286	196
2	3287	253
2	3287	748
2	3288	188
2	3289	212
2	3293	688
2	3294	285
2	3296	291
2	3298	569
2	3298	626
2	3299	618
2	3300	468
2	3301	490
2	3301	962
2	3302	249
2	3302	602
2	3304	340
2	3304	594
2	3304	659
2	3304	766
2	3305	790
2	3306	126
2	3308	116
2	3308	449
2	3308	752
2	3309	425
2	3309	568
2	3310	544
2	3312	538
2	3313	87
2	3313	912
2	3314	36
2	3314	247
2	3314	683
2	3319	503
2	3319	658
2	3319	942
2	3320	853
2	3321	378
2	3323	579
2	3324	890
2	3326	98
2	3327	222
2	3327	492
2	3330	588
2	3331	293
2	3331	331
2	3332	78
2	3332	962
2	3334	865
2	3335	463
2	3336	42
2	3337	271
2	3338	330
2	3339	5
2	3340	215
2	3340	450
2	3342	320
2	3342	704
2	3343	324
2	3343	375
2	3345	192
2	3347	29
2	3347	696
2	3347	715
2	3349	662
2	3349	794
2	3350	169
2	3351	193
2	3351	740
2	3352	82
2	3352	257
2	3352	391
2	3352	949
2	3354	72
2	3354	653
2	3356	210
2	3356	612
2	3357	22
2	3358	190
2	3358	631
2	3360	93
2	3361	135
2	3361	189
2	3362	147
2	3363	119
2	3363	265
2	3365	410
2	3367	404
2	3368	869
2	3369	295
2	3369	793
2	3369	930
2	3370	80
2	3372	31
2	3372	422
2	3374	454
2	3376	452
2	3376	682
2	3377	559
2	3377	723
2	3378	149
2	3378	244
2	3379	373
2	3381	353
2	3382	234
2	3384	171
2	3385	103
2	3385	241
2	3385	483
2	3385	541
2	3386	478
2	3386	655
2	3386	713
2	3386	757
2	3387	929
2	3389	557
2	3392	185
2	3392	316
2	3392	719
2	3392	791
2	3393	182
2	3394	199
2	3395	19
2	3395	617
2	3396	89
2	3396	412
2	3398	782
2	3399	187
2	3399	571
2	3400	123
2	3402	456
2	3402	742
2	3403	40
2	3403	63
2	3403	228
2	3404	154
2	3404	166
2	3404	304
2	3404	533
2	3405	172
2	3405	500
2	3408	971
2	3409	393
2	3411	599
2	3411	615
2	3411	797
2	3411	893
2	3413	357
2	3413	405
2	3415	506
2	3416	56
2	3416	574
2	3419	235
2	3419	527
2	3420	198
2	3420	403
2	3420	927
2	3421	251
2	3421	679
2	3421	758
2	3423	570
2	3425	67
2	3426	2
2	3427	413
2	3427	494
2	3427	732
2	3427	741
2	3428	155
2	3428	984
2	3429	560
2	3430	601
2	3430	925
2	3431	146
2	3431	299
2	3431	838
2	3432	274
2	3432	730
2	3433	34
2	3434	60
2	3434	607
2	3436	485
2	3437	27
2	3437	721
2	3437	727
2	3438	184
2	3438	815
2	3441	677
2	3442	110
2	3442	212
2	3443	591
2	3445	14
2	3445	53
2	3446	759
2	3449	850
2	3451	595
2	3452	982
2	3454	195
2	3457	943
2	3458	469
2	3459	493
2	3460	703
2	3460	764
2	3461	272
2	3463	694
2	3463	708
2	3464	498
2	3467	610
2	3470	550
2	3471	293
2	3471	382
2	3471	665
2	3472	163
2	3472	282
2	3472	407
2	3472	992
2	3473	705
2	3473	927
2	3474	883
2	3475	170
2	3475	214
2	3476	273
2	3476	375
2	3476	481
2	3479	100
2	3479	294
2	3479	480
2	3479	875
2	3480	340
2	3481	427
2	3482	647
2	3483	337
2	3484	35
2	3484	635
2	3486	287
2	3487	9
2	3487	619
2	3487	939
2	3488	70
2	3489	401
2	3489	509
2	3490	179
2	3490	208
2	3491	143
2	3492	549
2	3493	989
2	3494	141
2	3494	326
2	3495	582
2	3496	83
2	3499	364
2	3499	398
2	3500	477
2	3500	744
2	3501	210
2	3501	660
2	3503	542
2	3504	37
2	3505	318
2	3505	625
2	3505	649
2	3506	363
2	3506	499
2	3507	460
2	3507	982
2	3508	91
2	3508	96
2	3508	812
2	3509	416
2	3512	3
2	3514	284
2	3515	873
2	3516	332
2	3516	435
2	3517	175
2	3517	544
2	3517	925
2	3519	209
2	3522	505
2	3524	43
2	3524	814
2	3524	912
2	3526	816
2	3526	992
2	3527	345
2	3528	291
2	3530	826
2	3531	381
2	3532	745
2	3533	135
2	3533	801
2	3535	266
2	3536	13
2	3537	672
2	3539	98
2	3539	929
2	3540	446
2	3540	755
2	3541	158
2	3543	374
2	3545	670
2	3548	586
2	3551	48
2	3551	176
2	3551	787
2	3552	260
2	3552	301
2	3552	680
2	3553	930
2	3555	224
2	3555	529
2	3555	955
2	3556	428
2	3558	336
2	3559	270
2	3561	671
2	3562	131
2	3562	566
2	3564	354
2	3566	837
2	3567	69
2	3567	495
2	3568	844
2	3569	99
2	3570	173
2	3570	323
2	3571	278
2	3571	808
2	3572	327
2	3572	333
2	3573	68
2	3574	528
2	3578	454
2	3579	406
2	3580	572
2	3580	590
2	3582	177
2	3585	385
2	3586	463
2	3586	941
2	3587	876
2	3588	27
2	3588	701
2	3589	236
2	3590	125
2	3590	720
2	3591	423
2	3595	247
2	3595	348
2	3596	200
2	3596	207
2	3596	503
2	3596	642
2	3596	717
2	3598	685
2	3598	810
2	3599	493
2	3600	59
2	3600	731
2	3600	825
2	3601	154
2	3601	858
2	3606	367
2	3606	613
2	3609	902
2	3610	738
2	3611	310
2	3612	84
2	3612	682
2	3612	906
2	3613	271
2	3613	384
2	3614	254
2	3614	368
2	3615	353
2	3615	548
2	3616	928
2	3617	950
2	3621	95
2	3621	872
2	3621	966
2	3622	16
2	3624	541
2	3624	887
2	3625	54
2	3625	393
2	3625	398
2	3626	101
2	3627	501
2	3627	553
2	3628	22
2	3628	934
2	3630	550
2	3631	151
2	3631	513
2	3631	924
2	3633	248
2	3633	443
2	3634	952
2	3635	139
2	3635	165
2	3635	174
2	3635	357
2	3635	743
2	3635	892
2	3636	211
2	3636	432
2	3636	925
2	3638	288
2	3638	484
2	3639	403
2	3639	797
2	3640	471
2	3642	161
2	3642	639
2	3643	92
2	3643	298
2	3644	229
2	3645	979
2	3648	726
2	3648	977
2	3649	420
2	3651	315
2	3651	380
2	3651	727
2	3652	830
2	3653	118
2	3654	87
2	3654	444
2	3654	479
2	3654	763
2	3655	203
2	3656	433
2	3657	14
2	3659	296
2	3660	769
2	3661	123
2	3661	417
2	3663	401
2	3663	702
2	3664	115
2	3664	338
2	3664	700
2	3664	725
2	3665	255
2	3665	777
2	3666	5
2	3666	563
2	3667	102
2	3668	291
2	3669	83
2	3669	705
2	3673	759
2	3673	898
2	3674	707
2	3675	53
2	3676	635
2	3677	180
2	3679	441
2	3682	373
2	3683	89
2	3684	177
2	3684	650
2	3685	730
2	3686	138
2	3686	666
2	3687	157
2	3687	178
2	3687	770
2	3687	960
2	3691	452
2	3691	618
2	3691	693
2	3692	225
2	3693	896
2	3693	930
2	3694	236
2	3695	894
2	3696	571
2	3697	366
2	3697	604
2	3699	522
2	3700	283
2	3702	922
2	3703	148
2	3703	422
2	3704	77
2	3706	485
2	3706	728
2	3710	383
2	3710	951
2	3711	648
2	3713	257
2	3713	782
2	3716	624
2	3717	451
2	3717	687
2	3718	72
2	3718	891
2	3719	301
2	3719	381
2	3724	230
2	3724	238
2	3724	514
2	3726	8
2	3726	758
2	3727	57
2	3727	328
2	3728	395
2	3728	578
2	3729	953
2	3733	270
2	3733	643
2	3735	847
2	3738	314
2	3740	419
2	3741	274
2	3741	557
2	3744	186
2	3744	853
2	3745	552
2	3745	814
2	3746	551
2	3747	498
2	3747	665
2	3748	391
2	3748	594
2	3748	766
2	3749	483
2	3750	897
2	3751	292
2	3751	299
2	3751	586
2	3751	631
2	3751	938
2	3753	179
2	3754	413
2	3755	521
2	3755	634
2	3755	780
2	3756	81
2	3756	584
2	3760	358
2	3760	937
2	3762	73
2	3762	474
2	3764	593
2	3765	253
2	3766	217
2	3767	910
2	3768	318
2	3768	392
2	3769	621
2	3770	518
2	3770	781
2	3772	333
2	3772	335
2	3772	909
2	3773	450
2	3773	630
2	3773	668
2	3774	573
2	3777	644
2	3778	30
2	3778	54
2	3779	729
2	3780	293
2	3781	143
2	3782	42
2	3784	850
2	3785	535
2	3785	880
2	3786	491
2	3786	525
2	3786	695
2	3787	399
2	3787	500
2	3790	38
2	3791	876
2	3792	523
2	3793	565
2	3796	424
2	3797	433
2	3799	587
2	3799	628
2	3799	834
2	3800	2
2	3800	770
2	3800	942
2	3801	40
2	3801	119
2	3801	332
2	3801	404
2	3802	611
2	3803	176
2	3804	913
2	3805	85
2	3805	123
2	3805	822
2	3806	507
2	3807	302
2	3807	582
2	3807	711
2	3808	511
2	3808	641
2	3809	145
2	3809	742
2	3809	955
2	3810	755
2	3811	347
2	3811	561
2	3811	779
2	3812	562
2	3813	122
2	3814	100
2	3814	219
2	3815	922
2	3816	113
2	3816	130
2	3816	867
2	3819	51
2	3820	680
2	3823	585
2	3824	214
2	3824	623
2	3825	18
2	3825	842
2	3826	597
2	3828	701
2	3828	951
2	3829	277
2	3830	916
2	3831	512
2	3833	459
2	3835	99
2	3836	517
2	3837	205
2	3839	106
2	3839	447
2	3840	157
2	3840	306
2	3843	259
2	3844	569
2	3844	866
2	3845	560
2	3846	133
2	3846	429
2	3848	134
2	3848	669
2	3851	647
2	3852	258
2	3853	384
2	3853	566
2	3854	442
2	3855	341
2	3856	144
2	3856	264
2	3858	888
2	3859	152
2	3859	310
2	3859	732
2	3860	346
2	3861	68
2	3862	706
2	3862	765
2	3864	487
2	3864	826
2	3866	216
2	3866	295
2	3866	309
2	3868	698
2	3872	430
2	3873	753
2	3874	528
2	3874	596
2	3875	91
2	3875	469
2	3875	567
2	3876	46
2	3876	825
2	3877	325
2	3877	678
2	3877	775
2	3879	982
2	3880	799
2	3881	255
2	3882	182
2	3883	397
2	3883	642
2	3883	990
2	3884	56
2	3884	299
2	3884	320
2	3884	409
2	3884	575
2	3885	156
2	3885	175
2	3886	280
2	3886	501
2	3888	777
2	3890	229
2	3891	111
2	3891	115
2	3891	496
2	3893	625
2	3893	650
2	3893	716
2	3894	23
2	3894	139
2	3894	167
2	3894	673
2	3895	359
2	3897	618
2	3898	75
2	3898	458
2	3900	92
2	3900	188
2	3901	194
2	3901	263
2	3902	192
2	3903	521
2	3905	354
2	3905	902
2	3908	645
2	3909	785
2	3910	164
2	3911	26
2	3914	226
2	3914	740
2	3915	72
2	3915	720
2	3916	403
2	3918	398
2	3921	428
2	3921	758
2	3922	193
2	3922	944
2	3925	218
2	3925	826
2	3926	69
2	3926	323
2	3929	586
2	3930	61
2	3930	609
2	3930	949
2	3931	687
2	3934	57
2	3935	190
2	3935	364
2	3937	326
2	3937	824
2	3938	456
2	3938	660
2	3938	692
2	3939	389
2	3940	484
2	3942	77
2	3942	434
2	3942	630
2	3944	467
2	3945	246
2	3946	493
2	3947	414
2	3948	619
2	3949	241
2	3949	644
2	3951	486
2	3952	371
2	3956	591
2	3959	4
2	3959	248
2	3962	272
2	3962	300
2	3962	975
2	3965	363
2	3965	477
2	3965	895
2	3966	28
2	3968	795
2	3969	339
2	3969	723
2	3970	86
2	3971	963
2	3971	992
2	3972	786
2	3977	674
2	3978	202
2	3979	522
2	3979	752
2	3981	178
2	3981	605
2	3982	180
2	3986	51
2	3986	321
2	3987	741
2	3988	670
2	3989	54
2	3989	137
2	3989	234
2	3989	604
2	3990	146
2	3991	520
2	3993	402
2	3994	508
2	3995	5
2	3995	641
2	3996	29
2	3996	290
2	3996	404
2	3998	999
2	3999	73
2	4000	245
2	4000	330
2	4001	140
2	4001	976
2	4002	614
2	4003	126
2	4003	646
2	4003	648
2	4004	174
2	4006	637
2	4006	760
2	4006	857
2	4007	230
2	4007	233
2	4007	600
2	4007	780
2	4008	504
2	4010	10
2	4011	275
2	4011	747
2	4014	58
2	4014	394
2	4015	177
2	4016	153
2	4016	262
2	4017	336
2	4018	1
2	4018	337
2	4021	506
2	4021	754
2	4021	757
2	4022	694
2	4024	207
2	4024	814
2	4025	161
2	4025	539
2	4026	93
2	4026	620
2	4027	652
2	4028	640
2	4029	39
2	4029	169
2	4029	879
2	4030	82
2	4030	130
2	4030	480
2	4031	8
2	4031	576
2	4031	986
2	4032	657
2	4033	977
2	4035	289
2	4035	675
2	4036	386
2	4036	408
2	4037	525
2	4037	929
2	4038	553
2	4039	185
2	4039	681
2	4040	239
2	4041	213
2	4041	915
2	4041	995
2	4042	47
2	4042	141
2	4042	749
2	4043	359
2	4045	783
2	4045	784
2	4047	366
2	4053	567
2	4053	949
2	4054	23
2	4054	719
2	4055	210
2	4055	382
2	4055	855
2	4056	83
2	4056	279
2	4056	533
2	4056	822
2	4059	792
2	4060	31
2	4063	711
2	4064	24
2	4064	448
2	4066	181
2	4066	362
2	4066	762
2	4067	40
2	4067	852
2	4068	530
2	4070	204
2	4070	251
2	4071	173
2	4071	351
2	4072	628
2	4073	447
2	4074	335
2	4074	521
2	4074	555
2	4077	221
2	4077	306
2	4077	708
2	4078	68
2	4078	631
2	4080	3
2	4083	368
2	4083	696
2	4084	171
2	4084	570
2	4085	257
2	4085	750
2	4085	988
2	4086	515
2	4088	409
2	4088	532
2	4089	356
2	4089	428
2	4091	183
2	4092	11
2	4093	155
2	4093	304
2	4094	277
2	4094	364
2	4095	284
2	4095	577
2	4097	797
2	4100	859
2	4101	259
2	4103	224
2	4103	623
2	4104	179
2	4106	411
2	4111	410
2	4112	952
2	4113	237
2	4113	779
2	4113	937
2	4118	260
2	4118	464
2	4119	422
2	4119	475
2	4120	850
2	4120	894
2	4121	433
2	4121	714
2	4124	782
2	4124	901
2	4125	403
2	4125	732
2	4127	693
2	4131	186
2	4132	662
2	4132	928
2	4133	55
2	4135	563
2	4137	588
2	4138	677
2	4139	634
2	4141	514
2	4141	669
2	4141	743
2	4142	396
2	4143	388
2	4145	636
2	4146	216
2	4146	423
2	4146	465
2	4148	28
2	4148	627
2	4149	807
2	4149	925
2	4150	123
2	4152	229
2	4153	615
2	4155	369
2	4155	384
2	4156	591
2	4156	592
2	4157	474
2	4158	575
2	4159	658
2	4160	27
2	4160	265
2	4161	198
2	4161	593
2	4162	440
2	4163	345
2	4163	413
2	4163	580
2	4164	268
2	4164	759
2	4165	786
2	4165	926
2	4166	105
2	4166	302
2	4168	46
2	4168	549
2	4168	856
2	4169	48
2	4169	355
2	4169	836
2	4169	851
2	4169	939
2	4172	99
2	4172	788
2	4175	699
2	4175	712
2	4177	445
2	4178	684
2	4179	292
2	4179	315
2	4179	908
2	4180	112
2	4180	431
2	4181	540
2	4181	646
2	4182	244
2	4182	494
2	4182	771
2	4182	817
2	4183	262
2	4185	468
2	4185	598
2	4186	478
2	4187	23
2	4188	855
2	4190	3
2	4190	487
2	4194	489
2	4195	412
2	4196	758
2	4196	903
2	4197	111
2	4199	493
2	4200	737
2	4205	295
2	4205	296
2	4205	801
2	4206	426
2	4206	626
2	4207	507
2	4207	763
2	4209	287
2	4210	637
2	4210	773
2	4211	695
2	4212	539
2	4213	379
2	4216	326
2	4216	354
2	4216	488
2	4217	610
2	4218	443
2	4218	560
2	4218	584
2	4219	133
2	4220	559
2	4220	703
2	4220	896
2	4223	335
2	4224	372
2	4225	103
2	4227	728
2	4227	731
2	4230	394
2	4230	458
2	4232	169
2	4232	327
2	4232	650
2	4232	670
2	4233	538
2	4234	955
2	4235	902
2	4236	54
2	4236	324
2	4237	352
2	4238	42
2	4239	26
2	4242	231
2	4242	808
2	4243	221
2	4243	767
2	4244	628
2	4245	233
2	4245	258
2	4246	127
2	4246	252
2	4246	961
2	4248	406
2	4248	562
2	4248	698
2	4249	248
2	4251	371
2	4251	388
2	4252	226
2	4253	174
2	4253	377
2	4253	750
2	4254	612
2	4255	17
2	4256	87
2	4256	316
2	4256	561
2	4258	395
2	4258	437
2	4258	696
2	4259	68
2	4260	96
2	4260	201
2	4260	896
2	4261	740
2	4263	556
2	4264	188
2	4264	235
2	4265	56
2	4265	710
2	4266	168
2	4266	555
2	4266	965
2	4267	946
2	4270	261
2	4270	342
2	4277	311
2	4278	159
2	4280	586
2	4281	29
2	4281	401
2	4282	604
2	4285	353
2	4286	62
2	4287	446
2	4288	499
2	4288	666
2	4289	15
2	4289	272
2	4290	500
2	4291	288
2	4291	483
2	4293	869
2	4296	760
2	4297	632
2	4298	810
2	4299	84
2	4299	94
2	4300	69
2	4301	576
2	4302	144
2	4302	203
2	4302	823
2	4303	456
2	4305	166
2	4306	486
2	4306	510
2	4308	238
2	4308	405
2	4309	508
2	4309	678
2	4310	885
2	4311	724
2	4312	466
2	4315	16
2	4315	640
2	4316	845
2	4317	461
2	4318	154
2	4318	218
2	4319	798
2	4321	739
2	4322	472
2	4322	575
2	4323	444
2	4323	448
2	4324	269
2	4324	415
2	4325	473
2	4325	513
2	4325	761
2	4326	98
2	4326	799
2	4328	424
2	4328	474
2	4328	536
2	4328	804
2	4329	608
2	4330	553
2	4330	861
2	4331	746
2	4332	256
2	4333	22
2	4333	67
2	4333	186
2	4334	175
2	4335	278
2	4335	433
2	4335	681
2	4335	946
2	4336	190
2	4338	53
2	4338	195
2	4338	224
2	4341	179
2	4342	389
2	4342	774
2	4347	451
2	4349	602
2	4349	699
2	4351	52
2	4351	785
2	4352	498
2	4352	502
2	4353	749
2	4354	61
2	4356	438
2	4359	318
2	4360	939
2	4360	984
2	4361	374
2	4361	599
2	4361	903
2	4362	9
2	4362	31
2	4363	583
2	4363	590
2	4363	635
2	4364	271
2	4365	745
2	4365	791
2	4366	193
2	4366	428
2	4366	469
2	4366	541
2	4369	621
2	4370	155
2	4370	184
2	4370	778
2	4371	57
2	4371	108
2	4371	664
2	4372	30
2	4374	642
2	4375	607
2	4375	651
2	4375	657
2	4375	917
2	4376	86
2	4377	194
2	4378	589
2	4380	339
2	4380	864
2	4382	644
2	4383	380
2	4385	79
2	4385	492
2	4386	525
2	4386	945
2	4387	862
2	4388	216
2	4388	476
2	4389	414
2	4391	274
2	4396	579
2	4397	110
2	4397	436
2	4398	894
2	4398	970
2	4399	490
2	4399	967
2	4400	1
2	4400	369
2	4400	435
2	4400	658
2	4401	50
2	4406	930
2	4410	314
2	4410	530
2	4410	593
2	4411	667
2	4412	330
2	4412	944
2	4413	180
2	4414	690
2	4414	758
2	4415	75
2	4415	80
2	4416	71
2	4417	130
2	4417	399
2	4417	432
2	4417	439
2	4420	927
2	4421	772
2	4423	324
2	4424	855
2	4425	167
2	4425	548
2	4425	835
2	4426	652
2	4426	712
2	4426	723
2	4426	946
2	4427	233
2	4427	312
2	4428	550
2	4428	809
2	4429	350
2	4433	112
2	4435	515
2	4436	3
2	4436	273
2	4436	817
2	4436	832
2	4437	701
2	4437	787
2	4439	218
2	4440	373
2	4441	207
2	4441	767
2	4443	281
2	4444	402
2	4446	800
2	4447	73
2	4447	241
2	4447	404
2	4447	748
2	4449	947
2	4450	35
2	4450	242
2	4450	740
2	4451	788
2	4451	967
2	4453	765
2	4454	243
2	4455	266
2	4456	163
2	4456	398
2	4456	440
2	4458	153
2	4458	848
2	4459	354
2	4459	688
2	4459	703
2	4461	674
2	4462	491
2	4464	615
2	4464	638
2	4465	505
2	4467	486
2	4468	46
2	4470	454
2	4471	203
2	4471	345
2	4471	860
2	4473	22
2	4474	285
2	4475	283
2	4475	443
2	4477	238
2	4478	852
2	4479	877
2	4479	964
2	4480	864
2	4481	244
2	4481	859
2	4482	789
2	4485	264
2	4486	646
2	4488	592
2	4489	884
2	4490	18
2	4490	552
2	4493	771
2	4494	201
2	4496	82
2	4499	725
2	4501	311
2	4501	458
2	4501	948
2	4502	171
2	4502	885
2	4503	287
2	4503	628
2	4505	956
2	4506	231
2	4506	807
2	4507	225
2	4507	481
2	4507	761
2	4508	48
2	4508	259
2	4508	640
2	4515	111
2	4515	329
2	4516	246
2	4519	561
2	4520	497
2	4520	922
2	4522	14
2	4524	98
2	4525	25
2	4525	66
2	4525	556
2	4525	681
2	4529	174
2	4530	858
2	4531	139
2	4532	52
2	4532	677
2	4533	755
2	4534	240
2	4534	291
2	4535	230
2	4535	318
2	4535	417
2	4535	793
2	4536	444
2	4537	97
2	4538	76
2	4538	265
2	4538	299
2	4538	341
2	4539	779
2	4541	173
2	4542	722
2	4543	540
2	4546	70
2	4546	138
2	4546	162
2	4546	260
2	4546	504
2	4548	319
2	4549	334
2	4549	762
2	4550	708
2	4552	671
2	4552	964
2	4553	60
2	4553	83
2	4553	668
2	4553	866
2	4555	304
2	4557	773
2	4558	161
2	4559	54
2	4559	611
2	4559	846
2	4559	895
2	4562	388
2	4563	450
2	4566	965
2	4568	166
2	4570	868
2	4571	760
2	4572	553
2	4573	366
2	4573	634
2	4573	940
2	4574	67
2	4574	401
2	4575	298
2	4577	251
2	4577	711
2	4580	344
2	4580	457
2	4581	409
2	4581	600
2	4582	261
2	4582	335
2	4585	632
2	4586	489
2	4586	606
2	4588	355
2	4588	721
2	4591	222
2	4591	660
2	4591	748
2	4591	978
2	4592	675
2	4594	143
2	4594	336
2	4594	470
2	4595	307
2	4596	185
2	4598	621
2	4599	130
2	4599	617
2	4599	998
2	4601	147
2	4602	694
2	4603	114
2	4603	575
2	4604	77
2	4605	254
2	4609	232
2	4609	486
2	4609	543
2	4612	371
2	4612	447
2	4612	648
2	4613	656
2	4613	960
2	4614	89
2	4615	84
2	4615	315
2	4616	134
2	4619	362
2	4619	544
2	4619	962
2	4620	109
2	4620	212
2	4620	769
2	4621	524
2	4621	619
2	4622	333
2	4624	31
2	4625	141
2	4625	651
2	4625	669
2	4629	29
2	4632	19
2	4632	348
2	4633	11
2	4633	932
2	4634	113
2	4634	282
2	4635	428
2	4636	202
2	4636	788
2	4639	731
2	4644	122
2	4644	207
2	4644	218
2	4644	691
2	4646	277
2	4647	518
2	4649	220
2	4649	508
2	4649	630
2	4651	576
2	4651	940
2	4652	778
2	4653	18
2	4653	426
2	4654	129
2	4654	742
2	4655	343
2	4657	323
2	4658	448
2	4659	82
2	4660	357
2	4660	419
2	4661	728
2	4662	475
2	4664	628
2	4665	112
2	4666	603
2	4667	663
2	4668	135
2	4669	74
2	4669	340
2	4670	322
2	4670	327
2	4670	700
2	4671	284
2	4673	361
2	4673	400
2	4674	276
2	4674	446
2	4676	41
2	4676	521
2	4677	924
2	4678	737
2	4679	363
2	4679	757
2	4680	263
2	4680	567
2	4680	754
2	4681	682
2	4682	546
2	4682	665
2	4685	872
2	4686	153
2	4686	328
2	4687	325
2	4689	242
2	4689	645
2	4690	725
2	4690	920
2	4691	487
2	4693	305
2	4693	589
2	4696	231
2	4696	237
2	4697	313
2	4698	258
2	4700	319
2	4700	374
2	4703	145
2	4706	565
2	4708	156
2	4708	289
2	4708	452
2	4708	507
2	4710	12
2	4711	278
2	4711	353
2	4711	821
2	4712	420
2	4712	641
2	4713	768
2	4715	616
2	4716	701
2	4717	460
2	4717	706
2	4719	986
2	4720	144
2	4720	435
2	4721	14
2	4722	671
2	4723	320
2	4723	775
2	4723	789
2	4724	20
2	4727	28
2	4727	120
2	4727	563
2	4728	27
2	4729	658
2	4729	726
2	4731	375
2	4731	720
2	4731	865
2	4732	858
2	4733	477
2	4733	647
2	4736	406
2	4737	905
2	4739	756
2	4740	98
2	4741	906
2	4742	236
2	4744	967
2	4745	185
2	4745	339
2	4746	264
2	4747	717
2	4749	445
2	4751	94
2	4751	767
2	4752	101
2	4752	747
2	4753	882
2	4754	597
2	4754	727
2	4756	118
2	4758	300
2	4759	722
2	4759	872
2	4761	204
2	4763	660
2	4764	534
2	4764	552
2	4766	640
2	4768	549
2	4770	71
2	4770	490
2	4770	500
2	4770	711
2	4771	405
2	4771	465
2	4771	479
2	4771	776
2	4772	299
2	4773	520
2	4773	599
2	4775	59
2	4775	103
2	4775	761
2	4776	439
2	4777	79
2	4777	944
2	4778	867
2	4779	492
2	4779	746
2	4781	342
2	4781	650
2	4781	766
2	4782	397
2	4783	416
2	4783	498
2	4783	573
2	4784	525
2	4784	905
2	4785	142
2	4786	128
2	4786	542
2	4786	800
2	4790	362
2	4790	380
2	4791	850
2	4792	371
2	4793	171
2	4794	256
2	4794	729
2	4794	956
2	4796	251
2	4797	391
2	4800	248
2	4800	252
2	4800	360
2	4802	191
2	4804	334
2	4804	915
2	4805	202
2	4805	356
2	4805	918
2	4806	109
2	4806	310
2	4807	347
2	4807	430
2	4807	757
2	4808	468
2	4809	22
2	4810	769
2	4810	786
2	4812	30
2	4812	547
2	4813	654
2	4814	249
2	4814	359
2	4814	760
2	4815	45
2	4815	992
2	4816	223
2	4816	955
2	4819	469
2	4822	612
2	4822	781
2	4824	957
2	4825	636
2	4826	429
2	4826	651
2	4826	699
2	4828	702
2	4828	827
2	4830	224
2	4830	311
2	4833	179
2	4833	426
2	4834	529
2	4834	785
2	4836	83
2	4836	616
2	4838	102
2	4838	378
2	4839	245
2	4839	415
2	4842	332
2	4843	467
2	4843	539
2	4843	817
2	4844	141
2	4845	124
2	4845	506
2	4846	10
2	4846	269
2	4847	60
2	4849	501
2	4850	44
2	4850	123
2	4850	743
2	4851	348
2	4851	553
2	4851	889
2	4853	143
2	4854	72
2	4854	355
2	4856	229
2	4858	62
2	4858	596
2	4859	815
2	4860	192
2	4860	464
2	4861	627
2	4863	626
2	4864	873
2	4865	216
2	4865	567
2	4868	201
2	4869	891
2	4871	276
2	4873	813
2	4874	403
2	4875	544
2	4876	90
2	4878	329
2	4878	707
2	4879	35
2	4879	302
2	4879	608
2	4881	52
2	4881	442
2	4882	570
2	4883	649
2	4883	940
2	4884	130
2	4884	706
2	4885	46
2	4885	398
2	4886	25
2	4886	312
2	4886	321
2	4886	497
2	4887	945
2	4888	709
2	4890	749
2	4891	86
2	4892	875
2	4892	998
2	4893	555
2	4895	166
2	4896	710
2	4897	200
2	4897	655
2	4901	552
2	4901	928
2	4904	545
2	4905	779
2	4907	220
2	4907	367
2	4907	452
2	4908	619
2	4911	540
2	4912	11
2	4912	964
2	4914	147
2	4914	212
2	4914	973
2	4915	49
2	4915	637
2	4916	135
2	4918	597
2	4921	73
2	4922	50
2	4922	504
2	4922	515
2	4923	431
2	4923	686
2	4926	582
2	4930	96
2	4930	205
2	4930	340
2	4930	615
2	4931	145
2	4932	325
2	4932	585
2	4934	194
2	4936	770
2	4937	108
2	4939	190
2	4941	342
2	4941	389
2	4941	664
2	4941	975
2	4942	565
2	4943	186
2	4943	406
2	4943	513
2	4945	225
2	4945	887
2	4946	7
2	4946	735
2	4946	898
2	4947	279
2	4947	461
2	4947	568
2	4947	759
2	4948	66
2	4948	633
2	4951	197
2	4951	730
2	4951	775
2	4951	912
2	4952	689
2	4953	288
2	4953	296
2	4953	969
2	4954	606
2	4955	4
2	4956	324
2	4957	47
2	4958	672
2	4959	802
2	4961	184
2	4961	303
2	4964	307
2	4964	330
2	4965	104
2	4966	144
2	4971	198
2	4971	951
2	4972	281
2	4972	416
2	4972	453
2	4974	985
2	4975	341
2	4977	447
2	4978	273
2	4978	382
2	4982	183
2	4982	234
2	4985	120
2	4985	610
2	4985	658
2	4987	778
2	4989	196
2	4989	518
2	4989	548
2	4995	945
2	4997	107
2	4997	708
2	4997	758
2	5000	400
