2	-1	0
2	1	355
2	2	128
2	3	417
2	3	655
2	4	577
2	4	891
2	6	508
2	7	41
2	7	61
2	7	792
2	8	628
2	11	672
2	11	848
2	13	150
2	14	204
2	14	324
2	14	522
2	14	933
2	15	113
2	15	275
2	19	538
2	19	684
2	19	860
2	20	88
2	20	667
2	21	179
2	22	328
2	23	261
2	23	428
2	23	632
2	23	644
2	25	111
2	26	147
2	26	192
2	28	273
2	29	287
2	30	801
2	30	806
2	31	404
2	31	591
2	31	789
2	32	652
2	32	777
2	33	407
2	33	424
2	33	488
2	34	742
2	34	899
2	35	306
2	35	782
2	36	703
2	39	149
2	40	8
2	40	176
2	40	486
2	41	293
2	41	758
2	43	291
2	43	334
2	43	883
2	44	257
2	44	596
2	44	733
2	47	800
2	49	890
2	52	889
2	53	140
2	54	689
2	54	892
2	55	766
2	56	819
2	57	94
2	57	190
2	58	853
2	59	249
2	60	686
2	61	250
2	61	497
2	62	615
2	64	28
2	64	345
2	64	350
2	64	835
2	65	631
2	66	165
2	66	408
2	67	650
2	68	762
2	69	292
2	69	454
2	69	516
2	69	535
2	70	556
2	71	133
2	71	382
2	71	695
2	71	943
2	72	545
2	72	797
2	73	19
2	73	274
2	73	493
2	74	446
2	74	995
2	75	168
2	77	131
2	77	135
2	77	202
2	79	314
2	79	606
2	80	728
2	80	957
2	81	24
2	81	338
2	81	402
2	82	310
2	82	697
2	84	72
2	84	233
2	85	236
2	85	373
2	85	798
2	86	268
2	88	440
2	88	738
2	90	429
2	91	108
2	91	269
2	91	755
2	91	829
2	92	77
2	92	363
2	94	624
2	96	732
2	96	928
2	97	520
2	98	383
2	98	482
2	100	866
2	102	84
2	102	484
2	106	289
2	106	913
2	107	634
2	109	277
2	110	96
2	110	126
2	110	951
2	111	6
2	112	393
2	113	962
2	114	27
2	114	104
2	116	31
2	116	938
2	117	325
2	117	831
2	118	270
2	118	559
2	119	13
2	119	479
2	120	185
2	121	49
2	121	582
2	121	883
2	123	48
2	123	704
2	125	343
2	125	607
2	126	26
2	126	772
2	127	977
2	128	105
2	128	785
2	129	263
2	129	845
2	130	483
2	132	672
2	132	739
2	133	227
2	133	730
2	133	933
2	135	344
2	135	510
2	135	836
2	136	87
2	137	638
2	138	247
2	139	166
2	139	410
2	139	466
2	139	761
2	140	242
2	140	473
2	141	678
2	142	14
2	142	980
2	143	531
2	143	645
2	143	850
2	143	916
2	145	57
2	145	221
2	145	434
2	145	642
2	146	20
2	146	80
2	146	461
2	146	731
2	147	412
2	147	909
2	149	331
2	150	169
2	151	78
2	151	175
2	151	707
2	153	592
2	154	618
2	155	504
2	155	515
2	155	804
2	156	361
2	157	609
2	157	899
2	158	861
2	159	167
2	159	423
2	159	747
2	160	746
2	161	962
2	162	394
2	163	560
2	164	539
2	164	562
2	164	815
2	165	241
2	170	327
2	170	647
2	172	75
2	175	523
2	178	577
2	179	386
2	179	608
2	182	235
2	182	318
2	182	602
2	182	748
2	185	59
2	185	548
2	185	569
2	187	128
2	187	528
2	188	340
2	189	433
2	189	673
2	189	687
2	190	469
2	190	500
2	191	69
2	191	153
2	191	563
2	193	231
2	193	238
2	197	976
2	198	55
2	199	460
2	199	477
2	199	701
2	200	206
2	200	209
2	201	326
2	201	368
2	201	550
2	202	371
2	202	445
2	203	81
2	203	171
2	203	907
2	205	426
2	206	403
2	207	774
2	207	878
2	208	217
2	208	819
2	209	915
2	212	636
2	213	348
2	214	646
2	214	683
2	214	992
2	216	250
2	216	297
2	216	390
2	217	126
2	217	179
2	217	240
2	218	258
2	218	316
2	218	508
2	218	919
2	219	50
2	220	392
2	222	92
2	223	689
2	225	102
2	225	164
2	225	807
2	226	723
2	227	635
2	228	148
2	229	765
2	230	76
2	231	248
2	234	722
2	235	53
2	235	962
2	236	741
2	237	997
2	238	222
2	239	285
2	239	351
2	239	768
2	240	112
2	241	692
2	246	218
2	247	478
2	247	811
2	248	819
2	250	465
2	250	532
2	252	83
2	252	333
2	253	427
2	254	816
2	255	131
2	256	24
2	256	104
2	256	862
2	257	246
2	257	834
2	259	509
2	259	600
2	259	793
2	260	400
2	261	141
2	262	442
2	262	933
2	263	521
2	263	939
2	264	667
2	264	719
2	264	810
2	265	51
2	265	377
2	265	648
2	267	660
2	267	820
2	268	230
2	268	336
2	268	990
2	269	317
2	269	552
2	269	584
2	271	306
2	271	814
2	272	43
2	273	134
2	273	175
2	275	514
2	275	739
2	276	200
2	276	493
2	276	536
2	277	379
2	277	485
2	277	841
2	278	234
2	278	526
2	279	406
2	279	669
2	280	775
2	280	788
2	281	402
2	282	742
2	283	780
2	285	16
2	285	335
2	285	524
2	286	549
2	286	981
2	290	253
2	291	432
2	291	596
2	292	2
2	292	64
2	292	160
2	293	932
2	295	33
2	296	330
2	296	994
2	297	381
2	298	704
2	299	38
2	299	744
2	300	290
2	300	991
2	301	109
2	301	302
2	302	574
2	304	450
2	304	732
2	306	794
2	308	154
2	309	468
2	309	498
2	311	423
2	311	720
2	312	678
2	312	933
2	314	301
2	315	543
2	315	716
2	315	868
2	316	656
2	316	706
2	316	892
2	317	237
2	317	501
2	318	115
2	318	388
2	319	408
2	319	913
2	320	127
2	320	183
2	320	224
2	322	1000
2	323	204
2	325	266
2	325	272
2	325	695
2	326	161
2	326	236
2	327	576
2	327	708
2	328	139
2	328	162
2	328	626
2	328	961
2	329	129
2	329	458
2	330	588
2	331	393
2	332	740
2	332	873
2	334	567
2	336	138
2	336	251
2	336	578
2	336	705
2	336	718
2	336	903
2	337	767
2	338	219
2	338	327
2	339	247
2	339	605
2	339	622
2	340	259
2	340	511
2	340	652
2	341	359
2	341	945
2	342	417
2	343	353
2	344	970
2	345	137
2	345	974
2	346	198
2	346	371
2	346	383
2	347	66
2	347	515
2	347	843
2	348	815
2	349	816
2	350	554
2	350	674
2	351	448
2	351	644
2	354	996
2	355	848
2	356	125
2	357	240
2	358	329
2	359	34
2	359	749
2	360	614
2	364	89
2	364	110
2	364	405
2	365	42
2	367	193
2	367	214
2	368	412
2	368	948
2	370	30
2	370	529
2	372	378
2	372	697
2	374	750
2	376	61
2	377	199
2	378	53
2	379	606
2	379	616
2	380	254
2	380	879
2	381	684
2	382	365
2	383	4
2	383	525
2	384	640
2	385	136
2	385	410
2	385	472
2	387	209
2	387	470
2	387	548
2	388	426
2	388	601
2	388	804
2	389	998
2	391	197
2	391	288
2	391	396
2	391	416
2	392	910
2	393	391
2	393	760
2	394	54
2	394	56
2	395	120
2	395	943
2	396	175
2	397	97
2	398	553
2	398	573
2	399	11
2	399	25
2	399	682
2	400	309
2	401	18
2	401	628
2	404	675
2	405	289
2	405	350
2	405	677
2	406	207
2	407	21
2	407	670
2	407	807
2	407	824
2	407	858
2	408	334
2	409	991
2	410	69
2	410	339
2	410	397
2	410	551
2	410	685
2	411	476
2	411	617
2	411	948
2	412	213
2	412	308
2	413	100
2	414	952
2	415	85
2	415	310
2	418	174
2	419	565
2	419	688
2	420	257
2	420	747
2	423	159
2	423	888
2	424	859
2	425	81
2	426	152
2	426	355
2	426	557
2	428	147
2	428	514
2	431	163
2	431	171
2	432	19
2	432	108
2	433	203
2	433	562
2	433	609
2	434	461
2	434	642
2	435	84
2	435	506
2	435	785
2	437	296
2	437	600
2	437	621
2	438	819
2	440	154
2	440	261
2	440	387
2	441	283
2	441	434
2	441	647
2	441	961
2	442	587
2	443	148
2	443	658
2	444	338
2	444	386
2	446	689
2	447	284
2	449	559
2	450	999
2	451	428
2	451	845
2	453	364
2	453	384
2	453	663
2	453	889
2	454	166
2	454	905
2	455	738
2	456	751
2	458	74
2	458	444
2	458	838
2	459	168
2	459	347
2	459	558
2	460	86
2	460	276
2	461	451
2	461	945
2	462	274
2	466	503
2	468	72
2	468	307
2	469	230
2	470	282
2	470	594
2	471	323
2	473	208
2	473	234
2	474	144
2	474	798
2	476	654
2	477	464
2	477	731
2	478	607
2	480	482
2	480	603
2	480	832
2	480	866
2	481	433
2	482	324
2	482	763
2	483	22
2	483	867
2	484	330
2	484	516
2	484	927
2	485	251
2	485	262
2	486	787
2	487	803
2	488	16
2	489	246
2	489	739
2	491	90
2	491	490
2	491	736
2	492	571
2	494	102
2	496	29
2	496	576
2	497	356
2	499	202
2	499	894
2	500	824
2	501	645
2	503	23
2	504	889
2	505	527
2	507	96
2	507	130
2	507	149
2	508	916
2	509	793
2	510	273
2	511	475
2	511	919
2	512	804
2	515	450
2	515	662
2	515	727
2	517	875
2	518	612
2	518	699
2	519	409
2	519	711
2	520	432
2	521	400
2	524	438
2	524	637
2	525	62
2	529	821
2	529	906
2	530	508
2	531	421
2	532	348
2	532	479
2	533	828
2	535	5
2	535	181
2	535	470
2	536	686
2	539	374
2	539	681
2	540	226
2	540	345
2	540	769
2	542	178
2	544	48
2	547	778
2	547	960
2	548	253
2	548	893
2	550	264
2	550	759
2	551	445
2	552	667
2	555	39
2	559	76
2	559	448
2	560	916
2	561	103
2	561	650
2	562	496
2	562	847
2	563	199
2	563	258
2	564	888
2	564	979
2	566	240
2	566	520
2	566	546
2	566	648
2	566	701
2	568	60
2	568	70
2	568	393
2	568	462
2	568	644
2	570	518
2	570	534
2	572	241
2	575	528
2	575	866
2	577	334
2	577	540
2	577	588
2	578	301
2	578	600
2	578	816
2	579	747
2	579	762
2	579	782
2	580	112
2	580	245
2	580	335
2	581	767
2	583	10
2	584	437
2	585	875
2	587	596
2	587	805
2	588	422
2	589	418
2	589	724
2	589	809
2	590	505
2	591	595
2	592	106
2	592	312
2	593	205
2	593	279
2	593	609
2	594	40
2	594	517
2	594	674
2	596	974
2	597	533
2	599	485
2	599	623
2	600	670
2	600	704
2	600	742
2	601	128
2	601	380
2	601	971
2	602	652
2	602	870
2	604	331
2	605	336
2	605	733
2	607	749
2	608	329
2	608	725
2	609	185
2	610	294
2	611	12
2	611	340
2	611	568
2	612	322
2	612	352
2	614	306
2	614	307
2	615	204
2	615	968
2	616	889
2	617	216
2	617	853
2	618	401
2	618	862
2	621	118
2	621	991
2	622	170
2	624	277
2	624	737
2	626	145
2	627	58
2	627	660
2	628	459
2	630	14
2	630	47
2	630	110
2	630	734
2	630	894
2	632	229
2	633	624
2	635	2
2	635	143
2	636	994
2	637	494
2	637	542
2	637	659
2	638	68
2	638	254
2	638	524
2	639	299
2	639	606
2	639	780
2	639	897
2	639	977
2	640	256
2	640	551
2	641	656
2	642	136
2	642	789
2	643	836
2	644	436
2	644	484
2	647	31
2	647	539
2	648	480
2	648	625
2	649	319
2	649	792
2	653	5
2	653	545
2	655	156
2	655	831
2	658	157
2	658	638
2	658	708
2	659	122
2	659	476
2	659	841
2	660	353
2	660	740
2	661	137
2	661	164
2	661	565
2	661	608
2	662	179
2	662	280
2	662	553
2	662	955
2	663	302
2	663	917
2	664	287
2	665	284
2	668	735
2	668	937
2	669	996
2	670	355
2	670	828
2	671	611
2	671	810
2	672	7
2	673	515
2	673	695
2	674	321
2	675	578
2	676	439
2	676	538
2	677	822
2	679	550
2	680	662
2	680	698
2	681	30
2	682	17
2	685	44
2	685	54
2	686	296
2	687	167
2	687	685
2	688	233
2	688	510
2	690	6
2	691	149
2	691	487
2	691	686
2	692	689
2	693	887
2	694	382
2	694	587
2	694	739
2	695	535
2	695	707
2	696	423
2	697	309
2	698	784
2	698	821
2	699	1
2	699	366
2	699	962
2	700	71
2	700	139
2	700	504
2	701	247
2	701	469
2	702	111
2	703	547
2	704	108
2	704	854
2	705	632
2	706	665
2	707	561
2	708	716
2	709	947
2	710	371
2	710	513
2	710	916
2	711	57
2	711	168
2	711	385
2	712	721
2	716	783
2	717	183
2	717	200
2	718	341
2	719	343
2	719	409
2	719	500
2	720	495
2	721	807
2	722	870
2	722	881
2	724	314
2	724	347
2	726	421
2	729	774
2	730	76
2	730	647
2	730	914
2	733	537
2	734	243
2	734	564
2	736	113
2	736	642
2	738	163
2	738	297
2	739	287
2	740	609
2	741	348
2	741	934
2	742	364
2	742	883
2	743	577
2	745	257
2	746	281
2	746	604
2	748	882
2	751	683
2	752	447
2	752	657
2	752	991
2	754	766
2	755	124
2	757	489
2	758	719
2	762	893
2	763	18
2	764	413
2	765	181
2	765	312
2	765	856
2	765	999
2	766	208
2	766	777
2	767	552
2	767	595
2	769	363
2	772	93
2	772	110
2	772	130
2	772	317
2	772	424
2	774	96
2	774	736
2	774	873
2	775	394
2	775	606
2	776	446
2	776	712
2	776	922
2	777	278
2	780	138
2	780	283
2	781	78
2	781	919
2	783	621
2	783	709
2	784	406
2	786	659
2	788	25
2	789	813
2	790	432
2	790	471
2	792	252
2	792	483
2	793	40
2	793	329
2	793	767
2	793	925
2	795	992
2	797	450
2	797	671
2	797	937
2	798	456
2	798	528
2	800	855
2	801	264
2	801	360
2	802	36
2	803	37
2	803	303
2	803	542
2	805	62
2	806	236
2	806	267
2	806	591
2	806	980
2	807	344
2	807	498
2	807	768
2	807	962
2	809	142
2	811	453
2	811	796
2	812	336
2	812	384
2	812	732
2	813	151
2	814	459
2	814	554
2	816	34
2	817	46
2	817	438
2	817	901
2	819	123
2	820	289
2	820	531
2	821	214
2	821	431
2	821	916
2	821	953
2	822	660
2	822	691
2	823	724
2	824	137
2	824	788
2	825	206
2	825	271
2	825	742
2	826	305
2	827	706
2	828	474
2	829	308
2	829	632
2	829	654
2	834	136
2	834	617
2	834	635
2	836	517
2	836	615
2	836	954
2	838	284
2	839	723
2	839	764
2	840	189
2	840	366
2	840	484
2	842	145
2	842	354
2	843	476
2	843	803
2	843	887
2	846	377
2	848	32
2	849	634
2	850	260
2	850	879
2	853	174
2	853	211
2	853	592
2	854	752
2	854	799
2	856	274
2	857	756
2	857	951
2	858	383
2	858	412
2	859	7
2	863	92
2	863	210
2	864	314
2	864	670
2	864	763
2	865	200
2	865	622
2	867	229
2	869	667
2	869	771
2	870	156
2	870	985
2	871	733
2	872	478
2	872	586
2	872	610
2	872	613
2	872	760
2	872	873
2	872	917
2	873	728
2	874	165
2	875	675
2	875	730
2	876	469
2	876	584
2	878	679
2	879	687
2	879	753
2	880	237
2	880	401
2	881	716
2	882	220
2	882	272
2	882	391
2	883	475
2	884	294
2	884	791
2	885	831
2	885	896
2	886	436
2	886	643
2	886	844
2	887	196
2	887	553
2	887	942
2	887	943
2	888	60
2	888	981
2	889	152
2	889	407
2	889	676
2	889	701
2	890	253
2	890	611
2	894	133
2	894	326
2	894	776
2	895	437
2	895	590
2	896	301
2	897	161
2	897	257
2	897	409
2	897	961
2	899	108
2	899	956
2	900	765
2	901	945
2	901	969
2	902	731
2	903	118
2	905	593
2	906	11
2	906	556
2	907	421
2	907	628
2	907	636
2	909	106
2	909	285
2	909	920
2	910	819
2	911	87
2	913	201
2	913	915
2	914	173
2	914	936
2	915	203
2	915	345
2	915	442
2	917	58
2	917	101
2	917	234
2	917	417
2	918	318
2	918	324
2	918	930
2	919	337
2	919	601
2	921	623
2	921	641
2	921	858
2	922	321
2	922	967
2	923	282
2	924	148
2	926	56
2	926	368
2	926	449
2	927	273
2	928	549
2	932	288
2	932	940
2	933	202
2	933	247
2	936	283
2	937	472
2	937	540
2	939	195
2	940	382
2	940	869
2	942	334
2	944	277
2	945	90
2	947	591
2	947	603
2	948	416
2	949	370
2	949	395
2	949	447
2	950	692
2	951	659
2	953	290
2	953	506
2	953	630
2	953	770
2	954	387
2	954	425
2	956	258
2	957	113
2	957	580
2	958	89
2	958	420
2	959	13
2	959	468
2	960	72
2	962	837
2	963	766
2	963	862
2	964	656
2	964	744
2	965	521
2	967	362
2	967	620
2	968	351
2	968	403
2	968	496
2	969	646
2	969	781
2	969	793
2	970	596
2	971	40
2	971	439
2	971	608
2	974	376
2	975	105
2	975	226
2	975	394
2	975	533
2	975	551
2	976	86
2	976	279
2	978	31
2	980	342
2	981	55
2	981	363
2	981	755
2	982	444
2	983	583
2	986	292
2	986	545
2	988	914
2	989	422
2	989	624
2	989	867
2	990	555
2	990	738
2	990	912
2	992	114
2	992	542
2	992	715
2	993	604
2	994	503
2	995	834
2	997	696
2	998	645
2	999	197
2	999	396
2	999	762
2	1000	578
2	1000	830
2	1002	169
2	1005	598
2	1006	303
2	1011	34
2	1011	561
2	1011	809
2	1011	823
2	1012	328
2	1013	414
2	1013	446
2	1013	508
2	1013	961
2	1016	588
2	1016	990
2	1018	117
2	1018	130
2	1019	550
2	1019	931
2	1022	57
2	1022	131
2	1022	473
2	1023	168
2	1024	53
2	1024	366
2	1026	104
2	1027	344
2	1028	372
2	1028	484
2	1028	890
2	1028	928
2	1030	892
2	1032	85
2	1032	627
2	1033	520
2	1034	19
2	1034	126
2	1035	685
2	1035	971
2	1036	336
2	1036	558
2	1036	927
2	1037	11
2	1037	274
2	1037	669
2	1038	6
2	1039	470
2	1039	544
2	1040	5
2	1041	494
2	1043	192
2	1043	814
2	1044	800
2	1045	505
2	1045	948
2	1046	54
2	1047	438
2	1048	29
2	1048	541
2	1048	577
2	1051	967
2	1052	547
2	1055	215
2	1056	975
2	1059	390
2	1059	682
2	1060	121
2	1060	423
2	1061	913
2	1062	233
2	1063	151
2	1063	167
2	1065	919
2	1066	225
2	1067	613
2	1067	737
2	1068	783
2	1068	825
2	1068	974
2	1069	603
2	1071	194
2	1071	594
2	1071	710
2	1071	806
2	1074	581
2	1075	460
2	1075	757
2	1076	49
2	1076	149
2	1076	510
2	1079	268
2	1080	638
2	1080	725
2	1081	568
2	1082	243
2	1084	526
2	1084	629
2	1084	895
2	1086	841
2	1087	502
2	1087	719
2	1088	141
2	1088	574
2	1089	358
2	1089	543
2	1089	892
2	1091	634
2	1091	736
2	1094	644
2	1094	885
2	1095	339
2	1095	426
2	1096	25
2	1096	882
2	1098	731
2	1100	476
2	1100	671
2	1100	773
2	1101	245
2	1102	319
2	1104	501
2	1106	156
2	1106	288
2	1107	828
2	1109	341
2	1110	219
2	1111	81
2	1111	746
2	1113	145
2	1113	369
2	1114	427
2	1115	518
2	1116	185
2	1116	679
2	1117	37
2	1117	753
2	1119	538
2	1119	600
2	1119	647
2	1120	681
2	1121	122
2	1122	355
2	1123	516
2	1124	459
2	1124	616
2	1125	173
2	1125	896
2	1127	279
2	1127	525
2	1128	867
2	1129	59
2	1131	1
2	1131	306
2	1131	966
2	1132	327
2	1133	431
2	1133	562
2	1133	777
2	1135	429
2	1135	464
2	1135	596
2	1136	847
2	1138	16
2	1138	20
2	1138	217
2	1138	944
2	1139	980
2	1140	45
2	1140	432
2	1140	571
2	1141	295
2	1142	323
2	1143	411
2	1146	838
2	1146	894
2	1148	771
2	1149	350
2	1151	56
2	1151	639
2	1153	337
2	1154	118
2	1154	816
2	1155	208
2	1156	148
2	1157	214
2	1157	739
2	1158	365
2	1158	740
2	1159	552
2	1159	793
2	1160	654
2	1161	662
2	1162	420
2	1163	74
2	1163	713
2	1163	907
2	1163	917
2	1164	398
2	1164	870
2	1165	328
2	1165	444
2	1165	485
2	1166	497
2	1167	364
2	1167	657
2	1169	36
2	1169	119
2	1169	750
2	1169	999
2	1172	884
2	1173	117
2	1173	137
2	1174	158
2	1176	223
2	1176	294
2	1176	738
2	1177	382
2	1177	797
2	1178	99
2	1178	179
2	1178	419
2	1178	637
2	1181	256
2	1182	281
2	1184	48
2	1186	795
2	1188	250
2	1189	246
2	1191	579
2	1192	21
2	1192	29
2	1194	291
2	1194	332
2	1195	197
2	1195	549
2	1197	536
2	1199	128
2	1199	343
2	1200	545
2	1202	251
2	1203	711
2	1204	69
2	1204	911
2	1205	993
2	1206	687
2	1207	626
2	1208	813
2	1210	623
2	1211	89
2	1211	425
2	1212	969
2	1214	11
2	1214	389
2	1214	524
2	1215	101
2	1215	392
2	1216	338
2	1216	580
2	1217	113
2	1217	388
2	1217	469
2	1217	668
2	1218	901
2	1219	530
2	1220	814
2	1221	602
2	1221	743
2	1221	872
2	1221	988
2	1222	408
2	1222	467
2	1222	541
2	1223	270
2	1224	17
2	1224	648
2	1224	683
2	1225	591
2	1226	286
2	1227	430
2	1227	735
2	1228	699
2	1228	869
2	1228	893
2	1229	417
2	1229	554
2	1230	507
2	1230	846
2	1231	424
2	1232	224
2	1233	322
2	1233	457
2	1234	466
2	1234	590
2	1234	767
2	1235	734
2	1235	923
2	1236	867
2	1236	972
2	1237	512
2	1238	273
2	1238	410
2	1239	653
2	1240	34
2	1240	121
2	1240	216
2	1240	315
2	1240	540
2	1241	333
2	1242	529
2	1242	585
2	1242	609
2	1242	673
2	1243	5
2	1243	671
2	1244	43
2	1244	535
2	1244	956
2	1245	52
2	1245	278
2	1245	539
2	1245	859
2	1245	946
2	1248	289
2	1249	205
2	1249	607
2	1250	346
2	1251	573
2	1252	493
2	1252	794
2	1253	23
2	1253	642
2	1253	741
2	1255	405
2	1255	709
2	1255	765
2	1256	715
2	1257	442
2	1259	54
2	1260	588
2	1260	933
2	1261	620
2	1261	803
2	1262	154
2	1263	235
2	1263	684
2	1263	703
2	1264	981
2	1265	310
2	1266	817
2	1267	62
2	1268	413
2	1268	768
2	1270	317
2	1271	603
2	1272	465
2	1272	560
2	1273	285
2	1273	371
2	1273	480
2	1273	975
2	1274	451
2	1274	814
2	1275	342
2	1275	366
2	1275	543
2	1275	870
2	1275	889
2	1276	470
2	1276	728
2	1276	942
2	1277	746
2	1277	841
2	1278	87
2	1279	247
2	1279	300
2	1279	890
2	1280	610
2	1280	990
2	1281	394
2	1282	391
2	1284	446
2	1284	710
2	1285	520
2	1287	80
2	1288	363
2	1288	482
2	1289	587
2	1290	277
2	1290	996
2	1292	658
2	1293	449
2	1295	481
2	1295	515
2	1296	302
2	1300	30
2	1300	31
2	1300	393
2	1301	165
2	1302	638
2	1304	656
2	1305	264
2	1306	314
2	1306	807
2	1307	68
2	1307	185
2	1308	950
2	1309	335
2	1311	632
2	1311	633
2	1312	617
2	1312	679
2	1313	155
2	1313	661
2	1315	194
2	1315	702
2	1315	783
2	1316	156
2	1316	271
2	1317	170
2	1318	396
2	1318	444
2	1318	752
2	1319	448
2	1320	85
2	1320	577
2	1322	287
2	1322	347
2	1322	729
2	1323	295
2	1323	456
2	1323	764
2	1324	284
2	1324	376
2	1325	184
2	1326	880
2	1326	941
2	1327	214
2	1327	615
2	1327	896
2	1327	969
2	1328	596
2	1328	747
2	1330	631
2	1331	108
2	1331	477
2	1331	552
2	1332	782
2	1333	220
2	1334	203
2	1334	492
2	1334	528
2	1335	55
2	1335	90
2	1335	272
2	1335	476
2	1336	303
2	1337	600
2	1339	513
2	1339	878
2	1340	66
2	1340	120
2	1340	411
2	1341	316
2	1342	381
2	1343	724
2	1343	855
2	1343	858
2	1344	501
2	1346	134
2	1347	50
2	1347	434
2	1349	102
2	1349	182
2	1349	257
2	1350	816
2	1350	869
2	1351	375
2	1353	150
2	1355	762
2	1356	437
2	1357	384
2	1358	201
2	1361	364
2	1361	429
2	1361	941
2	1362	92
2	1362	808
2	1363	950
2	1364	409
2	1365	441
2	1368	483
2	1368	733
2	1368	763
2	1369	122
2	1369	659
2	1372	67
2	1373	307
2	1373	685
2	1374	86
2	1374	903
2	1375	162
2	1375	640
2	1377	207
2	1377	377
2	1378	79
2	1378	952
2	1379	140
2	1379	374
2	1380	538
2	1380	636
2	1381	282
2	1381	390
2	1383	753
2	1384	686
2	1384	864
2	1385	60
2	1386	212
2	1386	514
2	1386	739
2	1387	93
2	1387	621
2	1389	241
2	1389	373
2	1390	654
2	1390	839
2	1390	961
2	1392	197
2	1392	521
2	1393	244
2	1393	597
2	1395	737
2	1397	509
2	1398	420
2	1399	242
2	1403	309
2	1403	422
2	1403	826
2	1404	200
2	1405	8
2	1405	583
2	1407	101
2	1407	743
2	1408	462
2	1410	697
2	1412	858
2	1413	736
2	1414	138
2	1414	533
2	1417	972
2	1418	651
2	1418	655
2	1418	719
2	1418	785
2	1419	936
2	1422	711
2	1422	812
2	1423	104
2	1424	99
2	1425	266
2	1425	351
2	1425	969
2	1427	2
2	1427	34
2	1428	225
2	1430	837
2	1432	7
2	1432	227
2	1432	486
2	1432	556
2	1433	331
2	1433	635
2	1434	784
2	1435	196
2	1435	503
2	1435	811
2	1436	327
2	1436	495
2	1438	3
2	1438	357
2	1442	494
2	1443	690
2	1443	750
2	1444	238
2	1444	818
2	1445	314
2	1445	559
2	1446	706
2	1448	315
2	1449	786
2	1450	37
2	1450	641
2	1450	934
2	1452	20
2	1452	904
2	1454	330
2	1455	84
2	1456	388
2	1456	402
2	1457	585
2	1460	147
2	1461	195
2	1461	715
2	1465	164
2	1465	416
2	1465	554
2	1465	703
2	1466	115
2	1466	198
2	1467	625
2	1467	940
2	1467	965
2	1468	189
2	1468	442
2	1469	44
2	1469	356
2	1470	49
2	1470	342
2	1471	595
2	1471	790
2	1472	312
2	1472	906
2	1473	424
2	1473	835
2	1473	928
2	1475	148
2	1475	407
2	1475	543
2	1475	869
2	1477	317
2	1477	391
2	1478	226
2	1478	240
2	1478	953
2	1479	119
2	1482	707
2	1485	81
2	1485	634
2	1485	652
2	1486	272
2	1487	42
2	1487	280
2	1488	534
2	1489	130
2	1490	729
2	1492	229
2	1498	878
2	1499	689
2	1499	990
2	1501	520
2	1504	515
2	1506	106
2	1508	273
2	1509	723
2	1510	171
2	1512	672
2	1513	292
2	1515	905
2	1518	881
2	1519	463
2	1520	109
2	1525	219
2	1525	782
2	1527	767
2	1528	211
2	1528	898
2	1529	535
2	1529	844
2	1531	468
2	1532	379
2	1532	471
2	1532	501
2	1533	419
2	1533	477
2	1534	343
2	1534	611
2	1535	434
2	1536	605
2	1536	726
2	1537	681
2	1538	783
2	1539	267
2	1539	911
2	1543	68
2	1543	223
2	1543	572
2	1544	436
2	1545	567
2	1546	528
2	1548	169
2	1549	96
2	1550	340
2	1550	387
2	1553	319
2	1554	561
2	1555	237
2	1555	653
2	1555	757
2	1556	149
2	1556	730
2	1557	310
2	1559	598
2	1560	53
2	1561	246
2	1561	311
2	1562	467
2	1562	693
2	1563	73
2	1564	837
2	1565	245
2	1565	251
2	1565	275
2	1565	583
2	1567	694
2	1567	814
2	1567	852
2	1568	892
2	1570	353
2	1570	697
2	1573	813
2	1573	980
2	1574	19
2	1574	473
2	1575	616
2	1577	117
2	1581	71
2	1581	102
2	1583	11
2	1584	121
2	1585	639
2	1587	372
2	1588	205
2	1589	309
2	1589	395
2	1591	293
2	1593	449
2	1594	6
2	1597	590
2	1598	3
2	1598	799
2	1599	16
2	1601	546
2	1602	427
2	1603	167
2	1603	401
2	1603	833
2	1604	792
2	1606	253
2	1607	442
2	1608	40
2	1608	633
2	1609	97
2	1609	786
2	1610	943
2	1611	86
2	1611	146
2	1611	392
2	1613	435
2	1613	493
2	1613	855
2	1613	968
2	1614	27
2	1614	734
2	1615	385
2	1616	177
2	1616	263
2	1617	917
2	1617	994
2	1619	162
2	1619	217
2	1619	510
2	1619	765
2	1619	884
2	1619	973
2	1620	360
2	1621	664
2	1622	363
2	1623	506
2	1623	787
2	1624	348
2	1624	446
2	1624	452
2	1626	10
2	1626	405
2	1627	767
2	1629	462
2	1630	321
2	1630	768
2	1631	661
2	1632	530
2	1632	560
2	1632	744
2	1634	785
2	1635	241
2	1635	413
2	1635	858
2	1635	998
2	1636	345
2	1636	589
2	1639	525
2	1640	193
2	1640	349
2	1642	752
2	1642	784
2	1642	908
2	1643	502
2	1644	678
2	1645	42
2	1645	485
2	1645	618
2	1646	7
2	1646	180
2	1648	262
2	1648	916
2	1649	460
2	1651	742
2	1652	91
2	1652	484
2	1652	659
2	1653	305
2	1654	4
2	1654	966
2	1655	587
2	1655	721
2	1657	592
2	1658	588
2	1660	424
2	1660	531
2	1662	186
2	1663	629
2	1664	79
2	1664	181
2	1664	761
2	1664	817
2	1665	920
2	1666	92
2	1667	802
2	1668	176
2	1673	364
2	1673	490
2	1674	422
2	1674	433
2	1677	570
2	1677	625
2	1677	982
2	1679	696
2	1680	100
2	1680	287
2	1680	519
2	1681	369
2	1682	232
2	1682	292
2	1683	365
2	1686	134
2	1686	568
2	1687	609
2	1687	640
2	1687	642
2	1688	255
2	1689	389
2	1689	981
2	1690	115
2	1690	763
2	1691	794
2	1694	246
2	1695	796
2	1697	78
2	1697	516
2	1697	626
2	1698	228
2	1698	268
2	1700	131
2	1700	354
2	1700	859
2	1701	20
2	1701	21
2	1701	595
2	1702	288
2	1702	527
2	1702	605
2	1703	269
2	1703	297
2	1704	378
2	1704	984
2	1705	511
2	1706	154
2	1707	933
2	1708	170
2	1708	226
2	1708	956
2	1709	96
2	1709	366
2	1710	623
2	1712	136
2	1713	724
2	1716	377
2	1716	431
2	1717	821
2	1720	342
2	1722	579
2	1723	439
2	1725	539
2	1725	668
2	1728	585
2	1728	974
2	1729	138
2	1731	654
2	1732	319
2	1732	566
2	1732	606
2	1734	129
2	1735	71
2	1738	416
2	1738	454
2	1738	619
2	1738	875
2	1739	13
2	1739	410
2	1739	532
2	1740	322
2	1740	766
2	1741	75
2	1741	922
2	1742	395
2	1742	495
2	1742	832
2	1743	388
2	1743	673
2	1744	33
2	1747	397
2	1747	699
2	1748	175
2	1749	486
2	1751	279
2	1751	871
2	1752	267
2	1754	711
2	1755	680
2	1756	352
2	1757	492
2	1757	576
2	1758	179
2	1758	928
2	1759	299
2	1760	73
2	1760	326
2	1760	562
2	1760	747
2	1761	608
2	1761	776
2	1762	335
2	1762	384
2	1763	206
2	1765	337
2	1766	450
2	1768	46
2	1769	455
2	1769	538
2	1769	564
2	1769	855
2	1770	682
2	1770	908
2	1771	271
2	1772	167
2	1772	417
2	1773	260
2	1773	971
2	1774	15
2	1774	41
2	1774	257
2	1775	834
2	1775	991
2	1776	169
2	1776	852
2	1777	361
2	1777	423
2	1777	706
2	1778	573
2	1779	513
2	1780	184
2	1782	147
2	1783	771
2	1785	657
2	1787	177
2	1789	12
2	1789	139
2	1789	218
2	1789	221
2	1791	468
2	1791	614
2	1791	770
2	1793	409
2	1793	679
2	1794	425
2	1795	82
2	1800	245
2	1801	672
2	1801	901
2	1805	868
2	1806	872
2	1807	729
2	1807	740
2	1810	19
2	1811	180
2	1812	216
2	1812	324
2	1816	717
2	1816	749
2	1816	751
2	1818	106
2	1818	793
2	1818	980
2	1819	394
2	1820	646
2	1821	256
2	1822	281
2	1823	280
2	1824	671
2	1825	411
2	1825	530
2	1825	677
2	1826	386
2	1826	487
2	1827	165
2	1827	459
2	1828	124
2	1828	490
2	1828	785
2	1829	125
2	1829	294
2	1830	613
2	1831	577
2	1831	741
2	1833	559
2	1833	757
2	1833	962
2	1834	336
2	1834	598
2	1835	62
2	1835	154
2	1835	321
2	1835	587
2	1836	156
2	1836	282
2	1838	611
2	1838	760
2	1839	730
2	1840	852
2	1841	328
2	1841	451
2	1842	694
2	1843	819
2	1843	848
2	1844	537
2	1844	574
2	1845	419
2	1845	755
2	1845	799
2	1847	246
2	1849	545
2	1851	108
2	1852	233
2	1854	145
2	1855	323
2	1856	605
2	1858	391
2	1858	434
2	1859	346
2	1859	528
2	1860	994
2	1861	509
2	1861	575
2	1863	589
2	1863	645
2	1863	933
2	1865	121
2	1865	161
2	1867	202
2	1867	390
2	1867	420
2	1867	471
2	1868	567
2	1869	529
2	1870	441
2	1870	466
2	1870	599
2	1871	277
2	1871	330
2	1872	552
2	1872	801
2	1873	753
2	1874	313
2	1875	927
2	1876	844
2	1877	163
2	1877	194
2	1877	239
2	1878	449
2	1878	946
2	1881	153
2	1881	966
2	1882	550
2	1882	842
2	1883	253
2	1883	414
2	1883	735
2	1884	347
2	1884	532
2	1886	666
2	1891	445
2	1892	255
2	1893	240
2	1893	524
2	1895	50
2	1897	130
2	1898	705
2	1899	308
2	1901	361
2	1902	206
2	1902	696
2	1904	296
2	1904	381
2	1905	198
2	1905	684
2	1909	484
2	1909	627
2	1910	14
2	1910	150
2	1911	723
2	1911	888
2	1914	525
2	1915	223
2	1915	412
2	1915	594
2	1915	783
2	1916	458
2	1917	9
2	1919	262
2	1920	307
2	1920	720
2	1921	143
2	1921	481
2	1921	601
2	1922	378
2	1923	159
2	1923	303
2	1925	77
2	1925	220
2	1926	213
2	1926	437
2	1927	425
2	1928	192
2	1928	252
2	1928	513
2	1928	517
2	1929	230
2	1929	746
2	1929	894
2	1930	642
2	1930	990
2	1931	762
2	1932	531
2	1932	534
2	1932	883
2	1934	996
2	1935	302
2	1936	84
2	1936	837
2	1937	394
2	1937	612
2	1937	634
2	1940	579
2	1940	964
2	1941	274
2	1941	365
2	1944	22
2	1944	442
2	1944	774
2	1944	802
2	1946	49
2	1946	244
2	1948	120
2	1949	271
2	1949	678
2	1951	60
2	1951	160
2	1951	362
2	1951	764
2	1952	287
2	1952	794
2	1953	119
2	1954	958
2	1955	289
2	1955	816
2	1956	444
2	1956	580
2	1957	673
2	1958	283
2	1958	496
2	1959	644
2	1959	805
2	1959	854
2	1960	435
2	1960	686
2	1960	722
2	1960	937
2	1963	183
2	1963	497
2	1964	114
2	1966	467
2	1966	775
2	1970	388
2	1970	613
2	1971	29
2	1971	312
2	1972	337
2	1972	521
2	1974	432
2	1975	140
2	1976	90
2	1976	543
2	1977	87
2	1978	182
2	1980	784
2	1981	88
2	1981	100
2	1981	490
2	1981	716
2	1982	323
2	1982	695
2	1982	769
2	1985	608
2	1985	812
2	1987	89
2	1987	242
2	1987	460
2	1987	717
2	1988	646
2	1988	713
2	1990	380
2	1991	28
2	1991	396
2	1992	780
2	1992	782
2	1994	655
2	1994	815
2	1995	270
2	1995	765
2	1995	920
2	1997	457
2	1997	733
2	1998	19
2	1998	222
2	1998	373
2	1999	526
2	1999	929
2	2001	447
2	2001	767
2	2003	346
2	2004	10
2	2004	541
2	2004	547
2	2005	149
2	2006	78
2	2006	653
2	2007	546
2	2008	145
2	2008	719
2	2010	164
2	2010	236
2	2010	352
2	2011	112
2	2011	937
2	2012	256
2	2012	475
2	2012	749
2	2012	901
2	2013	830
2	2014	544
2	2015	24
2	2015	268
2	2016	804
2	2017	324
2	2017	704
2	2018	139
2	2019	27
2	2019	172
2	2020	132
2	2020	873
2	2021	67
2	2021	477
2	2022	117
2	2023	492
2	2025	589
2	2026	951
2	2028	392
2	2028	862
2	2030	17
2	2032	225
2	2033	126
2	2035	487
2	2037	237
2	2038	321
2	2038	471
2	2038	992
2	2039	319
2	2039	869
2	2040	269
2	2040	333
2	2040	478
2	2040	542
2	2041	175
2	2041	227
2	2045	389
2	2046	234
2	2046	912
2	2047	59
2	2047	207
2	2047	241
2	2047	306
2	2049	148
2	2050	66
2	2050	131
2	2050	555
2	2052	299
2	2052	503
2	2054	93
2	2056	109
2	2056	157
2	2056	771
2	2057	41
2	2057	219
2	2057	788
2	2058	417
2	2058	687
2	2058	699
2	2060	311
2	2061	469
2	2061	602
2	2061	702
2	2063	147
2	2063	565
2	2064	125
2	2064	273
2	2065	472
2	2065	557
2	2066	385
2	2066	583
2	2066	734
2	2066	820
2	2067	398
2	2067	796
2	2068	136
2	2068	265
2	2068	814
2	2069	342
2	2070	244
2	2070	371
2	2070	851
2	2071	650
2	2072	120
2	2072	166
2	2072	621
2	2073	353
2	2073	685
2	2074	116
2	2074	617
2	2077	449
2	2077	566
2	2077	744
2	2078	294
2	2078	481
2	2079	723
2	2080	174
2	2081	130
2	2081	361
2	2081	428
2	2081	499
2	2081	500
2	2082	561
2	2084	482
2	2085	607
2	2086	156
2	2087	674
2	2087	843
2	2089	533
2	2092	2
2	2092	992
2	2093	511
2	2094	638
2	2095	847
2	2097	154
2	2099	6
2	2101	639
2	2103	538
2	2103	675
2	2104	358
2	2107	373
2	2110	643
2	2111	163
2	2111	913
2	2112	263
2	2112	866
2	2114	140
2	2114	194
2	2114	944
2	2116	581
2	2118	56
2	2119	326
2	2119	549
2	2120	367
2	2122	415
2	2123	190
2	2123	315
2	2124	753
2	2124	886
2	2127	426
2	2128	604
2	2130	640
2	2132	379
2	2132	578
2	2132	718
2	2132	758
2	2134	138
2	2134	336
2	2134	577
2	2134	682
2	2136	396
2	2136	711
2	2137	410
2	2137	905
2	2139	31
2	2139	448
2	2139	932
2	2140	992
2	2141	202
2	2142	224
2	2142	552
2	2143	30
2	2143	110
2	2143	205
2	2144	594
2	2145	122
2	2145	467
2	2146	119
2	2148	23
2	2149	191
2	2149	934
2	2150	317
2	2150	794
2	2152	609
2	2157	792
2	2158	169
2	2158	453
2	2158	722
2	2159	738
2	2160	204
2	2165	833
2	2165	931
2	2166	855
2	2168	655
2	2170	870
2	2171	12
2	2172	587
2	2172	721
2	2175	164
2	2177	762
2	2178	534
2	2179	523
2	2179	951
2	2180	229
2	2180	535
2	2183	145
2	2183	159
2	2184	324
2	2185	798
2	2186	231
2	2186	434
2	2187	876
2	2188	791
2	2189	745
2	2189	956
2	2190	867
2	2191	146
2	2191	362
2	2191	446
2	2193	346
2	2194	80
2	2194	943
2	2195	285
2	2197	913
2	2198	429
2	2198	611
2	2198	824
2	2200	236
2	2200	542
2	2201	1
2	2204	223
2	2205	986
2	2208	183
2	2208	474
2	2208	616
2	2208	802
2	2209	664
2	2210	323
2	2212	879
2	2216	91
2	2216	904
2	2217	627
2	2218	85
2	2218	184
2	2218	829
2	2219	242
2	2219	340
2	2219	717
2	2222	435
2	2223	347
2	2223	423
2	2225	306
2	2225	438
2	2228	208
2	2228	428
2	2228	543
2	2228	576
2	2228	968
2	2229	416
2	2229	489
2	2229	522
2	2229	656
2	2230	411
2	2230	421
2	2230	436
2	2230	709
2	2230	787
2	2230	797
2	2232	63
2	2233	859
2	2235	50
2	2236	256
2	2236	266
2	2236	342
2	2236	843
2	2237	661
2	2238	291
2	2238	327
2	2238	525
2	2238	590
2	2238	620
2	2238	783
2	2239	550
2	2240	72
2	2241	151
2	2242	217
2	2243	7
2	2243	305
2	2244	440
2	2244	632
2	2244	690
2	2245	262
2	2247	726
2	2248	58
2	2248	368
2	2248	527
2	2248	569
2	2249	220
2	2249	288
2	2250	812
2	2251	20
2	2251	610
2	2251	653
2	2252	34
2	2252	941
2	2253	43
2	2254	112
2	2254	516
2	2255	136
2	2255	459
2	2255	596
2	2256	182
2	2256	268
2	2256	495
2	2258	668
2	2258	808
2	2259	273
2	2262	298
2	2262	678
2	2262	917
2	2263	891
2	2263	950
2	2264	86
2	2264	470
2	2264	989
2	2265	378
2	2265	719
2	2266	537
2	2267	39
2	2268	62
2	2268	407
2	2269	782
2	2269	784
2	2270	339
2	2272	258
2	2272	602
2	2272	838
2	2273	232
2	2273	549
2	2276	179
2	2276	911
2	2277	390
2	2278	579
2	2279	526
2	2279	565
2	2280	283
2	2280	979
2	2281	251
2	2281	476
2	2282	409
2	2282	521
2	2283	197
2	2283	519
2	2283	591
2	2284	123
2	2284	479
2	2286	356
2	2286	484
2	2288	753
2	2289	319
2	2289	695
2	2291	702
2	2291	757
2	2293	6
2	2294	823
2	2294	973
2	2295	466
2	2295	800
2	2295	993
2	2298	309
2	2298	385
2	2298	386
2	2299	59
2	2299	276
2	2299	431
2	2302	31
2	2302	189
2	2302	488
2	2302	680
2	2304	844
2	2305	353
2	2305	501
2	2305	618
2	2305	790
2	2308	408
2	2311	133
2	2311	705
2	2312	420
2	2313	727
2	2314	435
2	2314	718
2	2315	645
2	2315	875
2	2316	166
2	2317	159
2	2317	696
2	2318	414
2	2319	113
2	2319	381
2	2319	670
2	2320	292
2	2321	108
2	2322	599
2	2323	111
2	2323	490
2	2326	388
2	2326	443
2	2327	263
2	2328	370
2	2330	344
2	2330	902
2	2330	970
2	2331	88
2	2331	563
2	2331	637
2	2331	650
2	2333	152
2	2333	469
2	2334	453
2	2335	105
2	2336	462
2	2339	118
2	2339	722
2	2341	886
2	2342	374
2	2342	887
2	2343	195
2	2343	396
2	2343	592
2	2344	270
2	2344	593
2	2345	19
2	2345	252
2	2345	601
2	2346	84
2	2346	384
2	2348	838
2	2349	76
2	2350	692
2	2352	555
2	2352	608
2	2353	125
2	2353	340
2	2354	187
2	2355	246
2	2355	676
2	2355	900
2	2356	341
2	2356	989
2	2357	264
2	2358	168
2	2358	201
2	2359	758
2	2359	769
2	2360	763
2	2361	55
2	2361	149
2	2361	511
2	2362	711
2	2364	79
2	2364	544
2	2364	880
2	2366	644
2	2367	498
2	2367	613
2	2367	860
2	2368	395
2	2369	612
2	2369	851
2	2369	943
2	2370	311
2	2372	778
2	2373	945
2	2374	170
2	2374	545
2	2375	675
2	2375	822
2	2375	882
2	2376	541
2	2376	687
2	2376	739
2	2377	1
2	2379	50
2	2379	307
2	2379	487
2	2380	115
2	2380	302
2	2380	352
2	2380	429
2	2380	911
2	2381	128
2	2381	266
2	2383	154
2	2383	350
2	2384	653
2	2386	95
2	2386	740
2	2387	233
2	2388	338
2	2389	741
2	2392	255
2	2392	966
2	2395	335
2	2395	707
2	2395	890
2	2398	941
2	2399	349
2	2400	202
2	2400	853
2	2401	506
2	2401	850
2	2401	928
2	2404	879
2	2405	43
2	2406	428
2	2406	934
2	2408	925
2	2408	960
2	2411	144
2	2413	68
2	2413	770
2	2413	911
2	2414	679
2	2417	223
2	2417	557
2	2417	600
2	2418	89
2	2420	732
2	2422	140
2	2423	155
2	2423	632
2	2423	940
2	2425	315
2	2426	24
2	2427	477
2	2428	120
2	2429	603
2	2429	797
2	2431	437
2	2432	472
2	2435	110
2	2435	193
2	2436	49
2	2440	69
2	2442	943
2	2443	652
2	2444	210
2	2444	716
2	2444	820
2	2446	490
2	2446	626
2	2446	767
2	2446	880
2	2448	422
2	2448	493
2	2450	719
2	2452	779
2	2453	517
2	2454	418
2	2455	566
2	2455	748
2	2456	627
2	2457	271
2	2457	380
2	2457	446
2	2459	611
2	2459	700
2	2459	791
2	2460	91
2	2463	456
2	2464	432
2	2464	795
2	2464	937
2	2465	212
2	2465	861
2	2466	685
2	2466	910
2	2467	336
2	2468	536
2	2470	426
2	2470	823
2	2471	62
2	2473	868
2	2474	806
2	2477	771
2	2478	425
2	2478	978
2	2481	45
2	2481	643
2	2483	101
2	2483	737
2	2484	482
2	2484	987
2	2485	227
2	2485	787
2	2485	928
2	2486	433
2	2488	751
2	2488	901
2	2490	171
2	2490	297
2	2490	784
2	2491	198
2	2491	283
2	2492	503
2	2494	57
2	2494	197
2	2494	249
2	2494	999
2	2495	135
2	2495	203
2	2496	97
2	2496	589
2	2496	761
2	2497	224
2	2498	244
2	2498	390
2	2500	805
2	2502	243
2	2502	481
2	2503	473
2	2503	916
2	2504	102
2	2504	559
2	2505	527
2	2505	726
2	2505	876
2	2506	215
2	2507	694
2	2508	505
2	2509	18
2	2509	185
2	2509	358
2	2510	833
2	2511	36
2	2511	684
2	2511	962
2	2512	258
2	2512	284
2	2513	985
2	2514	90
2	2516	125
2	2516	551
2	2517	448
2	2518	367
2	2520	364
2	2521	616
2	2524	404
2	2524	449
2	2525	235
2	2525	451
2	2525	492
2	2525	572
2	2527	113
2	2527	142
2	2527	565
2	2527	888
2	2528	22
2	2528	763
2	2532	162
2	2532	723
2	2532	909
2	2533	524
2	2533	568
2	2533	647
2	2533	696
2	2537	992
2	2538	361
2	2539	317
2	2541	636
2	2541	699
2	2542	573
2	2542	769
2	2543	70
2	2544	288
2	2544	292
2	2544	609
2	2545	663
2	2546	786
2	2547	132
2	2547	216
2	2548	154
2	2548	294
2	2550	337
2	2551	628
2	2551	893
2	2551	907
2	2552	108
2	2552	923
2	2553	81
2	2553	680
2	2553	746
2	2553	843
2	2554	747
2	2555	189
2	2556	384
2	2556	437
2	2557	242
2	2558	387
2	2558	402
2	2558	641
2	2558	679
2	2558	805
2	2560	485
2	2560	967
2	2560	997
2	2561	658
2	2562	730
2	2563	12
2	2563	374
2	2564	365
2	2564	483
2	2565	767
2	2566	251
2	2566	314
2	2568	548
2	2569	15
2	2569	413
2	2570	601
2	2572	954
2	2573	164
2	2573	382
2	2573	587
2	2575	625
2	2575	731
2	2575	858
2	2576	250
2	2577	13
2	2578	408
2	2578	738
2	2581	318
2	2582	401
2	2582	497
2	2583	303
2	2584	229
2	2585	191
2	2586	523
2	2586	529
2	2586	603
2	2586	785
2	2587	894
2	2588	470
2	2588	893
2	2588	914
2	2588	996
2	2589	176
2	2589	286
2	2589	405
2	2591	64
2	2591	969
2	2592	175
2	2592	598
2	2592	861
2	2593	161
2	2593	255
2	2593	501
2	2593	764
2	2594	346
2	2594	669
2	2594	672
2	2594	936
2	2595	445
2	2595	576
2	2595	691
2	2595	800
2	2595	889
2	2596	253
2	2596	543
2	2598	343
2	2598	970
2	2599	539
2	2599	676
2	2601	756
2	2602	566
2	2603	553
2	2604	366
2	2605	65
2	2606	577
2	2607	179
2	2608	778
2	2608	990
2	2609	828
2	2610	385
2	2613	585
2	2615	345
2	2617	284
2	2617	339
2	2618	122
2	2618	287
2	2619	502
2	2620	675
2	2622	621
2	2622	637
2	2623	515
2	2626	335
2	2626	926
2	2628	254
2	2629	46
2	2629	69
2	2629	530
2	2630	76
2	2630	91
2	2630	677
2	2631	82
2	2632	19
2	2633	432
2	2634	174
2	2634	296
2	2635	223
2	2635	436
2	2636	239
2	2636	518
2	2637	1
2	2638	475
2	2639	186
2	2639	279
2	2641	341
2	2642	662
2	2643	462
2	2643	642
2	2644	935
2	2645	373
2	2646	516
2	2648	117
2	2648	549
2	2652	306
2	2652	325
2	2652	711
2	2653	120
2	2653	310
2	2653	753
2	2656	457
2	2656	640
2	2656	655
2	2657	403
2	2659	359
2	2659	657
2	2660	979
2	2661	626
2	2662	538
2	2662	878
2	2663	356
2	2665	256
2	2667	383
2	2670	454
2	2670	666
2	2671	514
2	2671	608
2	2674	434
2	2675	209
2	2675	478
2	2678	596
2	2679	381
2	2679	836
2	2680	32
2	2680	417
2	2683	4
2	2683	522
2	2683	611
2	2685	654
2	2686	430
2	2687	544
2	2687	982
2	2688	97
2	2688	996
2	2689	300
2	2690	573
2	2692	320
2	2692	486
2	2692	505
2	2692	763
2	2693	31
2	2693	67
2	2693	630
2	2695	89
2	2695	266
2	2695	774
2	2696	136
2	2697	194
2	2698	37
2	2698	670
2	2700	624
2	2701	160
2	2701	490
2	2702	22
2	2703	468
2	2703	491
2	2703	620
2	2705	298
2	2705	433
2	2705	494
2	2706	93
2	2707	700
2	2708	639
2	2709	594
2	2709	904
2	2710	35
2	2710	217
2	2710	314
2	2710	484
2	2711	199
2	2711	512
2	2712	412
2	2712	590
2	2712	852
2	2713	215
2	2714	480
2	2714	736
2	2717	271
2	2718	957
2	2719	119
2	2719	931
2	2720	41
2	2720	311
2	2720	629
2	2722	476
2	2726	272
2	2726	559
2	2726	727
2	2727	244
2	2727	352
2	2727	519
2	2727	829
2	2730	236
2	2731	771
2	2732	124
2	2732	201
2	2735	999
2	2738	75
2	2739	517
2	2741	479
2	2742	578
2	2742	974
2	2743	145
2	2744	619
2	2746	735
2	2748	428
2	2748	800
2	2750	357
2	2751	379
2	2751	453
2	2752	483
2	2754	389
2	2754	623
2	2754	644
2	2756	61
2	2756	698
2	2758	424
2	2759	332
2	2762	56
2	2762	448
2	2763	587
2	2765	156
2	2765	894
2	2766	127
2	2766	323
2	2767	652
2	2768	653
2	2768	714
2	2770	648
2	2770	747
2	2770	758
2	2770	883
2	2771	789
2	2773	181
2	2773	546
2	2773	743
2	2774	924
2	2775	241
2	2776	607
2	2777	12
2	2779	481
2	2780	972
2	2782	237
2	2782	567
2	2782	701
2	2783	104
2	2784	556
2	2785	225
2	2785	527
2	2786	402
2	2786	503
2	2786	606
2	2787	155
2	2787	313
2	2787	345
2	2787	541
2	2788	172
2	2788	887
2	2788	988
2	2789	231
2	2789	435
2	2790	251
2	2790	993
2	2791	340
2	2791	523
2	2791	931
2	2792	283
2	2792	431
2	2792	797
2	2792	958
2	2793	497
2	2795	88
2	2795	90
2	2795	322
2	2795	898
2	2796	884
2	2797	111
2	2797	426
2	2797	908
2	2798	718
2	2798	752
2	2799	175
2	2802	439
2	2803	860
2	2804	210
2	2806	130
2	2806	349
2	2808	52
2	2809	146
2	2809	282
2	2810	343
2	2811	592
2	2812	208
2	2812	306
2	2812	458
2	2813	671
2	2814	697
2	2814	971
2	2815	351
2	2817	49
2	2818	533
2	2821	622
2	2824	46
2	2824	640
2	2826	325
2	2827	772
2	2829	785
2	2830	200
2	2830	411
2	2831	186
2	2831	454
2	2831	879
2	2832	360
2	2833	38
2	2834	498
2	2834	803
2	2835	312
2	2838	628
2	2838	794
2	2839	120
2	2839	224
2	2844	353
2	2844	732
2	2845	187
2	2846	524
2	2847	621
2	2850	40
2	2851	204
2	2852	15
2	2852	793
2	2853	365
2	2855	639
2	2856	392
2	2857	206
2	2857	211
2	2857	737
2	2858	50
2	2858	328
2	2858	395
2	2859	770
2	2860	683
2	2863	247
2	2863	684
2	2864	987
2	2865	289
2	2865	543
2	2865	676
2	2866	407
2	2866	753
2	2867	152
2	2867	835
2	2868	142
2	2868	394
2	2868	722
2	2869	133
2	2869	423
2	2870	384
2	2871	706
2	2872	14
2	2872	867
2	2873	382
2	2874	270
2	2875	530
2	2875	745
2	2876	151
2	2876	195
2	2877	363
2	2878	455
2	2878	696
2	2878	762
2	2878	964
2	2879	228
2	2879	728
2	2880	102
2	2883	693
2	2884	725
2	2885	586
2	2886	245
2	2886	591
2	2888	248
2	2888	254
2	2888	359
2	2889	579
2	2889	783
2	2889	948
2	2890	29
2	2890	670
2	2891	490
2	2891	555
2	2891	599
2	2891	731
2	2892	27
2	2892	85
2	2892	420
2	2895	194
2	2895	480
2	2895	632
2	2895	967
2	2896	709
2	2897	361
2	2897	370
2	2897	700
2	2898	53
2	2898	549
2	2899	616
2	2900	161
2	2901	935
2	2902	230
2	2902	399
2	2902	574
2	2903	141
2	2904	517
2	2905	960
2	2906	114
2	2906	303
2	2906	766
2	2907	182
2	2908	510
2	2908	843
2	2909	128
2	2911	985
2	2912	56
2	2912	759
2	2913	59
2	2913	704
2	2914	388
2	2914	685
2	2915	32
2	2915	304
2	2916	522
2	2916	986
2	2918	98
2	2920	743
2	2921	62
2	2921	459
2	2922	298
2	2923	84
2	2923	205
2	2923	478
2	2923	601
2	2927	167
2	2927	252
2	2927	389
2	2927	659
2	2927	682
2	2930	6
2	2930	505
2	2930	690
2	2930	988
2	2931	7
2	2932	720
2	2932	795
2	2933	321
2	2935	492
2	2935	502
2	2936	336
2	2936	892
2	2938	695
2	2940	129
2	2941	427
2	2942	871
2	2943	390
2	2943	445
2	2944	103
2	2945	139
2	2945	518
2	2946	573
2	2948	89
2	2949	786
2	2950	180
2	2950	352
2	2950	425
2	2951	307
2	2952	422
2	2952	526
2	2955	410
2	2955	438
2	2955	441
2	2955	489
2	2955	507
2	2956	193
2	2956	386
2	2956	970
2	2957	149
2	2958	446
2	2958	779
2	2960	176
2	2960	657
2	2962	344
2	2962	362
2	2962	798
2	2963	348
2	2963	730
2	2964	147
2	2964	711
2	2964	714
2	2965	416
2	2966	86
2	2966	452
2	2967	190
2	2967	470
2	2969	339
2	2970	34
2	2970	368
2	2970	776
2	2970	802
2	2971	421
2	2971	698
2	2973	654
2	2974	355
2	2974	403
2	2974	590
2	2975	70
2	2976	268
2	2976	285
2	2976	419
2	2976	499
2	2976	612
2	2978	274
2	2978	315
2	2978	679
2	2979	117
2	2979	429
2	2981	735
2	2983	357
2	2983	393
2	2983	767
2	2984	66
2	2984	169
2	2985	63
2	2985	788
2	2986	673
2	2986	691
2	2987	567
2	2988	568
2	2990	675
2	2991	181
2	2991	664
2	2991	834
2	2992	626
2	2993	184
2	2993	758
2	2993	856
2	2993	889
2	2994	432
2	2994	773
2	2995	493
2	2997	995
2	2998	335
2	2999	237
2	2999	400
2	2999	594
2	3000	619
2	3002	426
2	3002	710
2	3003	100
2	3003	154
2	3003	204
2	3003	503
2	3003	614
2	3005	652
2	3007	595
2	3007	638
2	3009	717
2	3010	329
2	3010	548
2	3011	260
2	3011	377
2	3011	520
2	3011	627
2	3012	97
2	3013	536
2	3014	60
2	3014	763
2	3014	999
2	3017	148
2	3017	707
2	3017	923
2	3019	46
2	3019	241
2	3019	326
2	3019	565
2	3020	177
2	3020	218
2	3021	890
2	3023	497
2	3023	925
2	3024	486
2	3025	273
2	3026	435
2	3026	545
2	3027	192
2	3028	250
2	3031	42
2	3032	506
2	3033	125
2	3033	354
2	3033	897
2	3035	262
2	3035	732
2	3035	764
2	3035	864
2	3036	855
2	3039	50
2	3041	293
2	3042	38
2	3042	255
2	3042	603
2	3043	105
2	3043	955
2	3046	471
2	3046	953
2	3048	805
2	3049	635
2	3050	395
2	3052	140
2	3052	309
2	3053	910
2	3054	133
2	3054	974
2	3056	35
2	3057	811
2	3058	245
2	3058	332
2	3059	394
2	3061	214
2	3062	434
2	3063	333
2	3063	636
2	3064	131
2	3065	3
2	3065	53
2	3065	504
2	3067	472
2	3068	4
2	3068	543
2	3068	840
2	3069	85
2	3069	390
2	3069	451
2	3070	542
2	3070	800
2	3070	992
2	3071	453
2	3071	580
2	3072	80
2	3073	442
2	3074	116
2	3074	413
2	3074	747
2	3075	277
2	3075	581
2	3077	44
2	3077	311
2	3077	560
2	3077	825
2	3078	110
2	3078	417
2	3080	473
2	3080	602
2	3080	671
2	3081	206
2	3081	356
2	3083	457
2	3084	558
2	3084	661
2	3084	910
2	3084	985
2	3085	321
2	3086	448
2	3087	278
2	3088	439
2	3089	765
2	3090	160
2	3092	301
2	3094	892
2	3095	607
2	3096	108
2	3096	302
2	3096	495
2	3097	152
2	3098	597
2	3098	601
2	3098	662
2	3100	830
2	3101	73
2	3101	440
2	3102	119
2	3102	963
2	3103	994
2	3104	716
2	3105	398
2	3105	749
2	3105	804
2	3105	839
2	3106	107
2	3106	425
2	3108	10
2	3108	158
2	3108	999
2	3109	15
2	3109	526
2	3109	546
2	3110	745
2	3112	600
2	3112	834
2	3112	947
2	3113	596
2	3113	750
2	3114	376
2	3116	19
2	3116	876
2	3117	547
2	3119	81
2	3119	285
2	3119	488
2	3122	420
2	3124	595
2	3125	456
2	3126	987
2	3127	584
2	3128	684
2	3130	219
2	3132	310
2	3133	534
2	3133	690
2	3134	970
2	3135	127
2	3135	319
2	3137	100
2	3138	328
2	3139	412
2	3140	17
2	3140	276
2	3141	55
2	3141	655
2	3142	994
2	3145	13
2	3145	626
2	3148	222
2	3148	298
2	3149	200
2	3149	935
2	3150	589
2	3150	861
2	3151	341
2	3151	491
2	3151	656
2	3153	183
2	3153	653
2	3155	474
2	3157	16
2	3157	343
2	3157	720
2	3157	766
2	3157	817
2	3158	101
2	3158	389
2	3159	150
2	3159	481
2	3161	519
2	3162	594
2	3162	917
2	3163	22
2	3164	477
2	3164	511
2	3166	823
2	3167	484
2	3168	751
2	3169	679
2	3170	66
2	3171	130
2	3171	447
2	3173	163
2	3174	315
2	3174	428
2	3177	334
2	3177	544
2	3177	638
2	3178	331
2	3178	421
2	3181	216
2	3181	496
2	3181	533
2	3182	368
2	3185	238
2	3185	261
2	3188	296
2	3188	489
2	3189	317
2	3189	808
2	3189	826
2	3190	455
2	3191	287
2	3192	582
2	3193	357
2	3195	446
2	3196	34
2	3196	140
2	3196	218
2	3196	741
2	3197	637
2	3199	264
2	3199	947
2	3201	673
2	3204	384
2	3206	232
2	3207	195
2	3207	424
2	3207	485
2	3208	352
2	3208	569
2	3208	572
2	3211	145
2	3211	281
2	3213	28
2	3213	476
2	3214	123
2	3214	727
2	3217	14
2	3217	340
2	3217	506
2	3217	599
2	3218	717
2	3218	759
2	3219	707
2	3222	453
2	3222	926
2	3223	646
2	3224	169
2	3224	306
2	3225	109
2	3225	522
2	3227	683
2	3229	31
2	3229	35
2	3229	629
2	3229	651
2	3230	265
2	3231	155
2	3233	958
2	3234	564
2	3234	725
2	3234	812
2	3237	898
2	3239	330
2	3240	87
2	3240	667
2	3241	182
2	3241	872
2	3242	554
2	3244	209
2	3244	747
2	3246	305
2	3246	757
2	3248	500
2	3248	726
2	3249	292
2	3249	408
2	3252	451
2	3253	102
2	3253	765
2	3254	147
2	3254	347
2	3254	523
2	3255	294
2	3255	555
2	3256	604
2	3258	337
2	3258	545
2	3260	288
2	3260	312
2	3260	581
2	3261	104
2	3262	307
2	3263	473
2	3263	672
2	3264	231
2	3264	633
2	3264	753
2	3265	493
2	3265	676
2	3265	790
2	3266	608
2	3266	943
2	3267	470
2	3268	625
2	3269	410
2	3270	324
2	3270	634
2	3271	47
2	3271	719
2	3273	159
2	3273	272
2	3274	262
2	3274	708
2	3275	26
2	3276	691
2	3277	152
2	3278	415
2	3279	219
2	3279	528
2	3280	138
2	3280	166
2	3280	536
2	3281	234
2	3282	783
2	3283	346
2	3284	419
2	3284	584
2	3285	77
2	3285	252
2	3285	295
2	3285	767
2	3285	939
2	3288	755
2	3290	450
2	3290	521
2	3292	803
2	3293	364
2	3294	196
2	3295	967
2	3296	289
2	3296	663
2	3296	669
2	3297	923
2	3298	180
2	3298	748
2	3298	863
2	3302	162
2	3302	376
2	3303	244
2	3304	161
2	3305	291
2	3307	492
2	3307	782
2	3308	784
2	3308	936
2	3310	92
2	3310	242
2	3310	549
2	3311	221
2	3312	490
2	3313	391
2	3314	215
2	3315	275
2	3315	593
2	3316	426
2	3316	931
2	3317	95
2	3317	418
2	3317	965
2	3318	44
2	3318	213
2	3319	981
2	3320	781
2	3322	629
2	3322	647
2	3323	502
2	3323	513
2	3323	971
2	3324	466
2	3325	441
2	3325	778
2	3326	445
2	3328	189
2	3328	392
2	3328	550
2	3329	427
2	3329	945
2	3331	525
2	3333	728
2	3333	930
2	3334	697
2	3335	721
2	3336	118
2	3336	567
2	3337	992
2	3341	33
2	3341	203
2	3341	468
2	3342	529
2	3343	40
2	3343	274
2	3343	892
2	3344	206
2	3346	417
2	3346	657
2	3348	53
2	3348	84
2	3348	491
2	3349	758
2	3350	553
2	3350	621
2	3350	723
2	3351	505
2	3352	544
2	3353	43
2	3353	600
2	3353	885
2	3354	796
2	3355	379
2	3355	850
2	3356	13
2	3356	684
2	3357	299
2	3358	891
2	3359	132
2	3359	211
2	3359	481
2	3360	511
2	3361	570
2	3363	223
2	3363	404
2	3365	310
2	3367	171
2	3368	327
2	3368	437
2	3370	627
2	3372	382
2	3373	204
2	3373	514
2	3373	686
2	3374	249
2	3375	811
2	3376	958
2	3377	170
2	3377	558
2	3379	24
2	3379	264
2	3379	628
2	3381	373
2	3382	714
2	3382	981
2	3383	3
2	3386	805
2	3387	64
2	3387	792
2	3389	97
2	3390	494
2	3391	107
2	3392	96
2	3392	452
2	3392	766
2	3393	120
2	3394	384
2	3397	687
2	3399	809
2	3400	551
2	3401	444
2	3404	374
2	3404	586
2	3406	500
2	3407	123
2	3407	160
2	3407	713
2	3407	750
2	3410	337
2	3411	256
2	3411	497
2	3411	546
2	3412	312
2	3414	268
2	3414	688
2	3414	800
2	3414	870
2	3415	282
2	3416	154
2	3417	298
2	3417	367
2	3419	109
2	3419	726
2	3420	103
2	3420	395
2	3421	538
2	3422	188
2	3422	342
2	3422	405
2	3422	580
2	3422	858
2	3423	149
2	3423	176
2	3423	768
2	3424	341
2	3425	556
2	3428	490
2	3429	333
2	3430	100
2	3430	425
2	3431	359
2	3433	199
2	3433	929
2	3434	130
2	3434	366
2	3435	856
2	3436	617
2	3437	972
2	3439	455
2	3439	721
2	3439	736
2	3440	390
2	3440	501
2	3440	598
2	3441	313
2	3442	129
2	3442	259
2	3443	717
2	3444	214
2	3446	10
2	3450	260
2	3451	336
2	3451	403
2	3452	278
2	3452	422
2	3452	639
2	3453	315
2	3454	245
2	3454	430
2	3454	815
2	3457	704
2	3460	218
2	3460	407
2	3460	470
2	3460	582
2	3460	812
2	3460	987
2	3462	32
2	3462	50
2	3462	979
2	3463	759
2	3463	850
2	3464	71
2	3464	196
2	3464	219
2	3464	587
2	3464	763
2	3465	740
2	3466	49
2	3466	112
2	3467	420
2	3467	498
2	3468	202
2	3468	894
2	3469	682
2	3471	527
2	3472	678
2	3473	468
2	3473	784
2	3474	67
2	3474	859
2	3475	304
2	3475	702
2	3476	94
2	3477	227
2	3477	621
2	3478	905
2	3479	21
2	3479	353
2	3479	386
2	3482	270
2	3482	793
2	3484	387
2	3484	716
2	3485	690
2	3486	331
2	3489	57
2	3491	502
2	3491	725
2	3492	794
2	3494	317
2	3495	953
2	3496	17
2	3497	280
2	3503	454
2	3504	167
2	3504	266
2	3504	355
2	3506	573
2	3508	55
2	3508	439
2	3510	72
2	3510	535
2	3511	51
2	3511	618
2	3512	18
2	3513	968
2	3514	615
2	3514	786
2	3514	918
2	3515	178
2	3515	222
2	3515	776
2	3517	209
2	3518	251
2	3518	409
2	3518	466
2	3520	241
2	3520	393
2	3521	261
2	3523	584
2	3524	381
2	3524	943
2	3525	48
2	3525	958
2	3526	429
2	3526	984
2	3527	120
2	3528	102
2	3528	146
2	3530	231
2	3530	433
2	3531	778
2	3532	544
2	3533	415
2	3533	707
2	3534	549
2	3534	585
2	3535	142
2	3536	200
2	3536	646
2	3536	668
2	3536	909
2	3537	30
2	3537	153
2	3538	441
2	3540	114
2	3540	961
2	3545	86
2	3545	673
2	3546	206
2	3546	414
2	3547	137
2	3547	358
2	3548	45
2	3550	634
2	3552	556
2	3552	774
2	3553	172
2	3553	543
2	3553	903
2	3554	208
2	3554	244
2	3554	522
2	3555	991
2	3556	777
2	3557	65
2	3557	413
2	3557	643
2	3559	485
2	3560	632
2	3562	746
2	3563	571
2	3563	577
2	3563	944
2	3564	230
2	3564	743
2	3565	59
2	3567	118
2	3567	268
2	3567	534
2	3567	661
2	3567	679
2	3568	294
2	3568	985
2	3569	758
2	3570	39
2	3570	333
2	3571	246
2	3571	395
2	3571	772
2	3572	552
2	3573	557
2	3573	660
2	3574	211
2	3577	665
2	3578	803
2	3578	983
2	3579	292
2	3579	469
2	3581	596
2	3581	728
2	3581	865
2	3583	733
2	3583	739
2	3585	291
2	3585	347
2	3585	647
2	3586	115
2	3586	745
2	3586	888
2	3587	46
2	3587	456
2	3588	948
2	3591	705
2	3592	281
2	3595	107
2	3595	235
2	3595	867
2	3596	155
2	3597	87
2	3597	640
2	3597	642
2	3598	951
2	3599	594
2	3600	447
2	3600	993
2	3601	340
2	3601	830
2	3606	401
2	3606	408
2	3609	13
2	3609	131
2	3610	550
2	3611	538
2	3611	542
2	3612	373
2	3612	703
2	3613	832
2	3615	300
2	3616	811
2	3617	14
2	3618	148
2	3618	238
2	3620	138
2	3620	269
2	3622	213
2	3622	424
2	3623	545
2	3624	612
2	3625	870
2	3627	513
2	3628	242
2	3628	380
2	3628	741
2	3629	177
2	3629	511
2	3630	652
2	3631	738
2	3633	467
2	3634	9
2	3634	448
2	3634	508
2	3634	905
2	3635	257
2	3636	276
2	3636	484
2	3636	793
2	3638	377
2	3639	240
2	3639	279
2	3640	531
2	3642	932
2	3644	446
2	3644	943
2	3645	302
2	3645	544
2	3645	979
2	3647	763
2	3648	122
2	3649	220
2	3649	394
2	3650	88
2	3651	768
2	3653	332
2	3656	366
2	3656	393
2	3656	771
2	3657	415
2	3658	432
2	3658	633
2	3660	653
2	3661	283
2	3662	280
2	3662	301
2	3662	311
2	3662	342
2	3662	708
2	3664	406
2	3664	815
2	3665	590
2	3667	184
2	3667	527
2	3667	822
2	3668	97
2	3668	662
2	3669	489
2	3669	804
2	3670	72
2	3672	348
2	3673	754
2	3674	212
2	3674	472
2	3676	35
2	3676	635
2	3677	178
2	3678	498
2	3678	595
2	3678	639
2	3679	417
2	3679	821
2	3680	753
2	3680	783
2	3681	53
2	3681	430
2	3681	695
2	3683	80
2	3684	900
2	3685	959
2	3686	518
2	3688	102
2	3688	214
2	3688	593
2	3688	824
2	3688	931
2	3689	101
2	3689	293
2	3689	785
2	3690	986
2	3692	185
2	3692	227
2	3692	722
2	3694	619
2	3696	235
2	3696	267
2	3697	909
2	3699	282
2	3699	539
2	3700	6
2	3700	383
2	3702	416
2	3702	418
2	3702	555
2	3703	61
2	3704	341
2	3704	742
2	3706	76
2	3706	668
2	3706	723
2	3709	83
2	3709	84
2	3709	154
2	3710	170
2	3713	836
2	3714	180
2	3714	190
2	3715	770
2	3715	807
2	3717	592
2	3717	601
2	3719	173
2	3719	583
2	3720	187
2	3720	374
2	3720	480
2	3720	776
2	3720	830
2	3720	983
2	3722	296
2	3724	320
2	3724	775
2	3724	869
2	3725	47
2	3725	236
2	3726	245
2	3726	499
2	3727	470
2	3727	710
2	3727	729
2	3728	327
2	3730	322
2	3730	477
2	3732	674
2	3733	686
2	3734	603
2	3734	726
2	3737	29
2	3737	672
2	3738	191
2	3738	636
2	3738	743
2	3738	791
2	3738	882
2	3740	89
2	3740	210
2	3741	104
2	3742	204
2	3742	569
2	3743	45
2	3743	629
2	3746	828
2	3746	865
2	3747	117
2	3748	493
2	3749	397
2	3749	453
2	3749	724
2	3749	777
2	3750	226
2	3751	704
2	3752	263
2	3754	680
2	3755	62
2	3755	547
2	3756	442
2	3757	449
2	3758	66
2	3758	646
2	3758	696
2	3759	978
2	3760	444
2	3760	946
2	3761	306
2	3762	81
2	3762	139
2	3762	530
2	3763	836
2	3763	929
2	3764	524
2	3765	590
2	3766	676
2	3768	132
2	3768	420
2	3768	797
2	3770	536
2	3771	10
2	3771	114
2	3771	405
2	3772	9
2	3772	404
2	3773	435
2	3773	701
2	3774	455
2	3775	602
2	3775	649
2	3776	127
2	3776	561
2	3778	79
2	3778	100
2	3778	113
2	3778	943
2	3779	181
2	3780	314
2	3781	134
2	3781	534
2	3781	657
2	3781	664
2	3782	151
2	3782	920
2	3783	345
2	3784	213
2	3785	441
2	3786	163
2	3786	466
2	3786	938
2	3787	109
2	3787	316
2	3787	506
2	3788	347
2	3789	845
2	3791	523
2	3792	414
2	3792	587
2	3792	823
2	3793	379
2	3793	973
2	3794	896
2	3794	958
2	3795	141
2	3795	272
2	3795	655
2	3796	183
2	3796	313
2	3798	512
2	3798	709
2	3798	971
2	3799	633
2	3799	793
2	3800	628
2	3801	162
2	3801	205
2	3801	570
2	3802	684
2	3803	238
2	3803	355
2	3803	620
2	3803	652
2	3804	78
2	3805	510
2	3806	507
2	3806	658
2	3806	942
2	3807	199
2	3808	196
2	3808	333
2	3808	557
2	3808	642
2	3811	617
2	3813	90
2	3813	331
2	3813	747
2	3815	501
2	3816	217
2	3817	553
2	3818	473
2	3818	781
2	3819	166
2	3821	767
2	3821	816
2	3821	873
2	3822	497
2	3822	498
2	3822	667
2	3825	250
2	3825	283
2	3826	585
2	3827	852
2	3828	150
2	3828	650
2	3828	731
2	3828	854
2	3830	885
2	3831	876
2	3832	357
2	3834	143
2	3835	454
2	3837	221
2	3837	846
2	3839	207
2	3840	240
2	3840	955
2	3841	208
2	3842	50
2	3842	830
2	3847	57
2	3847	148
2	3847	681
2	3848	565
2	3853	54
2	3854	105
2	3855	438
2	3856	223
2	3856	406
2	3857	77
2	3857	260
2	3857	926
2	3858	288
2	3859	703
2	3860	746
2	3861	855
2	3862	72
2	3864	278
2	3864	500
2	3865	94
2	3865	548
2	3865	647
2	3872	122
2	3872	865
2	3874	504
2	3874	675
2	3875	978
2	3876	11
2	3877	135
2	3881	131
2	3881	339
2	3881	770
2	3882	616
2	3882	856
2	3883	479
2	3884	464
2	3885	273
2	3885	363
2	3885	817
2	3886	335
2	3886	409
2	3888	429
2	3890	421
2	3891	718
2	3892	63
2	3893	732
2	3894	944
2	3895	249
2	3895	469
2	3895	697
2	3896	654
2	3896	996
2	3897	490
2	3898	266
2	3900	336
2	3901	966
2	3902	423
2	3902	754
2	3903	472
2	3905	603
2	3906	861
2	3907	85
2	3908	289
2	3908	525
2	3908	702
2	3909	871
2	3910	745
2	3911	27
2	3911	186
2	3912	403
2	3914	128
2	3914	295
2	3914	799
2	3915	611
2	3916	115
2	3917	5
2	3917	259
2	3917	397
2	3917	449
2	3919	140
2	3919	553
2	3919	967
2	3920	256
2	3920	574
2	3921	202
2	3921	687
2	3923	233
2	3924	137
2	3924	271
2	3924	466
2	3924	840
2	3925	275
2	3925	541
2	3938	855
2	3939	375
2	3939	677
2	3940	113
2	3943	168
2	3944	322
2	3945	129
2	3945	577
2	3945	610
2	3945	624
2	3946	897
2	3947	398
2	3948	177
2	3950	52
2	3951	152
2	3951	385
2	3952	241
2	3952	257
2	3952	704
2	3954	12
2	3955	136
2	3956	779
2	3956	898
2	3957	317
2	3957	777
2	3959	164
2	3959	572
2	3960	764
2	3961	794
2	3961	798
2	3963	185
2	3963	281
2	3963	535
2	3965	399
2	3966	813
2	3969	68
2	3969	389
2	3969	752
2	3970	106
2	3971	748
2	3972	334
2	3973	763
2	3974	532
2	3976	204
2	3976	251
2	3976	346
2	3978	699
2	3979	821
2	3980	15
2	3980	863
2	3981	1
2	3983	802
2	3984	258
2	3984	896
2	3985	277
2	3986	21
2	3986	263
2	3986	494
2	3987	308
2	3987	688
2	3988	546
2	3991	396
2	3991	784
2	3992	169
2	3993	93
2	3993	151
2	3993	384
2	3993	596
2	3993	875
2	3994	583
2	3995	839
2	3996	632
2	3996	945
2	3998	64
2	3998	885
2	3998	893
2	3999	850
2	4001	470
2	4002	860
2	4005	247
2	4007	672
2	4007	889
2	4008	228
2	4008	851
2	4011	684
2	4012	296
2	4012	954
2	4012	962
2	4013	188
2	4013	691
2	4015	179
2	4016	353
2	4018	324
2	4018	791
2	4019	332
2	4019	657
2	4019	769
2	4020	225
2	4020	435
2	4020	599
2	4020	749
2	4021	527
2	4022	576
2	4022	725
2	4023	575
2	4024	612
2	4025	125
2	4025	208
2	4026	206
2	4026	604
2	4026	870
2	4027	36
2	4029	144
2	4029	683
2	4029	706
2	4030	178
2	4031	446
2	4031	529
2	4032	707
2	4032	718
2	4032	767
2	4033	158
2	4034	458
2	4037	104
2	4037	694
2	4038	279
2	4039	592
2	4040	311
2	4041	723
2	4041	995
2	4044	272
2	4045	521
2	4046	802
2	4046	866
2	4047	65
2	4048	237
2	4048	451
2	4049	926
2	4050	300
2	4052	25
2	4052	800
2	4052	805
2	4053	192
2	4053	469
2	4053	630
2	4053	954
2	4056	590
2	4057	173
2	4057	776
2	4058	411
2	4058	915
2	4059	183
2	4060	901
2	4061	335
2	4062	581
2	4063	181
2	4063	239
2	4064	211
2	4065	374
2	4065	643
2	4065	656
2	4065	682
2	4065	730
2	4066	261
2	4068	217
2	4068	793
2	4068	977
2	4071	363
2	4072	608
2	4072	913
2	4073	23
2	4075	162
2	4076	785
2	4077	653
2	4077	911
2	4079	938
2	4080	198
2	4081	774
2	4082	326
2	4083	859
2	4085	386
2	4085	721
2	4085	891
2	4086	567
2	4086	605
2	4087	739
2	4088	377
2	4088	415
2	4088	651
2	4089	692
2	4090	498
2	4090	642
2	4090	674
2	4090	818
2	4091	96
2	4091	354
2	4092	292
2	4093	71
2	4093	427
2	4093	531
2	4094	661
2	4094	751
2	4095	950
2	4096	140
2	4096	284
2	4096	412
2	4096	510
2	4096	598
2	4097	139
2	4098	920
2	4099	114
2	4099	145
2	4099	580
2	4100	130
2	4100	479
2	4100	853
2	4100	983
2	4101	250
2	4101	662
2	4101	810
2	4103	108
2	4103	551
2	4103	628
2	4103	669
2	4105	199
2	4105	426
2	4105	480
2	4106	416
2	4106	432
2	4106	623
2	4107	253
2	4107	406
2	4107	634
2	4107	697
2	4107	976
2	4108	513
2	4109	431
2	4110	991
2	4111	352
2	4111	495
2	4115	306
2	4115	882
2	4116	134
2	4116	393
2	4116	652
2	4116	717
2	4116	719
2	4118	782
2	4118	921
2	4118	947
2	4119	170
2	4120	74
2	4122	463
2	4124	256
2	4127	257
2	4128	241
2	4128	317
2	4129	764
2	4131	792
2	4132	381
2	4132	621
2	4134	439
2	4135	152
2	4135	321
2	4135	559
2	4135	794
2	4136	790
2	4137	97
2	4137	701
2	4138	6
2	4138	149
2	4138	341
2	4139	914
2	4140	266
2	4141	294
2	4143	14
2	4143	52
2	4144	550
2	4144	998
2	4145	895
2	4148	33
2	4148	269
2	4148	456
2	4148	504
2	4149	773
2	4150	160
2	4150	629
2	4151	599
2	4151	994
2	4152	58
2	4153	63
2	4154	86
2	4154	418
2	4156	312
2	4156	528
2	4156	635
2	4157	254
2	4157	728
2	4157	761
2	4158	209
2	4158	408
2	4158	886
2	4160	926
2	4161	56
2	4161	345
2	4161	700
2	4163	478
2	4165	60
2	4166	55
2	4167	648
2	4169	898
2	4170	218
2	4171	226
2	4177	175
2	4177	436
2	4177	758
2	4178	24
2	4178	243
2	4179	348
2	4180	830
2	4181	367
2	4181	706
2	4182	443
2	4183	329
2	4184	520
2	4184	725
2	4185	775
2	4188	740
2	4189	91
2	4189	447
2	4189	968
2	4190	705
2	4191	183
2	4191	336
2	4191	482
2	4194	619
2	4195	167
2	4195	532
2	4195	731
2	4196	142
2	4196	768
2	4197	102
2	4198	20
2	4198	375
2	4199	188
2	4199	976
2	4200	350
2	4201	582
2	4201	600
2	4201	695
2	4201	839
2	4201	843
2	4202	161
2	4202	557
2	4202	699
2	4202	934
2	4203	53
2	4206	171
2	4206	982
2	4208	362
2	4208	742
2	4208	998
2	4209	845
2	4210	368
2	4212	180
2	4212	883
2	4215	42
2	4215	99
2	4216	133
2	4216	712
2	4216	914
2	4217	996
2	4222	716
2	4223	409
2	4226	213
2	4227	492
2	4227	894
2	4228	85
2	4229	427
2	4230	407
2	4233	148
2	4234	503
2	4234	517
2	4236	248
2	4237	89
2	4237	726
2	4238	974
2	4239	27
2	4239	320
2	4240	18
2	4240	273
2	4241	296
2	4241	759
2	4242	176
2	4242	866
2	4243	469
2	4243	680
2	4243	990
2	4244	278
2	4244	374
2	4245	496
2	4245	650
2	4246	28
2	4246	61
2	4246	468
2	4247	388
2	4247	754
2	4249	387
2	4250	107
2	4251	127
2	4251	929
2	4253	549
2	4255	196
2	4256	105
2	4256	953
2	4259	529
2	4259	739
2	4260	737
2	4262	19
2	4262	359
2	4264	73
2	4265	353
2	4265	569
2	4266	15
2	4267	121
2	4267	168
2	4268	44
2	4270	317
2	4271	181
2	4273	755
2	4274	612
2	4275	77
2	4275	223
2	4275	668
2	4277	288
2	4280	299
2	4280	462
2	4285	156
2	4287	589
2	4292	179
2	4293	571
2	4296	347
2	4297	246
2	4297	339
2	4298	319
2	4299	194
2	4299	538
2	4300	242
2	4302	975
2	4303	104
2	4303	574
2	4303	941
2	4304	292
2	4304	565
2	4308	665
2	4309	102
2	4311	58
2	4314	697
2	4315	720
2	4315	947
2	4316	290
2	4316	685
2	4317	364
2	4317	883
2	4318	580
2	4318	609
2	4318	765
2	4320	21
2	4320	771
2	4320	874
2	4321	724
2	4322	152
2	4322	450
2	4323	700
2	4324	310
2	4324	420
2	4324	930
2	4327	426
2	4327	552
2	4327	715
2	4327	928
2	4330	493
2	4332	747
2	4335	287
2	4335	372
2	4337	272
2	4337	629
2	4338	307
2	4338	428
2	4339	459
2	4339	692
2	4339	997
2	4340	189
2	4340	308
2	4340	622
2	4341	633
2	4342	577
2	4344	164
2	4344	495
2	4345	218
2	4345	267
2	4345	413
2	4345	556
2	4345	917
2	4346	82
2	4346	639
2	4346	764
2	4347	844
2	4348	402
2	4348	766
2	4349	239
2	4350	703
2	4351	570
2	4352	338
2	4354	439
2	4354	597
2	4355	126
2	4355	238
2	4356	780
2	4357	260
2	4357	425
2	4358	101
2	4358	707
2	4358	790
2	4359	250
2	4359	315
2	4359	445
2	4360	773
2	4361	99
2	4361	309
2	4361	585
2	4362	275
2	4363	669
2	4363	762
2	4364	442
2	4364	613
2	4365	62
2	4367	334
2	4367	827
2	4369	186
2	4370	357
2	4371	806
2	4372	358
2	4372	379
2	4372	551
2	4372	630
2	4373	721
2	4374	97
2	4374	686
2	4375	337
2	4377	253
2	4380	578
2	4381	236
2	4382	50
2	4382	458
2	4382	638
2	4383	351
2	4384	826
2	4385	507
2	4386	202
2	4386	648
2	4388	910
2	4390	136
2	4390	271
2	4391	148
2	4391	383
2	4392	824
2	4393	81
2	4393	322
2	4395	640
2	4395	768
2	4396	295
2	4397	247
2	4397	381
2	4398	423
2	4399	219
2	4401	26
2	4401	481
2	4402	72
2	4402	293
2	4402	422
2	4403	363
2	4404	193
2	4404	696
2	4405	321
2	4406	791
2	4409	511
2	4409	874
2	4410	473
2	4412	550
2	4412	836
2	4412	837
2	4413	384
2	4414	470
2	4416	190
2	4416	196
2	4417	432
2	4419	6
2	4419	800
2	4419	829
2	4420	243
2	4423	619
2	4424	119
2	4425	291
2	4425	778
2	4426	498
2	4426	699
2	4428	799
2	4430	412
2	4430	598
2	4432	796
2	4433	303
2	4433	748
2	4434	22
2	4435	388
2	4435	684
2	4436	3
2	4437	113
2	4438	876
2	4439	497
2	4440	437
2	4441	526
2	4444	49
2	4444	509
2	4444	747
2	4447	813
2	4447	997
2	4448	200
2	4448	318
2	4450	249
2	4450	833
2	4452	142
2	4452	957
2	4455	20
2	4455	273
2	4455	820
2	4456	270
2	4457	92
2	4458	829
2	4459	652
2	4460	915
2	4466	496
2	4468	282
2	4470	555
2	4471	828
2	4472	900
2	4473	225
2	4474	244
2	4476	533
2	4476	846
2	4478	359
2	4478	666
2	4478	986
2	4478	995
2	4479	43
2	4479	355
2	4482	133
2	4483	124
2	4483	440
2	4485	135
2	4485	563
2	4487	839
2	4489	604
2	4489	920
2	4490	25
2	4490	158
2	4491	610
2	4492	130
2	4492	495
2	4493	345
2	4493	569
2	4495	127
2	4495	968
2	4496	492
2	4497	7
2	4499	489
2	4499	504
2	4499	940
2	4500	226
2	4500	407
2	4500	577
2	4500	580
2	4500	849
2	4501	417
2	4502	310
2	4503	66
2	4503	250
2	4503	338
2	4504	776
2	4505	704
2	4506	424
2	4506	464
2	4506	922
2	4507	501
2	4507	725
2	4507	931
2	4508	888
2	4511	1000
2	4512	31
2	4512	171
2	4512	362
2	4512	487
2	4512	723
2	4512	926
2	4513	455
2	4514	571
2	4515	329
2	4515	397
2	4516	205
2	4516	643
2	4517	641
2	4518	647
2	4518	657
2	4519	33
2	4520	737
2	4520	870
2	4521	69
2	4521	164
2	4521	683
2	4523	265
2	4523	658
2	4524	177
2	4524	181
2	4525	245
2	4526	56
2	4527	228
2	4527	838
2	4527	868
2	4528	322
2	4528	642
2	4529	357
2	4532	221
2	4533	51
2	4534	96
2	4534	786
2	4537	62
2	4537	165
2	4538	656
2	4539	379
2	4540	106
2	4541	733
2	4542	378
2	4543	858
2	4545	231
2	4545	962
2	4548	203
2	4548	215
2	4548	545
2	4550	233
2	4552	289
2	4552	483
2	4553	973
2	4554	279
2	4555	191
2	4556	154
2	4556	765
2	4556	953
2	4557	188
2	4558	288
2	4559	218
2	4560	180
2	4560	534
2	4560	690
2	4561	121
2	4562	826
2	4563	339
2	4565	18
2	4565	539
2	4565	760
2	4567	693
2	4567	739
2	4567	949
2	4568	918
2	4569	75
2	4569	552
2	4569	606
2	4569	678
2	4570	27
2	4570	242
2	4571	462
2	4572	81
2	4572	719
2	4572	934
2	4573	317
2	4574	29
2	4574	467
2	4576	189
2	4576	456
2	4576	626
2	4577	257
2	4577	510
2	4577	596
2	4578	558
2	4579	361
2	4580	330
2	4580	749
2	4581	185
2	4582	184
2	4582	598
2	4582	931
2	4584	410
2	4585	673
2	4586	134
2	4586	366
2	4586	813
2	4586	833
2	4587	193
2	4588	433
2	4588	696
2	4588	706
2	4589	461
2	4589	553
2	4589	735
2	4590	123
2	4590	199
2	4592	871
2	4593	97
2	4594	86
2	4594	192
2	4594	527
2	4595	590
2	4595	775
2	4597	32
2	4597	607
2	4598	476
2	4598	889
2	4599	443
2	4600	46
2	4600	57
2	4601	186
2	4602	227
2	4604	367
2	4608	72
2	4608	170
2	4609	352
2	4611	576
2	4612	151
2	4612	573
2	4612	652
2	4614	34
2	4614	873
2	4617	562
2	4618	449
2	4618	544
2	4619	612
2	4620	699
2	4620	861
2	4622	478
2	4623	237
2	4624	22
2	4624	168
2	4624	602
2	4625	651
2	4626	312
2	4627	377
2	4628	648
2	4629	419
2	4629	640
2	4630	425
2	4631	546
2	4631	945
2	4632	557
2	4634	286
2	4634	969
2	4635	90
2	4636	491
2	4637	390
2	4637	761
2	4638	76
2	4639	488
2	4640	137
2	4640	389
2	4640	460
2	4641	564
2	4641	702
2	4644	103
2	4644	548
2	4644	646
2	4645	624
2	4645	698
2	4645	784
2	4645	868
2	4646	13
2	4647	55
2	4647	650
2	4647	788
2	4648	248
2	4648	867
2	4651	136
2	4651	799
2	4652	695
2	4652	796
2	4653	60
2	4653	465
2	4654	533
2	4655	249
2	4655	755
2	4658	551
2	4658	705
2	4659	471
2	4661	28
2	4661	244
2	4662	457
2	4663	458
2	4664	179
2	4664	697
2	4665	105
2	4665	245
2	4667	10
2	4667	662
2	4668	642
2	4668	787
2	4669	269
2	4669	473
2	4669	903
2	4670	420
2	4671	561
2	4672	375
2	4673	247
2	4673	430
2	4673	485
2	4674	625
2	4675	44
2	4675	61
2	4675	261
2	4675	416
2	4675	716
2	4675	831
2	4676	789
2	4677	994
2	4678	519
2	4680	62
2	4681	376
2	4681	446
2	4681	781
2	4683	346
2	4683	364
2	4683	374
2	4683	836
2	4684	438
2	4684	637
2	4684	683
2	4685	222
2	4685	466
2	4686	968
2	4688	64
2	4688	243
2	4688	556
2	4689	333
2	4689	407
2	4689	508
2	4689	891
2	4691	144
2	4691	344
2	4693	77
2	4693	171
2	4693	187
2	4695	332
2	4695	844
2	4696	614
2	4696	993
2	4697	176
2	4697	570
2	4698	722
2	4701	299
2	4702	153
2	4703	260
2	4703	334
2	4705	437
2	4707	178
2	4707	304
2	4708	92
2	4708	152
2	4708	514
2	4708	643
2	4709	313
2	4709	500
2	4709	622
2	4710	7
2	4710	953
2	4711	876
2	4712	321
2	4713	205
2	4714	221
2	4717	732
2	4718	370
2	4718	770
2	4722	997
2	4723	619
2	4724	903
2	4726	49
2	4726	501
2	4728	751
2	4732	165
2	4734	470
2	4735	484
2	4735	565
2	4738	272
2	4738	592
2	4739	309
2	4740	417
2	4741	505
2	4742	822
2	4742	872
2	4743	521
2	4743	760
2	4744	395
2	4745	426
2	4745	868
2	4746	610
2	4747	378
2	4747	439
2	4747	497
2	4747	534
2	4749	580
2	4750	850
2	4752	4
2	4752	858
2	4753	405
2	4753	688
2	4755	320
2	4756	911
2	4757	42
2	4757	638
2	4758	649
2	4759	609
2	4759	724
2	4760	13
2	4762	535
2	4763	224
2	4763	481
2	4764	621
2	4764	783
2	4765	68
2	4765	116
2	4765	235
2	4767	149
2	4768	855
2	4769	337
2	4770	560
2	4771	114
2	4771	507
2	4771	792
2	4772	442
2	4772	894
2	4772	960
2	4773	692
2	4774	794
2	4776	914
2	4777	255
2	4777	723
2	4777	818
2	4778	39
2	4778	480
2	4779	271
2	4779	499
2	4779	726
2	4780	53
2	4780	185
2	4780	679
2	4780	739
2	4780	803
2	4781	292
2	4782	366
2	4782	394
2	4782	768
2	4783	108
2	4784	569
2	4785	425
2	4785	428
2	4785	714
2	4788	581
2	4790	594
2	4790	854
2	4792	998
2	4793	43
2	4793	207
2	4793	704
2	4793	720
2	4795	283
2	4795	659
2	4798	110
2	4798	139
2	4798	699
2	4799	488
2	4800	200
2	4800	568
2	4800	808
2	4802	228
2	4804	63
2	4805	301
2	4805	736
2	4806	664
2	4807	993
2	4808	84
2	4808	868
2	4809	339
2	4810	650
2	4810	929
2	4811	437
2	4812	193
2	4812	317
2	4813	359
2	4813	566
2	4813	690
2	4813	819
2	4816	15
2	4817	189
2	4817	498
2	4818	349
2	4819	1
2	4819	199
2	4819	661
2	4820	180
2	4820	240
2	4822	545
2	4822	949
2	4823	567
2	4824	646
2	4825	729
2	4826	208
2	4826	618
2	4827	226
2	4829	496
2	4829	698
2	4830	170
2	4832	381
2	4833	355
2	4833	444
2	4833	464
2	4835	311
2	4835	441
2	4835	455
2	4836	56
2	4837	300
2	4837	328
2	4838	645
2	4838	991
2	4839	162
2	4839	963
2	4841	583
2	4841	595
2	4841	903
2	4844	5
2	4844	213
2	4844	867
2	4844	873
2	4846	447
2	4848	290
2	4848	421
2	4849	634
2	4849	743
2	4850	871
2	4851	556
2	4851	955
2	4852	144
2	4852	741
2	4854	412
2	4855	358
2	4856	472
2	4860	367
2	4860	423
2	4863	491
2	4864	308
2	4865	502
2	4866	64
2	4866	89
2	4866	236
2	4866	685
2	4866	922
2	4867	203
2	4867	216
2	4867	232
2	4868	877
2	4868	926
2	4869	978
2	4871	121
2	4872	855
2	4873	642
2	4874	128
2	4874	341
2	4874	620
2	4874	833
2	4875	98
2	4875	552
2	4879	206
2	4880	372
2	4881	264
2	4881	368
2	4882	270
2	4882	810
2	4884	169
2	4884	707
2	4885	544
2	4885	814
2	4886	387
2	4887	383
2	4887	627
2	4888	438
2	4888	484
2	4889	468
2	4889	558
2	4889	681
2	4890	397
2	4891	330
2	4891	458
2	4891	992
2	4894	194
2	4894	761
2	4894	901
2	4894	932
2	4896	456
2	4897	344
2	4897	508
2	4898	274
2	4898	775
2	4900	57
2	4900	225
2	4900	886
2	4903	376
2	4903	503
2	4904	80
2	4906	674
2	4907	660
2	4908	29
2	4908	286
2	4909	530
2	4909	795
2	4910	181
2	4910	319
2	4911	990
2	4912	471
2	4912	749
2	4913	126
2	4913	652
2	4915	396
2	4915	493
2	4915	702
2	4916	580
2	4917	840
2	4919	588
2	4919	678
2	4920	155
2	4920	176
2	4922	336
2	4922	403
2	4922	692
2	4924	408
2	4924	656
2	4925	704
2	4926	47
2	4926	433
2	4927	129
2	4927	512
2	4927	593
2	4927	732
2	4927	763
2	4928	49
2	4928	808
2	4929	390
2	4930	592
2	4930	836
2	4931	37
2	4931	161
2	4931	413
2	4931	514
2	4931	683
2	4933	321
2	4933	967
2	4934	185
2	4934	738
2	4935	111
2	4935	768
2	4936	164
2	4936	233
2	4936	791
2	4937	454
2	4938	61
2	4939	163
2	4940	598
2	4941	394
2	4943	84
2	4943	574
2	4943	823
2	4944	393
2	4944	986
2	4945	141
2	4945	601
2	4945	753
2	4948	151
2	4949	422
2	4949	773
2	4950	510
2	4951	134
2	4951	914
2	4951	974
2	4952	679
2	4952	733
2	4953	546
2	4954	612
2	4955	834
2	4955	959
2	4956	244
2	4956	686
2	4957	123
2	4957	419
2	4957	462
2	4957	701
2	4958	310
2	4959	898
2	4961	282
2	4962	526
2	4962	647
2	4962	694
2	4964	131
2	4965	46
2	4965	440
2	4966	562
2	4967	633
2	4969	824
2	4970	578
2	4971	550
2	4972	50
2	4973	11
2	4973	324
2	4975	304
2	4975	695
2	4976	6
2	4977	560
2	4979	515
2	4979	589
2	4980	369
2	4981	497
2	4982	505
2	4982	812
2	4983	308
2	4983	492
2	4984	474
2	4984	800
2	4986	281
2	4986	294
2	4988	117
2	4988	540
2	4989	252
2	4990	75
2	4990	292
2	4991	33
2	4991	548
2	4992	524
2	4992	619
2	4992	989
2	4994	248
2	4994	272
2	4995	253
2	4995	971
2	4997	4
2	4997	623
2	4997	991
2	4998	608
2	4999	79
2	4999	130
2	5000	659
2	5000	828
2	5000	937
