2	-1	0
2	1	313
2	1	764
2	1	806
2	2	620
2	3	162
2	4	902
2	5	234
2	5	877
2	7	13
2	7	309
2	7	380
2	7	871
2	8	475
2	9	800
2	10	256
2	10	414
2	10	448
2	11	588
2	12	528
2	13	113
2	13	552
2	13	696
2	14	263
2	15	99
2	15	293
2	15	445
2	15	682
2	15	990
2	17	323
2	17	857
2	18	776
2	20	125
2	20	502
2	20	723
2	21	409
2	22	430
2	23	572
2	24	447
2	24	546
2	25	105
2	25	321
2	25	573
2	25	880
2	25	994
2	26	740
2	26	986
2	27	82
2	28	336
2	29	108
2	29	138
2	29	515
2	30	718
2	31	779
2	32	596
2	33	314
2	33	671
2	33	945
2	35	913
2	36	20
2	36	110
2	36	280
2	36	567
2	38	571
2	40	141
2	40	375
2	40	775
2	42	452
2	44	335
2	44	456
2	45	25
2	45	183
2	45	214
2	45	359
2	45	747
2	46	383
2	48	328
2	48	488
2	50	240
2	50	345
2	50	828
2	52	734
2	53	124
2	53	294
2	54	685
2	54	692
2	57	365
2	57	745
2	57	892
2	58	194
2	59	56
2	60	416
2	60	517
2	63	288
2	63	580
2	63	766
2	64	874
2	65	904
2	66	7
2	66	169
2	66	472
2	67	17
2	67	59
2	67	386
2	69	376
2	69	396
2	69	691
2	70	669
2	71	520
2	72	44
2	72	566
2	73	867
2	74	433
2	74	629
2	76	446
2	76	490
2	77	135
2	81	269
2	81	358
2	81	513
2	81	880
2	82	286
2	82	554
2	83	112
2	83	301
2	83	457
2	83	574
2	85	203
2	85	523
2	85	964
2	87	385
2	87	679
2	88	594
2	89	784
2	91	538
2	91	879
2	92	224
2	94	140
2	94	299
2	94	310
2	94	624
2	95	644
2	97	694
2	97	944
2	98	562
2	98	908
2	100	132
2	100	221
2	101	33
2	101	470
2	101	780
2	102	122
2	102	556
2	103	439
2	106	2
2	106	195
2	107	28
2	107	267
2	108	143
2	108	753
2	109	32
2	109	434
2	109	575
2	109	783
2	109	968
2	110	369
2	110	411
2	110	453
2	111	332
2	111	646
2	112	364
2	112	514
2	113	463
2	114	397
2	114	670
2	114	837
2	115	230
2	115	761
2	116	373
2	116	607
2	116	878
2	117	119
2	118	797
2	119	193
2	119	667
2	120	278
2	122	768
2	123	101
2	123	171
2	123	413
2	123	651
2	124	166
2	124	251
2	124	560
2	125	460
2	125	697
2	126	115
2	127	79
2	127	96
2	128	602
2	128	690
2	128	957
2	130	626
2	131	312
2	131	887
2	134	507
2	135	582
2	135	904
2	135	909
2	136	147
2	136	270
2	136	508
2	136	854
2	137	534
2	137	558
2	138	584
2	139	606
2	139	778
2	141	344
2	142	121
2	143	458
2	145	920
2	147	638
2	148	659
2	149	186
2	149	207
2	149	220
2	149	898
2	150	83
2	151	608
2	152	711
2	154	333
2	154	561
2	154	804
2	157	176
2	158	304
2	158	587
2	158	618
2	159	41
2	159	178
2	162	287
2	164	142
2	164	248
2	165	640
2	165	919
2	168	865
2	169	151
2	173	699
2	176	428
2	176	793
2	177	89
2	177	174
2	178	462
2	178	467
2	179	654
2	182	244
2	182	728
2	183	360
2	183	795
2	184	243
2	185	36
2	185	977
2	186	80
2	186	395
2	186	634
2	188	139
2	189	419
2	190	764
2	190	794
2	191	649
2	192	603
2	193	497
2	193	983
2	194	412
2	195	628
2	196	19
2	197	78
2	197	172
2	197	232
2	197	415
2	199	5
2	199	187
2	199	551
2	200	788
2	200	957
2	201	117
2	202	107
2	203	261
2	203	465
2	204	114
2	204	129
2	204	236
2	204	259
2	204	735
2	205	550
2	206	549
2	206	896
2	207	21
2	207	480
2	208	769
2	209	782
2	209	948
2	210	197
2	210	289
2	210	712
2	211	11
2	211	273
2	212	55
2	212	745
2	213	241
2	214	773
2	214	932
2	215	92
2	215	177
2	215	833
2	216	215
2	216	592
2	216	612
2	216	625
2	217	448
2	217	578
2	218	148
2	218	184
2	218	402
2	219	820
2	220	40
2	220	228
2	222	956
2	223	627
2	225	680
2	229	951
2	231	124
2	231	978
2	232	484
2	233	75
2	235	722
2	235	919
2	238	245
2	238	307
2	238	504
2	238	749
2	239	686
2	240	515
2	240	756
2	241	48
2	241	382
2	242	800
2	243	210
2	243	442
2	243	572
2	245	516
2	246	505
2	247	426
2	248	717
2	249	152
2	249	531
2	250	229
2	250	730
2	251	30
2	251	675
2	252	826
2	252	861
2	253	269
2	254	237
2	254	358
2	254	537
2	254	767
2	258	547
2	259	238
2	260	526
2	261	766
2	261	799
2	261	926
2	262	999
2	263	18
2	264	409
2	265	136
2	267	600
2	271	609
2	271	664
2	271	677
2	272	881
2	273	479
2	273	973
2	274	451
2	274	942
2	276	473
2	276	964
2	277	736
2	280	112
2	281	17
2	283	182
2	283	779
2	286	99
2	286	303
2	286	392
2	287	598
2	290	321
2	291	798
2	291	960
2	294	544
2	294	880
2	295	135
2	295	692
2	295	775
2	296	31
2	299	94
2	299	105
2	302	203
2	303	274
2	303	646
2	304	698
2	305	141
2	305	445
2	306	170
2	306	708
2	306	891
2	307	64
2	308	755
2	310	589
2	311	83
2	312	944
2	314	284
2	314	733
2	315	417
2	315	468
2	317	144
2	317	482
2	317	623
2	319	345
2	320	322
2	321	754
2	324	694
2	325	12
2	325	309
2	325	336
2	325	500
2	325	734
2	326	192
2	327	431
2	327	567
2	328	720
2	329	611
2	331	107
2	332	318
2	332	349
2	333	235
2	334	952
2	336	375
2	336	984
2	337	70
2	337	560
2	337	620
2	338	132
2	338	559
2	338	885
2	339	744
2	340	542
2	340	697
2	341	116
2	341	842
2	341	883
2	342	150
2	342	554
2	343	633
2	343	804
2	344	198
2	344	725
2	345	381
2	345	995
2	347	76
2	347	224
2	349	936
2	350	258
2	352	186
2	352	616
2	353	432
2	354	363
2	355	183
2	355	403
2	356	158
2	357	95
2	357	352
2	357	466
2	359	811
2	360	167
2	361	337
2	361	746
2	362	137
2	362	760
2	362	918
2	365	200
2	365	887
2	368	455
2	368	717
2	370	464
2	370	714
2	371	119
2	371	601
2	372	62
2	372	69
2	372	854
2	375	631
2	375	807
2	376	68
2	376	790
2	376	795
2	378	394
2	379	884
2	380	669
2	380	696
2	381	604
2	382	606
2	383	486
2	383	530
2	385	776
2	386	51
2	386	402
2	389	104
2	389	650
2	389	657
2	390	23
2	391	152
2	395	300
2	397	207
2	397	257
2	399	278
2	399	408
2	401	244
2	403	115
2	403	156
2	404	304
2	406	745
2	408	380
2	409	608
2	410	34
2	410	101
2	410	726
2	411	495
2	413	63
2	414	586
2	416	378
2	416	423
2	417	181
2	417	333
2	418	764
2	420	271
2	421	591
2	422	80
2	423	157
2	423	199
2	423	977
2	424	575
2	425	159
2	427	739
2	428	461
2	428	593
2	429	251
2	429	906
2	430	953
2	431	395
2	432	865
2	432	994
2	433	87
2	434	255
2	435	367
2	435	897
2	436	291
2	437	179
2	437	299
2	437	849
2	438	894
2	442	595
2	444	127
2	447	896
2	450	763
2	451	664
2	451	841
2	451	937
2	453	458
2	456	769
2	458	256
2	458	361
2	460	565
2	460	891
2	461	515
2	462	676
2	462	985
2	464	474
2	465	545
2	466	452
2	467	243
2	468	502
2	469	861
2	471	190
2	471	869
2	472	398
2	473	123
2	473	672
2	475	71
2	475	128
2	475	798
2	476	424
2	477	687
2	477	972
2	480	344
2	481	477
2	481	599
2	482	105
2	483	532
2	484	543
2	484	708
2	486	232
2	486	262
2	488	107
2	488	641
2	489	350
2	489	414
2	490	426
2	490	462
2	492	610
2	493	633
2	493	792
2	494	626
2	494	726
2	495	964
2	495	966
2	496	335
2	497	18
2	498	230
2	498	538
2	499	49
2	501	671
2	502	518
2	505	133
2	505	242
2	505	990
2	506	720
2	507	148
2	508	229
2	509	195
2	510	212
2	510	573
2	512	20
2	513	124
2	513	226
2	513	422
2	513	513
2	513	747
2	513	819
2	514	370
2	514	686
2	516	509
2	516	695
2	517	86
2	517	418
2	518	193
2	518	891
2	519	965
2	521	170
2	521	317
2	521	645
2	522	158
2	522	665
2	522	746
2	523	134
2	523	298
2	524	279
2	524	539
2	524	771
2	525	191
2	525	234
2	525	490
2	526	382
2	528	467
2	529	707
2	529	829
2	530	691
2	532	926
2	533	787
2	534	91
2	534	101
2	536	295
2	536	588
2	537	498
2	538	183
2	538	737
2	539	15
2	539	293
2	539	510
2	540	528
2	540	625
2	541	310
2	541	357
2	541	393
2	542	259
2	542	928
2	544	150
2	544	391
2	545	29
2	547	139
2	547	442
2	548	92
2	549	758
2	549	953
2	550	754
2	552	137
2	552	496
2	553	85
2	553	774
2	555	786
2	556	468
2	559	612
2	559	796
2	560	793
2	562	108
2	562	241
2	562	551
2	563	152
2	563	669
2	564	180
2	564	620
2	565	719
2	565	858
2	566	608
2	568	31
2	568	946
2	570	159
2	570	491
2	571	307
2	571	449
2	572	126
2	572	864
2	573	506
2	573	935
2	574	66
2	574	654
2	575	113
2	575	223
2	577	112
2	577	330
2	578	321
2	579	189
2	579	469
2	581	184
2	581	329
2	582	46
2	582	805
2	582	870
2	583	355
2	584	485
2	585	725
2	588	100
2	589	546
2	589	710
2	589	993
2	590	217
2	590	709
2	593	59
2	593	129
2	593	761
2	594	342
2	594	807
2	595	309
2	596	239
2	598	416
2	598	446
2	599	368
2	601	70
2	605	398
2	607	492
2	607	928
2	608	550
2	609	203
2	609	323
2	609	838
2	610	739
2	610	884
2	612	140
2	613	895
2	613	901
2	614	649
2	615	585
2	615	587
2	617	690
2	619	209
2	619	853
2	619	872
2	621	63
2	621	374
2	622	4
2	624	815
2	626	181
2	627	348
2	627	592
2	628	852
2	630	784
2	632	772
2	633	404
2	633	678
2	635	632
2	635	738
2	636	156
2	636	460
2	637	529
2	638	163
2	640	93
2	640	231
2	640	652
2	640	663
2	640	708
2	642	524
2	642	626
2	642	668
2	643	439
2	643	878
2	643	924
2	644	24
2	645	335
2	646	814
2	647	272
2	650	452
2	651	567
2	651	685
2	652	356
2	653	97
2	653	381
2	658	773
2	659	370
2	659	647
2	661	303
2	661	489
2	661	562
2	661	775
2	661	782
2	662	856
2	663	69
2	663	565
2	663	653
2	664	607
2	665	426
2	666	490
2	667	27
2	667	816
2	667	823
2	668	16
2	669	42
2	669	269
2	670	243
2	671	694
2	672	265
2	672	383
2	673	294
2	673	385
2	674	451
2	674	552
2	675	598
2	675	697
2	675	767
2	676	53
2	677	683
2	678	525
2	679	165
2	679	501
2	679	535
2	680	516
2	680	536
2	681	142
2	682	29
2	682	207
2	682	329
2	682	336
2	682	352
2	682	780
2	683	435
2	683	448
2	683	630
2	684	116
2	684	151
2	684	318
2	684	692
2	684	951
2	685	331
2	685	450
2	686	491
2	687	870
2	688	606
2	689	578
2	690	305
2	690	648
2	690	898
2	691	313
2	691	554
2	692	192
2	692	742
2	692	764
2	693	122
2	693	629
2	694	622
2	695	417
2	695	785
2	696	832
2	697	263
2	698	197
2	698	365
2	698	735
2	700	394
2	700	743
2	701	285
2	701	504
2	701	644
2	702	750
2	702	799
2	703	58
2	703	111
2	705	438
2	706	857
2	708	641
2	710	56
2	711	34
2	713	699
2	713	977
2	714	717
2	716	143
2	718	299
2	719	511
2	720	110
2	720	505
2	721	257
2	722	384
2	722	818
2	723	33
2	724	10
2	724	221
2	724	531
2	724	553
2	724	568
2	726	673
2	727	696
2	728	432
2	729	667
2	729	817
2	733	862
2	734	199
2	734	590
2	735	195
2	735	628
2	735	665
2	738	275
2	740	184
2	740	413
2	741	597
2	742	902
2	744	225
2	744	583
2	744	686
2	744	966
2	745	333
2	745	509
2	747	681
2	749	549
2	750	599
2	752	65
2	752	441
2	753	502
2	756	264
2	757	175
2	757	367
2	757	955
2	758	442
2	758	579
2	758	820
2	759	287
2	760	444
2	760	500
2	762	378
2	764	936
2	765	616
2	765	760
2	767	222
2	767	268
2	767	810
2	769	236
2	769	621
2	769	747
2	770	101
2	771	301
2	773	124
2	773	254
2	774	251
2	775	234
2	775	416
2	776	130
2	777	537
2	781	72
2	781	541
2	781	660
2	782	572
2	783	314
2	783	919
2	784	300
2	784	534
2	785	744
2	786	140
2	788	522
2	788	596
2	788	776
2	789	573
2	789	731
2	790	95
2	791	609
2	792	92
2	793	137
2	794	303
2	794	558
2	795	574
2	796	499
2	797	96
2	797	739
2	799	559
2	799	605
2	799	891
2	799	926
2	801	210
2	802	989
2	803	565
2	803	963
2	804	62
2	804	75
2	804	960
2	807	455
2	807	823
2	809	217
2	810	173
2	810	278
2	810	713
2	812	773
2	813	150
2	813	308
2	814	211
2	815	746
2	816	480
2	816	497
2	816	826
2	816	871
2	818	120
2	818	171
2	819	97
2	820	11
2	821	368
2	823	523
2	823	698
2	825	636
2	825	690
2	825	896
2	825	949
2	826	67
2	826	382
2	826	670
2	827	256
2	827	316
2	827	732
2	827	955
2	827	969
2	828	371
2	828	415
2	829	33
2	829	393
2	830	127
2	831	224
2	831	395
2	831	507
2	832	577
2	832	687
2	833	406
2	833	532
2	834	123
2	834	663
2	835	617
2	836	421
2	837	196
2	837	381
2	837	425
2	837	820
2	838	227
2	838	322
2	838	683
2	839	187
2	839	271
2	839	560
2	839	825
2	840	233
2	840	374
2	841	21
2	841	201
2	843	792
2	844	593
2	845	139
2	845	936
2	846	631
2	848	192
2	850	664
2	850	869
2	851	582
2	852	126
2	853	164
2	856	536
2	857	323
2	857	745
2	858	358
2	858	485
2	858	774
2	859	493
2	859	520
2	860	85
2	860	770
2	861	336
2	861	404
2	861	854
2	862	216
2	862	851
2	863	84
2	864	23
2	864	987
2	865	771
2	866	346
2	866	445
2	866	459
2	866	474
2	866	738
2	868	652
2	869	865
2	869	985
2	870	490
2	870	496
2	870	820
2	871	955
2	873	475
2	873	531
2	875	626
2	876	329
2	876	525
2	876	674
2	878	334
2	878	443
2	878	588
2	879	166
2	879	599
2	880	32
2	881	41
2	881	735
2	883	59
2	883	595
2	883	967
2	884	311
2	885	304
2	885	956
2	887	343
2	887	442
2	890	165
2	892	952
2	893	326
2	894	449
2	894	542
2	894	583
2	895	149
2	895	564
2	896	600
2	897	38
2	897	389
2	898	138
2	898	710
2	899	19
2	899	312
2	901	104
2	902	426
2	902	514
2	904	492
2	904	657
2	907	763
2	908	109
2	909	481
2	911	147
2	911	640
2	911	643
2	912	702
2	915	533
2	917	749
2	919	155
2	919	310
2	922	506
2	923	293
2	924	108
2	927	20
2	927	357
2	927	362
2	929	40
2	929	213
2	930	418
2	931	136
2	931	160
2	931	468
2	932	767
2	932	778
2	933	942
2	934	198
2	935	376
2	936	453
2	936	570
2	936	935
2	937	345
2	937	538
2	938	594
2	942	438
2	942	731
2	943	47
2	945	291
2	948	569
2	949	363
2	949	488
2	949	649
2	950	802
2	953	979
2	953	992
2	954	848
2	955	9
2	956	360
2	960	411
2	961	6
2	961	244
2	961	798
2	963	98
2	964	611
2	965	399
2	967	757
2	967	832
2	967	878
2	968	71
2	968	219
2	968	305
2	968	554
2	968	896
2	969	647
2	970	332
2	970	351
2	970	479
2	971	66
2	971	660
2	972	4
2	972	696
2	973	584
2	973	756
2	973	911
2	974	502
2	976	265
2	978	35
2	978	372
2	979	446
2	979	532
2	979	768
2	979	835
2	980	139
2	980	152
2	980	416
2	980	954
2	982	170
2	983	369
2	983	388
2	985	314
2	985	386
2	985	412
2	985	463
2	985	729
2	987	146
2	987	641
2	988	928
2	988	976
2	989	173
2	989	875
2	990	671
2	991	699
2	992	441
2	992	461
2	992	791
2	993	618
2	994	701
2	994	959
2	998	581
2	998	760
2	998	926
2	999	217
2	1000	366
2	1001	172
2	1001	684
2	1002	693
2	1003	12
2	1003	325
2	1004	732
2	1007	85
2	1008	209
2	1009	374
2	1010	180
2	1011	48
2	1011	407
2	1011	430
2	1013	290
2	1013	738
2	1014	982
2	1015	283
2	1015	462
2	1016	3
2	1016	100
2	1017	752
2	1017	936
2	1018	799
2	1019	84
2	1019	408
2	1020	16
2	1020	328
2	1020	659
2	1021	642
2	1022	735
2	1023	442
2	1023	741
2	1024	69
2	1024	215
2	1025	340
2	1025	359
2	1025	561
2	1027	597
2	1027	644
2	1028	466
2	1030	65
2	1030	77
2	1030	83
2	1030	402
2	1030	861
2	1031	300
2	1031	417
2	1031	556
2	1031	591
2	1034	544
2	1035	242
2	1035	401
2	1036	761
2	1037	751
2	1038	50
2	1039	232
2	1040	277
2	1041	477
2	1043	90
2	1044	165
2	1044	348
2	1045	512
2	1047	432
2	1047	770
2	1048	311
2	1048	763
2	1049	56
2	1049	824
2	1050	528
2	1050	629
2	1051	858
2	1052	259
2	1052	680
2	1053	53
2	1053	587
2	1055	619
2	1057	940
2	1058	26
2	1058	31
2	1059	162
2	1059	251
2	1059	727
2	1060	885
2	1061	63
2	1061	169
2	1061	206
2	1061	424
2	1061	550
2	1061	639
2	1061	820
2	1061	851
2	1063	203
2	1063	604
2	1064	998
2	1065	214
2	1065	744
2	1067	910
2	1068	373
2	1068	410
2	1068	670
2	1068	839
2	1070	776
2	1070	866
2	1070	906
2	1071	68
2	1072	531
2	1074	262
2	1074	622
2	1074	957
2	1075	208
2	1076	654
2	1077	235
2	1079	324
2	1079	518
2	1079	540
2	1081	110
2	1081	250
2	1081	891
2	1081	895
2	1083	944
2	1084	274
2	1084	661
2	1085	828
2	1086	552
2	1087	89
2	1087	91
2	1087	485
2	1087	600
2	1087	864
2	1088	221
2	1088	593
2	1089	923
2	1090	156
2	1090	921
2	1093	419
2	1094	880
2	1095	742
2	1096	2
2	1096	498
2	1096	708
2	1098	67
2	1098	674
2	1100	21
2	1100	555
2	1101	452
2	1102	24
2	1102	504
2	1103	86
2	1104	356
2	1107	103
2	1107	791
2	1107	882
2	1109	509
2	1109	523
2	1109	771
2	1110	706
2	1111	360
2	1113	487
2	1114	520
2	1115	415
2	1115	778
2	1116	334
2	1116	930
2	1117	205
2	1117	679
2	1117	854
2	1118	138
2	1119	252
2	1121	395
2	1122	445
2	1122	459
2	1125	393
2	1125	489
2	1126	233
2	1126	543
2	1127	577
2	1129	315
2	1130	704
2	1131	223
2	1132	769
2	1134	404
2	1135	582
2	1136	125
2	1137	322
2	1137	524
2	1139	399
2	1139	418
2	1139	808
2	1140	1
2	1140	213
2	1140	228
2	1140	857
2	1143	692
2	1145	869
2	1146	436
2	1146	712
2	1147	46
2	1147	460
2	1148	635
2	1148	1000
2	1149	482
2	1150	446
2	1152	149
2	1153	127
2	1154	376
2	1154	456
2	1155	866
2	1156	719
2	1156	748
2	1159	462
2	1160	711
2	1162	161
2	1163	92
2	1163	364
2	1165	850
2	1166	713
2	1166	839
2	1167	847
2	1170	312
2	1172	490
2	1173	358
2	1173	717
2	1173	789
2	1173	920
2	1174	200
2	1175	186
2	1176	915
2	1176	919
2	1178	48
2	1178	148
2	1178	690
2	1179	843
2	1180	799
2	1180	950
2	1181	3
2	1181	75
2	1182	198
2	1183	282
2	1183	368
2	1185	17
2	1186	276
2	1187	342
2	1187	534
2	1187	831
2	1188	515
2	1189	68
2	1189	267
2	1190	54
2	1192	586
2	1192	588
2	1193	130
2	1194	675
2	1195	18
2	1196	438
2	1197	173
2	1197	211
2	1197	718
2	1197	914
2	1200	78
2	1200	703
2	1201	896
2	1202	115
2	1202	734
2	1202	917
2	1203	546
2	1203	676
2	1203	760
2	1204	144
2	1204	478
2	1205	166
2	1205	284
2	1205	693
2	1206	493
2	1207	810
2	1208	77
2	1208	269
2	1208	297
2	1208	614
2	1209	865
2	1211	163
2	1211	453
2	1211	468
2	1211	942
2	1213	302
2	1213	314
2	1214	117
2	1214	265
2	1214	527
2	1214	818
2	1215	44
2	1216	555
2	1216	623
2	1216	915
2	1218	474
2	1219	177
2	1219	730
2	1220	583
2	1220	949
2	1221	248
2	1222	337
2	1224	60
2	1225	112
2	1225	243
2	1226	601
2	1226	631
2	1226	727
2	1229	90
2	1230	382
2	1230	471
2	1231	400
2	1234	272
2	1234	616
2	1234	779
2	1234	835
2	1234	838
2	1235	615
2	1236	612
2	1237	498
2	1237	993
2	1238	516
2	1238	518
2	1239	165
2	1239	757
2	1240	424
2	1241	529
2	1243	323
2	1245	641
2	1246	107
2	1247	331
2	1247	723
2	1248	950
2	1249	35
2	1249	286
2	1249	652
2	1249	1000
2	1250	642
2	1250	731
2	1251	665
2	1251	933
2	1252	401
2	1252	633
2	1253	41
2	1254	891
2	1256	11
2	1260	14
2	1260	419
2	1260	696
2	1262	738
2	1263	69
2	1264	508
2	1265	188
2	1265	311
2	1265	591
2	1266	484
2	1266	691
2	1267	25
2	1269	597
2	1270	685
2	1271	82
2	1271	160
2	1272	13
2	1273	281
2	1275	104
2	1275	330
2	1276	931
2	1278	443
2	1278	532
2	1279	387
2	1280	150
2	1280	244
2	1280	485
2	1280	537
2	1281	396
2	1281	632
2	1281	979
2	1282	784
2	1285	554
2	1285	707
2	1286	431
2	1287	278
2	1288	61
2	1290	573
2	1291	390
2	1291	473
2	1292	856
2	1294	128
2	1296	255
2	1296	569
2	1296	729
2	1297	828
2	1298	277
2	1299	258
2	1299	629
2	1301	58
2	1301	954
2	1302	202
2	1302	225
2	1302	378
2	1302	403
2	1302	673
2	1304	316
2	1304	544
2	1304	562
2	1304	919
2	1305	233
2	1306	246
2	1308	495
2	1308	630
2	1308	792
2	1310	354
2	1310	499
2	1312	33
2	1313	666
2	1314	74
2	1315	155
2	1318	24
2	1318	283
2	1319	682
2	1321	213
2	1321	947
2	1323	594
2	1324	101
2	1324	199
2	1325	65
2	1325	547
2	1328	668
2	1328	785
2	1329	105
2	1329	596
2	1329	895
2	1330	476
2	1330	798
2	1331	548
2	1332	293
2	1332	869
2	1333	301
2	1334	162
2	1334	317
2	1334	656
2	1334	808
2	1335	456
2	1335	705
2	1336	791
2	1338	339
2	1338	687
2	1339	650
2	1340	181
2	1342	100
2	1342	365
2	1343	179
2	1343	977
2	1344	503
2	1344	854
2	1346	288
2	1346	951
2	1347	350
2	1348	139
2	1349	557
2	1350	715
2	1350	926
2	1351	112
2	1352	295
2	1354	84
2	1354	605
2	1354	844
2	1354	918
2	1356	851
2	1358	340
2	1358	539
2	1362	314
2	1362	477
2	1363	264
2	1363	435
2	1365	614
2	1367	276
2	1367	523
2	1367	618
2	1367	712
2	1369	397
2	1369	655
2	1369	779
2	1370	273
2	1370	601
2	1372	67
2	1372	103
2	1372	134
2	1373	436
2	1373	664
2	1375	586
2	1377	78
2	1377	574
2	1379	7
2	1380	455
2	1380	847
2	1381	730
2	1381	759
2	1382	83
2	1382	379
2	1382	634
2	1383	710
2	1384	217
2	1384	805
2	1387	156
2	1387	753
2	1388	358
2	1389	386
2	1389	902
2	1390	986
2	1391	362
2	1392	212
2	1392	735
2	1393	394
2	1393	658
2	1394	361
2	1395	108
2	1395	175
2	1395	452
2	1396	556
2	1396	905
2	1396	912
2	1397	259
2	1397	312
2	1398	251
2	1398	355
2	1398	410
2	1398	552
2	1398	875
2	1400	619
2	1401	325
2	1401	993
2	1402	466
2	1402	514
2	1403	418
2	1403	423
2	1403	781
2	1405	597
2	1407	160
2	1407	968
2	1411	240
2	1411	669
2	1411	787
2	1412	644
2	1413	360
2	1413	622
2	1414	517
2	1415	462
2	1416	30
2	1418	458
2	1419	353
2	1421	740
2	1422	222
2	1424	172
2	1425	81
2	1426	693
2	1427	91
2	1428	235
2	1428	385
2	1430	289
2	1430	429
2	1430	558
2	1430	689
2	1431	383
2	1431	829
2	1432	296
2	1432	867
2	1433	23
2	1433	549
2	1433	878
2	1434	797
2	1435	528
2	1436	92
2	1437	887
2	1438	169
2	1438	221
2	1438	766
2	1439	54
2	1439	526
2	1440	855
2	1441	170
2	1441	433
2	1441	585
2	1441	751
2	1442	115
2	1442	494
2	1443	196
2	1443	249
2	1444	426
2	1445	8
2	1446	513
2	1448	218
2	1448	239
2	1448	760
2	1449	363
2	1449	575
2	1449	758
2	1451	241
2	1452	89
2	1452	203
2	1452	231
2	1452	592
2	1453	378
2	1454	369
2	1454	446
2	1454	695
2	1455	515
2	1455	610
2	1456	497
2	1456	600
2	1457	101
2	1458	19
2	1458	408
2	1458	993
2	1459	116
2	1459	319
2	1459	718
2	1460	380
2	1461	315
2	1462	844
2	1462	858
2	1463	178
2	1464	971
2	1465	76
2	1467	402
2	1468	863
2	1469	521
2	1469	605
2	1471	126
2	1472	42
2	1473	70
2	1474	59
2	1476	191
2	1479	85
2	1479	291
2	1479	905
2	1480	618
2	1480	686
2	1482	491
2	1484	768
2	1485	356
2	1485	638
2	1485	967
2	1486	942
2	1487	28
2	1490	72
2	1490	155
2	1490	688
2	1491	643
2	1492	302
2	1494	441
2	1495	334
2	1496	697
2	1496	818
2	1496	925
2	1497	590
2	1499	729
2	1501	670
2	1501	681
2	1502	630
2	1503	48
2	1504	341
2	1504	510
2	1505	496
2	1506	498
2	1506	916
2	1508	519
2	1508	561
2	1509	448
2	1509	757
2	1509	835
2	1510	977
2	1512	106
2	1512	472
2	1515	131
2	1515	483
2	1517	694
2	1518	914
2	1520	445
2	1521	794
2	1522	136
2	1522	816
2	1523	641
2	1524	281
2	1525	928
2	1526	599
2	1526	907
2	1527	277
2	1530	541
2	1530	745
2	1531	509
2	1533	439
2	1535	471
2	1535	710
2	1535	783
2	1536	936
2	1536	954
2	1538	485
2	1539	897
2	1542	824
2	1542	905
2	1543	66
2	1543	108
2	1544	550
2	1547	171
2	1547	488
2	1548	118
2	1549	393
2	1550	343
2	1551	480
2	1551	864
2	1552	109
2	1553	17
2	1554	179
2	1554	359
2	1554	502
2	1554	547
2	1555	95
2	1555	449
2	1556	205
2	1558	989
2	1559	265
2	1560	224
2	1560	338
2	1561	474
2	1562	386
2	1562	453
2	1563	245
2	1563	892
2	1564	166
2	1564	990
2	1565	475
2	1565	625
2	1565	755
2	1566	217
2	1567	633
2	1567	781
2	1568	232
2	1569	185
2	1569	984
2	1570	776
2	1570	782
2	1570	938
2	1571	225
2	1572	64
2	1572	292
2	1573	246
2	1573	323
2	1577	14
2	1577	728
2	1578	689
2	1579	571
2	1579	774
2	1580	747
2	1581	925
2	1582	464
2	1583	252
2	1583	309
2	1583	934
2	1584	470
2	1587	734
2	1587	743
2	1588	454
2	1589	690
2	1589	703
2	1589	853
2	1590	87
2	1590	158
2	1592	410
2	1592	559
2	1593	195
2	1593	370
2	1593	569
2	1597	24
2	1598	213
2	1598	223
2	1598	493
2	1599	649
2	1600	198
2	1600	874
2	1601	244
2	1601	606
2	1604	344
2	1605	199
2	1607	351
2	1608	233
2	1608	342
2	1610	660
2	1610	696
2	1610	944
2	1611	337
2	1613	298
2	1613	456
2	1613	818
2	1614	707
2	1614	790
2	1614	862
2	1615	257
2	1616	405
2	1616	736
2	1616	879
2	1617	103
2	1617	385
2	1617	567
2	1617	739
2	1617	837
2	1618	78
2	1619	317
2	1621	145
2	1621	416
2	1622	799
2	1624	222
2	1624	367
2	1624	677
2	1625	954
2	1626	6
2	1627	251
2	1629	406
2	1631	174
2	1631	792
2	1632	19
2	1632	404
2	1632	961
2	1635	354
2	1636	497
2	1637	141
2	1638	662
2	1638	762
2	1639	544
2	1639	566
2	1643	572
2	1643	846
2	1645	666
2	1648	767
2	1650	812
2	1654	725
2	1654	842
2	1656	949
2	1658	360
2	1664	58
2	1665	91
2	1666	92
2	1667	621
2	1667	634
2	1668	86
2	1669	665
2	1670	849
2	1672	820
2	1675	368
2	1675	902
2	1676	97
2	1676	644
2	1676	708
2	1678	231
2	1678	810
2	1681	381
2	1681	598
2	1684	13
2	1684	605
2	1686	72
2	1686	162
2	1686	526
2	1687	96
2	1687	212
2	1687	329
2	1688	101
2	1688	591
2	1689	106
2	1689	455
2	1689	731
2	1690	363
2	1693	362
2	1693	958
2	1695	4
2	1695	31
2	1695	683
2	1695	756
2	1696	132
2	1699	161
2	1700	646
2	1701	864
2	1702	153
2	1704	510
2	1705	687
2	1706	560
2	1706	852
2	1707	987
2	1708	170
2	1708	433
2	1709	176
2	1709	772
2	1710	578
2	1710	583
2	1711	386
2	1711	524
2	1714	210
2	1714	594
2	1714	826
2	1715	585
2	1715	620
2	1716	557
2	1717	167
2	1717	818
2	1717	910
2	1718	28
2	1718	129
2	1718	399
2	1718	608
2	1719	17
2	1720	7
2	1720	492
2	1722	532
2	1722	891
2	1723	150
2	1723	426
2	1724	144
2	1724	617
2	1724	735
2	1724	783
2	1726	911
2	1729	533
2	1729	986
2	1730	769
2	1730	925
2	1731	306
2	1731	960
2	1732	8
2	1734	603
2	1734	612
2	1734	777
2	1735	183
2	1735	738
2	1736	588
2	1737	451
2	1738	9
2	1738	514
2	1739	758
2	1741	146
2	1741	682
2	1741	880
2	1742	135
2	1742	521
2	1743	105
2	1743	205
2	1743	208
2	1744	639
2	1744	904
2	1744	944
2	1745	715
2	1747	108
2	1747	126
2	1750	155
2	1750	518
2	1752	812
2	1752	875
2	1753	40
2	1753	138
2	1753	358
2	1755	178
2	1756	712
2	1761	445
2	1761	628
2	1764	145
2	1764	431
2	1765	365
2	1768	442
2	1769	592
2	1769	676
2	1770	39
2	1771	85
2	1771	154
2	1772	400
2	1772	491
2	1773	237
2	1773	478
2	1773	508
2	1774	136
2	1774	280
2	1774	435
2	1775	962
2	1776	121
2	1777	664
2	1778	967
2	1780	118
2	1780	516
2	1780	707
2	1781	21
2	1781	242
2	1781	343
2	1781	394
2	1782	294
2	1782	950
2	1783	378
2	1783	653
2	1784	555
2	1786	275
2	1786	483
2	1786	890
2	1787	397
2	1787	979
2	1788	709
2	1790	18
2	1790	308
2	1793	49
2	1793	556
2	1793	692
2	1793	895
2	1794	301
2	1794	739
2	1794	773
2	1795	784
2	1796	312
2	1798	139
2	1798	255
2	1799	417
2	1799	718
2	1799	759
2	1799	843
2	1800	109
2	1800	159
2	1800	509
2	1800	688
2	1801	418
2	1801	745
2	1802	522
2	1802	849
2	1803	375
2	1803	586
2	1803	850
2	1804	499
2	1805	760
2	1807	41
2	1808	166
2	1810	384
2	1812	372
2	1812	647
2	1812	749
2	1815	744
2	1818	559
2	1818	714
2	1818	966
2	1819	383
2	1819	542
2	1819	726
2	1823	107
2	1827	476
2	1827	602
2	1828	104
2	1830	123
2	1831	250
2	1831	623
2	1832	225
2	1833	606
2	1834	131
2	1834	198
2	1834	697
2	1837	357
2	1838	114
2	1839	727
2	1841	767
2	1842	63
2	1844	19
2	1844	50
2	1844	472
2	1845	95
2	1845	245
2	1846	17
2	1849	654
2	1849	909
2	1850	347
2	1850	811
2	1852	798
2	1853	751
2	1853	930
2	1854	84
2	1854	453
2	1854	457
2	1854	695
2	1854	717
2	1854	740
2	1856	27
2	1857	239
2	1857	985
2	1858	179
2	1858	323
2	1858	546
2	1859	149
2	1859	691
2	1860	64
2	1863	426
2	1863	790
2	1864	613
2	1865	462
2	1865	621
2	1866	743
2	1866	881
2	1866	893
2	1868	684
2	1868	889
2	1869	482
2	1869	511
2	1870	332
2	1871	143
2	1871	711
2	1872	884
2	1873	46
2	1873	232
2	1874	876
2	1875	562
2	1878	81
2	1878	887
2	1879	38
2	1880	662
2	1881	254
2	1881	587
2	1881	601
2	1882	24
2	1882	891
2	1883	222
2	1883	573
2	1884	112
2	1884	147
2	1884	865
2	1885	132
2	1885	943
2	1886	399
2	1887	101
2	1887	950
2	1890	28
2	1890	160
2	1890	199
2	1890	309
2	1890	549
2	1890	581
2	1890	605
2	1890	998
2	1891	631
2	1891	677
2	1891	925
2	1892	227
2	1892	392
2	1893	494
2	1894	282
2	1896	264
2	1897	680
2	1898	22
2	1898	451
2	1898	465
2	1899	43
2	1901	495
2	1903	510
2	1903	558
2	1905	607
2	1906	386
2	1906	980
2	1907	193
2	1908	983
2	1911	297
2	1911	409
2	1911	757
2	1912	406
2	1912	422
2	1913	201
2	1913	252
2	1913	387
2	1913	459
2	1915	292
2	1916	327
2	1917	274
2	1917	303
2	1917	676
2	1917	712
2	1917	776
2	1919	389
2	1921	341
2	1921	746
2	1922	622
2	1922	766
2	1923	122
2	1923	217
2	1923	685
2	1923	831
2	1924	443
2	1926	88
2	1926	517
2	1927	21
2	1928	671
2	1929	51
2	1930	673
2	1932	82
2	1933	26
2	1933	142
2	1933	618
2	1934	133
2	1934	157
2	1934	666
2	1935	642
2	1935	830
2	1936	3
2	1936	261
2	1936	529
2	1937	34
2	1938	106
2	1938	410
2	1938	993
2	1939	378
2	1940	45
2	1940	304
2	1940	781
2	1941	435
2	1942	989
2	1944	734
2	1945	643
2	1947	492
2	1947	582
2	1947	701
2	1947	775
2	1949	293
2	1949	502
2	1949	902
2	1949	976
2	1950	228
2	1951	648
2	1952	267
2	1954	321
2	1955	890
2	1956	127
2	1956	189
2	1956	209
2	1956	522
2	1958	577
2	1959	7
2	1959	470
2	1962	162
2	1962	448
2	1962	718
2	1963	163
2	1964	485
2	1964	579
2	1965	95
2	1966	385
2	1966	431
2	1967	531
2	1968	569
2	1969	121
2	1970	705
2	1970	817
2	1971	335
2	1971	350
2	1972	442
2	1972	879
2	1975	490
2	1976	221
2	1976	452
2	1977	214
2	1978	461
2	1979	184
2	1980	170
2	1980	594
2	1981	12
2	1981	200
2	1981	543
2	1982	355
2	1982	906
2	1982	977
2	1983	752
2	1983	862
2	1985	937
2	1986	950
2	1986	987
2	1988	296
2	1988	760
2	1988	884
2	1990	840
2	1991	281
2	1992	176
2	1992	755
2	1993	626
2	1994	336
2	1994	401
2	1997	793
2	1997	849
2	1998	204
2	1999	669
2	1999	688
2	1999	764
2	2001	627
2	2002	926
2	2007	851
2	2008	736
2	2011	433
2	2011	969
2	2012	787
2	2013	587
2	2015	473
2	2015	584
2	2016	739
2	2017	53
2	2017	554
2	2018	233
2	2018	469
2	2020	247
2	2021	956
2	2023	604
2	2023	882
2	2024	518
2	2024	621
2	2027	645
2	2028	681
2	2029	652
2	2030	93
2	2030	129
2	2031	181
2	2031	229
2	2034	863
2	2034	943
2	2035	195
2	2035	553
2	2037	68
2	2038	206
2	2039	610
2	2041	70
2	2041	670
2	2041	791
2	2042	16
2	2042	125
2	2042	223
2	2042	248
2	2043	814
2	2045	390
2	2047	874
2	2049	62
2	2050	340
2	2051	63
2	2051	693
2	2052	50
2	2052	315
2	2054	266
2	2054	408
2	2054	800
2	2055	860
2	2056	659
2	2056	757
2	2057	998
2	2059	160
2	2060	246
2	2060	451
2	2060	819
2	2061	231
2	2061	733
2	2063	737
2	2063	836
2	2064	761
2	2065	323
2	2066	116
2	2066	521
2	2067	103
2	2067	724
2	2068	428
2	2069	840
2	2070	600
2	2070	708
2	2070	986
2	2071	546
2	2072	396
2	2072	462
2	2072	911
2	2072	958
2	2073	515
2	2073	790
2	2073	842
2	2074	405
2	2075	620
2	2075	839
2	2080	679
2	2082	324
2	2084	932
2	2085	238
2	2087	180
2	2088	79
2	2088	943
2	2089	262
2	2090	251
2	2091	592
2	2093	382
2	2095	628
2	2095	817
2	2097	418
2	2102	295
2	2102	338
2	2102	379
2	2102	588
2	2102	698
2	2103	979
2	2104	333
2	2105	540
2	2105	615
2	2107	334
2	2108	296
2	2108	508
2	2108	547
2	2109	479
2	2109	730
2	2110	134
2	2110	185
2	2111	468
2	2111	767
2	2112	146
2	2114	112
2	2114	657
2	2114	699
2	2115	171
2	2115	259
2	2115	580
2	2115	731
2	2117	258
2	2117	463
2	2118	913
2	2120	694
2	2120	747
2	2121	611
2	2121	743
2	2121	858
2	2122	634
2	2123	478
2	2125	527
2	2125	542
2	2126	308
2	2126	905
2	2127	740
2	2128	545
2	2129	32
2	2129	350
2	2129	475
2	2132	179
2	2132	439
2	2133	773
2	2134	500
2	2135	243
2	2135	437
2	2138	87
2	2139	706
2	2139	982
2	2140	570
2	2140	866
2	2141	853
2	2141	969
2	2142	711
2	2142	910
2	2145	388
2	2148	36
2	2148	719
2	2148	744
2	2148	812
2	2150	167
2	2150	245
2	2150	818
2	2152	346
2	2152	556
2	2154	139
2	2154	723
2	2155	210
2	2156	785
2	2157	742
2	2157	990
2	2159	778
2	2161	277
2	2163	60
2	2163	90
2	2163	184
2	2163	385
2	2163	665
2	2164	656
2	2167	282
2	2168	720
2	2169	318
2	2169	371
2	2169	661
2	2170	4
2	2170	234
2	2172	958
2	2173	728
2	2173	802
2	2174	537
2	2175	332
2	2175	851
2	2176	446
2	2177	281
2	2178	31
2	2178	741
2	2178	877
2	2178	988
2	2179	82
2	2179	298
2	2180	662
2	2181	471
2	2182	569
2	2183	213
2	2183	352
2	2184	242
2	2185	532
2	2185	600
2	2185	750
2	2186	456
2	2186	538
2	2187	495
2	2187	871
2	2188	100
2	2188	861
2	2188	949
2	2189	186
2	2190	566
2	2191	69
2	2191	289
2	2191	533
2	2193	536
2	2193	736
2	2194	378
2	2194	395
2	2195	74
2	2197	26
2	2197	218
2	2198	717
2	2199	37
2	2199	391
2	2200	208
2	2200	602
2	2201	414
2	2202	344
2	2203	214
2	2204	38
2	2204	522
2	2206	368
2	2208	387
2	2209	358
2	2209	513
2	2209	891
2	2212	996
2	2213	118
2	2213	253
2	2213	890
2	2216	427
2	2217	190
2	2217	779
2	2218	123
2	2218	254
2	2218	943
2	2219	217
2	2220	77
2	2221	753
2	2222	477
2	2222	649
2	2223	113
2	2223	483
2	2223	614
2	2224	252
2	2225	319
2	2225	716
2	2226	591
2	2226	690
2	2226	693
2	2227	343
2	2229	364
2	2229	654
2	2230	292
2	2231	53
2	2232	458
2	2232	929
2	2234	784
2	2235	390
2	2236	86
2	2236	381
2	2238	842
2	2242	502
2	2245	207
2	2245	365
2	2248	17
2	2251	178
2	2251	764
2	2252	548
2	2253	579
2	2254	200
2	2254	219
2	2254	496
2	2254	668
2	2256	227
2	2257	226
2	2258	951
2	2260	330
2	2261	97
2	2263	691
2	2264	59
2	2264	844
2	2265	546
2	2265	624
2	2266	360
2	2267	168
2	2267	309
2	2268	443
2	2268	567
2	2269	45
2	2269	859
2	2270	162
2	2270	174
2	2272	204
2	2274	126
2	2274	747
2	2275	223
2	2276	18
2	2276	94
2	2277	432
2	2278	103
2	2278	730
2	2278	760
2	2279	442
2	2279	585
2	2279	698
2	2280	144
2	2282	820
2	2282	823
2	2283	164
2	2283	890
2	2284	188
2	2285	316
2	2285	709
2	2287	68
2	2289	322
2	2289	631
2	2290	5
2	2290	876
2	2291	469
2	2291	560
2	2292	422
2	2294	142
2	2294	465
2	2295	347
2	2295	697
2	2296	119
2	2296	272
2	2296	964
2	2297	64
2	2297	578
2	2298	510
2	2298	885
2	2299	255
2	2300	90
2	2300	152
2	2301	517
2	2301	972
2	2302	153
2	2302	170
2	2302	299
2	2302	374
2	2302	840
2	2302	932
2	2305	108
2	2305	345
2	2306	372
2	2307	679
2	2308	32
2	2309	402
2	2309	596
2	2310	183
2	2310	240
2	2310	520
2	2311	655
2	2312	275
2	2313	622
2	2313	744
2	2313	762
2	2314	459
2	2314	727
2	2315	368
2	2315	634
2	2316	235
2	2316	359
2	2316	361
2	2316	831
2	2316	981
2	2317	363
2	2317	500
2	2318	906
2	2319	918
2	2320	311
2	2321	165
2	2321	437
2	2322	231
2	2322	713
2	2324	541
2	2325	151
2	2326	116
2	2328	633
2	2330	695
2	2331	39
2	2331	76
2	2331	191
2	2332	759
2	2332	993
2	2333	264
2	2334	899
2	2335	197
2	2335	215
2	2336	425
2	2337	547
2	2338	756
2	2339	594
2	2339	821
2	2340	96
2	2341	581
2	2342	346
2	2342	836
2	2343	128
2	2343	483
2	2343	674
2	2343	775
2	2344	600
2	2346	682
2	2347	202
2	2347	509
2	2347	846
2	2348	495
2	2349	770
2	2350	61
2	2350	799
2	2351	46
2	2351	407
2	2352	134
2	2353	12
2	2353	696
2	2355	942
2	2356	71
2	2356	761
2	2356	831
2	2357	669
2	2357	719
2	2358	586
2	2360	766
2	2361	195
2	2362	883
2	2363	23
2	2363	604
2	2364	131
2	2364	245
2	2365	288
2	2365	324
2	2365	739
2	2366	491
2	2367	621
2	2368	768
2	2369	99
2	2369	641
2	2369	848
2	2370	810
2	2371	43
2	2371	248
2	2372	680
2	2373	528
2	2373	778
2	2374	263
2	2375	105
2	2376	13
2	2377	461
2	2377	557
2	2378	501
2	2379	147
2	2379	290
2	2379	331
2	2379	545
2	2379	575
2	2381	106
2	2381	825
2	2382	174
2	2382	917
2	2383	212
2	2383	294
2	2383	406
2	2383	475
2	2383	488
2	2384	29
2	2384	776
2	2386	111
2	2388	247
2	2389	11
2	2389	535
2	2390	25
2	2390	473
2	2391	934
2	2392	209
2	2392	493
2	2393	377
2	2394	797
2	2395	588
2	2396	349
2	2397	175
2	2398	750
2	2398	774
2	2398	998
2	2399	124
2	2399	375
2	2400	69
2	2400	489
2	2401	169
2	2401	769
2	2402	150
2	2402	409
2	2403	929
2	2405	565
2	2405	886
2	2406	221
2	2406	327
2	2406	342
2	2406	404
2	2406	966
2	2409	950
2	2410	783
2	2411	326
2	2411	416
2	2412	208
2	2412	562
2	2412	688
2	2415	741
2	2415	923
2	2416	315
2	2416	420
2	2416	587
2	2417	278
2	2419	678
2	2420	992
2	2421	946
2	2422	670
2	2423	858
2	2424	452
2	2426	104
2	2426	269
2	2427	33
2	2427	690
2	2430	152
2	2431	44
2	2432	357
2	2433	252
2	2433	439
2	2433	476
2	2434	602
2	2434	865
2	2435	330
2	2437	892
2	2438	287
2	2438	468
2	2440	73
2	2441	193
2	2443	157
2	2443	653
2	2445	722
2	2446	159
2	2446	289
2	2446	500
2	2447	17
2	2447	59
2	2447	325
2	2449	380
2	2451	22
2	2451	217
2	2451	523
2	2452	132
2	2452	396
2	2452	691
2	2453	852
2	2454	41
2	2454	305
2	2455	171
2	2455	614
2	2455	654
2	2456	2
2	2456	67
2	2456	709
2	2457	608
2	2458	901
2	2460	484
2	2462	14
2	2462	213
2	2462	563
2	2463	462
2	2464	323
2	2465	225
2	2465	649
2	2465	704
2	2467	832
2	2468	207
2	2470	118
2	2470	230
2	2470	311
2	2471	666
2	2472	274
2	2473	222
2	2473	432
2	2474	360
2	2475	705
2	2475	862
2	2476	941
2	2477	203
2	2478	773
2	2479	198
2	2479	598
2	2479	636
2	2481	782
2	2481	976
2	2482	76
2	2482	948
2	2484	561
2	2486	497
2	2486	945
2	2488	734
2	2490	79
2	2490	417
2	2492	347
2	2492	749
2	2493	28
2	2493	332
2	2494	156
2	2494	176
2	2494	239
2	2495	781
2	2495	841
2	2496	725
2	2497	656
2	2497	991
2	2498	87
2	2498	220
2	2498	560
2	2498	909
2	2500	211
2	2500	914
2	2502	630
2	2503	393
2	2504	845
2	2506	255
2	2509	367
2	2509	444
2	2510	46
2	2510	411
2	2511	362
2	2512	713
2	2513	149
2	2513	612
2	2514	276
2	2515	210
2	2515	551
2	2516	178
2	2516	548
2	2517	183
2	2517	429
2	2517	980
2	2519	637
2	2521	80
2	2522	60
2	2522	321
2	2522	386
2	2522	427
2	2523	768
2	2524	642
2	2524	796
2	2525	272
2	2526	98
2	2527	908
2	2531	184
2	2531	328
2	2532	545
2	2533	400
2	2533	763
2	2534	478
2	2535	402
2	2535	698
2	2537	754
2	2537	955
2	2538	378
2	2538	633
2	2538	808
2	2541	91
2	2541	939
2	2543	627
2	2545	290
2	2545	513
2	2545	664
2	2546	935
2	2549	9
2	2551	615
2	2551	984
2	2553	130
2	2553	794
2	2556	726
2	2556	770
2	2557	490
2	2558	821
2	2559	410
2	2559	706
2	2560	95
2	2561	590
2	2562	457
2	2564	4
2	2565	971
2	2566	757
2	2566	996
2	2567	23
2	2567	74
2	2567	89
2	2568	327
2	2569	580
2	2569	623
2	2571	298
2	2571	349
2	2571	475
2	2572	824
2	2573	90
2	2574	114
2	2574	152
2	2574	418
2	2574	438
2	2574	854
2	2578	421
2	2579	862
2	2581	65
2	2581	146
2	2581	160
2	2581	383
2	2581	448
2	2582	805
2	2583	69
2	2583	511
2	2583	635
2	2585	218
2	2586	607
2	2587	780
2	2588	243
2	2589	790
2	2589	878
2	2590	716
2	2591	304
2	2592	24
2	2592	832
2	2593	318
2	2594	284
2	2594	492
2	2595	345
2	2595	987
2	2597	201
2	2597	660
2	2600	690
2	2603	817
2	2603	894
2	2604	486
2	2605	181
2	2606	93
2	2606	142
2	2607	49
2	2607	244
2	2608	610
2	2608	616
2	2608	687
2	2611	368
2	2612	809
2	2614	450
2	2614	679
2	2614	871
2	2615	563
2	2615	684
2	2617	409
2	2618	741
2	2619	226
2	2619	896
2	2622	624
2	2623	585
2	2625	162
2	2626	41
2	2626	330
2	2626	567
2	2627	493
2	2628	205
2	2629	101
2	2631	104
2	2631	158
2	2633	405
2	2634	742
2	2635	764
2	2636	117
2	2636	336
2	2636	963
2	2637	954
2	2638	128
2	2639	258
2	2640	185
2	2641	191
2	2641	962
2	2643	721
2	2645	148
2	2646	468
2	2647	156
2	2647	265
2	2647	502
2	2647	778
2	2648	643
2	2648	727
2	2649	143
2	2651	45
2	2651	456
2	2651	718
2	2653	2
2	2653	234
2	2653	510
2	2653	668
2	2653	865
2	2655	177
2	2655	705
2	2656	259
2	2657	132
2	2657	196
2	2658	703
2	2659	387
2	2659	822
2	2660	309
2	2661	717
2	2661	779
2	2662	372
2	2662	424
2	2663	547
2	2663	677
2	2663	816
2	2664	647
2	2665	459
2	2665	619
2	2665	856
2	2666	170
2	2666	446
2	2667	500
2	2668	693
2	2669	333
2	2670	313
2	2671	772
2	2672	470
2	2672	986
2	2673	352
2	2673	574
2	2673	575
2	2675	571
2	2675	701
2	2675	749
2	2676	179
2	2676	280
2	2677	557
2	2678	311
2	2679	78
2	2679	393
2	2679	425
2	2679	553
2	2679	965
2	2682	444
2	2683	713
2	2684	194
2	2684	598
2	2685	366
2	2686	6
2	2686	361
2	2686	740
2	2687	68
2	2687	491
2	2687	881
2	2688	266
2	2688	276
2	2688	913
2	2689	220
2	2691	145
2	2691	525
2	2692	197
2	2693	822
2	2694	590
2	2694	925
2	2695	277
2	2697	481
2	2698	401
2	2698	430
2	2701	521
2	2703	116
2	2704	157
2	2704	399
2	2704	795
2	2704	981
2	2705	365
2	2705	686
2	2707	321
2	2707	414
2	2709	86
2	2710	12
2	2710	402
2	2710	689
2	2711	147
2	2711	875
2	2713	165
2	2713	193
2	2713	363
2	2713	601
2	2713	736
2	2713	817
2	2714	731
2	2715	53
2	2715	263
2	2716	508
2	2717	326
2	2717	533
2	2718	269
2	2718	287
2	2718	618
2	2719	297
2	2719	739
2	2721	711
2	2722	134
2	2724	71
2	2725	155
2	2726	534
2	2727	323
2	2727	592
2	2729	210
2	2730	118
2	2730	370
2	2730	672
2	2730	770
2	2731	388
2	2731	422
2	2732	545
2	2732	629
2	2732	732
2	2732	748
2	2733	212
2	2733	438
2	2733	729
2	2734	527
2	2734	599
2	2735	886
2	2736	168
2	2736	969
2	2737	562
2	2737	766
2	2737	885
2	2738	19
2	2739	254
2	2739	514
2	2740	923
2	2740	973
2	2741	537
2	2742	377
2	2742	580
2	2743	593
2	2745	159
2	2746	100
2	2746	646
2	2747	396
2	2750	364
2	2755	236
2	2755	556
2	2755	917
2	2755	942
2	2756	97
2	2756	378
2	2757	815
2	2758	447
2	2759	23
2	2761	349
2	2762	392
2	2762	466
2	2763	463
2	2764	471
2	2766	512
2	2767	332
2	2768	780
2	2770	360
2	2771	722
2	2772	781
2	2774	368
2	2774	543
2	2776	573
2	2777	211
2	2778	373
2	2778	398
2	2778	782
2	2780	343
2	2780	949
2	2782	528
2	2783	26
2	2783	31
2	2783	863
2	2785	72
2	2785	485
2	2785	561
2	2787	249
2	2787	522
2	2789	270
2	2790	551
2	2790	757
2	2791	976
2	2792	285
2	2795	397
2	2795	451
2	2796	469
2	2797	432
2	2798	16
2	2799	680
2	2800	143
2	2800	785
2	2801	477
2	2801	586
2	2802	300
2	2802	609
2	2802	652
2	2803	150
2	2804	662
2	2805	17
2	2805	275
2	2806	501
2	2807	755
2	2808	563
2	2808	761
2	2809	409
2	2811	259
2	2813	208
2	2813	557
2	2814	384
2	2815	89
2	2815	216
2	2816	570
2	2817	484
2	2818	257
2	2818	614
2	2819	40
2	2820	454
2	2820	608
2	2821	235
2	2822	154
2	2822	631
2	2823	296
2	2823	825
2	2824	215
2	2825	110
2	2828	109
2	2828	125
2	2828	439
2	2829	747
2	2830	272
2	2830	404
2	2830	739
2	2830	962
2	2832	87
2	2832	494
2	2832	717
2	2833	18
2	2833	665
2	2833	744
2	2834	702
2	2835	246
2	2836	261
2	2836	314
2	2836	509
2	2836	517
2	2836	707
2	2837	36
2	2837	775
2	2838	479
2	2838	939
2	2839	242
2	2840	104
2	2840	204
2	2840	769
2	2841	981
2	2842	532
2	2843	683
2	2843	807
2	2844	704
2	2844	843
2	2845	399
2	2845	560
2	2846	690
2	2848	178
2	2848	710
2	2852	231
2	2852	810
2	2853	742
2	2855	184
2	2855	762
2	2855	774
2	2855	993
2	2856	88
2	2856	371
2	2857	46
2	2858	434
2	2858	723
2	2859	173
2	2859	881
2	2860	619
2	2861	102
2	2861	687
2	2862	933
2	2863	706
2	2864	632
2	2864	790
2	2865	542
2	2866	32
2	2866	251
2	2866	255
2	2867	120
2	2868	510
2	2868	837
2	2869	860
2	2870	656
2	2870	709
2	2873	748
2	2874	198
2	2874	269
2	2875	288
2	2875	407
2	2876	164
2	2876	695
2	2877	783
2	2877	800
2	2878	605
2	2878	670
2	2879	328
2	2879	523
2	2879	696
2	2879	964
2	2880	370
2	2881	66
2	2883	188
2	2885	890
2	2886	636
2	2886	797
2	2888	114
2	2888	133
2	2888	921
2	2889	113
2	2889	229
2	2890	425
2	2890	490
2	2891	681
2	2894	192
2	2895	344
2	2896	130
2	2897	498
2	2897	787
2	2898	67
2	2898	175
2	2898	213
2	2900	233
2	2900	645
2	2902	363
2	2902	440
2	2903	902
2	2904	57
2	2904	311
2	2904	385
2	2904	815
2	2905	421
2	2906	960
2	2906	987
2	2908	51
2	2908	171
2	2908	195
2	2908	561
2	2909	562
2	2910	218
2	2910	302
2	2911	11
2	2912	347
2	2913	3
2	2913	225
2	2915	53
2	2915	924
2	2916	389
2	2916	936
2	2917	206
2	2917	381
2	2918	698
2	2919	390
2	2920	35
2	2921	348
2	2922	83
2	2924	443
2	2926	112
2	2926	227
2	2926	857
2	2927	459
2	2928	401
2	2928	499
2	2928	534
2	2928	868
2	2929	964
2	2930	222
2	2932	724
2	2933	674
2	2934	214
2	2934	732
2	2936	537
2	2936	816
2	2938	708
2	2941	553
2	2942	433
2	2943	58
2	2945	190
2	2945	592
2	2945	751
2	2946	552
2	2948	600
2	2948	616
2	2948	753
2	2949	485
2	2950	626
2	2953	824
2	2954	48
2	2954	858
2	2955	395
2	2956	304
2	2957	546
2	2958	253
2	2958	340
2	2958	530
2	2958	792
2	2959	726
2	2960	475
2	2960	595
2	2960	758
2	2960	788
2	2961	648
2	2961	798
2	2962	778
2	2962	779
2	2963	15
2	2963	478
2	2964	531
2	2964	766
2	2965	151
2	2965	183
2	2965	238
2	2965	394
2	2966	25
2	2966	658
2	2967	566
2	2967	1000
2	2968	74
2	2968	315
2	2968	524
2	2968	654
2	2969	208
2	2969	327
2	2970	511
2	2971	226
2	2971	557
2	2972	867
2	2973	241
2	2974	550
2	2974	749
2	2975	908
2	2976	689
2	2976	928
2	2978	585
2	2979	314
2	2980	157
2	2981	108
2	2983	489
2	2986	493
2	2988	462
2	2989	162
2	2989	868
2	2990	678
2	2991	27
2	2991	252
2	2994	106
2	2995	369
2	2997	743
2	3000	19
2	3000	923
2	3001	544
2	3003	143
2	3003	577
2	3004	412
2	3004	858
2	3006	361
2	3009	270
2	3010	639
2	3010	702
2	3010	760
2	3012	248
2	3013	682
2	3014	606
2	3015	642
2	3018	705
2	3020	905
2	3021	138
2	3021	337
2	3021	428
2	3022	351
2	3022	514
2	3023	973
2	3031	713
2	3031	917
2	3033	301
2	3038	955
2	3039	800
2	3040	576
2	3041	202
2	3042	353
2	3044	155
2	3044	285
2	3046	84
2	3046	692
2	3046	761
2	3047	46
2	3047	703
2	3048	127
2	3048	449
2	3049	144
2	3049	898
2	3050	133
2	3050	482
2	3052	167
2	3052	307
2	3052	513
2	3052	603
2	3052	957
2	3052	976
2	3053	407
2	3053	838
2	3054	772
2	3055	373
2	3056	336
2	3056	586
2	3057	203
2	3057	620
2	3058	455
2	3059	234
2	3059	944
2	3060	104
2	3062	200
2	3065	289
2	3065	339
2	3065	981
2	3067	170
2	3067	739
2	3068	59
2	3068	687
2	3068	795
2	3072	42
2	3072	240
2	3072	293
2	3073	469
2	3074	785
2	3074	951
2	3075	912
2	3075	961
2	3076	274
2	3076	335
2	3076	598
2	3077	495
2	3077	941
2	3079	223
2	3079	236
2	3079	773
2	3081	494
2	3082	391
2	3082	468
2	3082	545
2	3083	633
2	3083	684
2	3083	938
2	3083	999
2	3085	60
2	3086	645
2	3086	649
2	3086	937
2	3087	105
2	3088	26
2	3088	232
2	3089	443
2	3089	721
2	3090	411
2	3092	402
2	3092	859
2	3095	460
2	3096	56
2	3096	139
2	3097	675
2	3098	266
2	3098	496
2	3100	356
2	3100	400
2	3100	634
2	3101	199
2	3101	262
2	3101	430
2	3101	863
2	3102	4
2	3103	540
2	3103	729
2	3104	81
2	3104	581
2	3105	157
2	3107	89
2	3109	567
2	3110	168
2	3110	663
2	3111	401
2	3111	656
2	3111	788
2	3112	261
2	3112	784
2	3114	181
2	3114	489
2	3115	346
2	3116	154
2	3116	174
2	3117	845
2	3117	887
2	3118	680
2	3119	918
2	3120	159
2	3122	281
2	3123	29
2	3123	305
2	3124	384
2	3125	472
2	3125	536
2	3127	7
2	3128	542
2	3128	552
2	3129	44
2	3129	150
2	3130	2
2	3131	706
2	3132	383
2	3134	375
2	3134	382
2	3134	465
2	3135	372
2	3136	417
2	3137	21
2	3138	320
2	3139	35
2	3139	93
2	3140	399
2	3143	611
2	3144	253
2	3144	732
2	3144	748
2	3145	332
2	3145	521
2	3147	169
2	3147	254
2	3147	999
2	3148	265
2	3149	667
2	3149	787
2	3151	303
2	3151	869
2	3153	19
2	3153	211
2	3153	938
2	3154	124
2	3155	730
2	3156	36
2	3156	461
2	3159	696
2	3160	242
2	3160	539
2	3160	863
2	3161	277
2	3164	653
2	3167	185
2	3168	230
2	3168	299
2	3169	449
2	3169	679
2	3170	23
2	3170	606
2	3171	780
2	3173	853
2	3174	363
2	3174	508
2	3175	182
2	3175	241
2	3176	480
2	3178	308
2	3178	569
2	3178	842
2	3179	420
2	3181	31
2	3181	297
2	3181	371
2	3181	547
2	3182	172
2	3182	769
2	3183	615
2	3184	163
2	3184	310
2	3184	459
2	3184	636
2	3184	996
2	3186	358
2	3187	175
2	3187	282
2	3187	511
2	3189	628
2	3190	601
2	3191	533
2	3191	783
2	3194	630
2	3194	727
2	3195	187
2	3196	437
2	3197	45
2	3197	425
2	3199	782
2	3200	126
2	3201	70
2	3202	166
2	3203	758
2	3204	625
2	3205	467
2	3205	520
2	3206	200
2	3208	318
2	3209	325
2	3210	685
2	3212	445
2	3212	915
2	3213	594
2	3214	65
2	3214	226
2	3214	677
2	3214	716
2	3215	373
2	3215	754
2	3216	12
2	3216	639
2	3217	810
2	3218	909
2	3221	715
2	3222	149
2	3222	641
2	3227	339
2	3227	751
2	3228	160
2	3229	610
2	3230	559
2	3231	424
2	3231	434
2	3232	954
2	3233	109
2	3234	238
2	3234	348
2	3234	380
2	3234	623
2	3234	878
2	3234	945
2	3235	283
2	3236	616
2	3237	201
2	3238	125
2	3238	799
2	3239	926
2	3240	281
2	3240	774
2	3240	822
2	3241	734
2	3242	911
2	3244	482
2	3245	793
2	3246	97
2	3247	10
2	3247	356
2	3247	797
2	3248	640
2	3249	564
2	3249	946
2	3250	236
2	3250	361
2	3250	585
2	3250	905
2	3252	128
2	3252	646
2	3254	213
2	3254	568
2	3254	728
2	3257	152
2	3257	614
2	3257	962
2	3260	232
2	3260	457
2	3263	548
2	3263	762
2	3263	913
2	3264	249
2	3265	159
2	3265	279
2	3266	708
2	3267	58
2	3267	253
2	3267	856
2	3269	164
2	3271	280
2	3271	839
2	3273	354
2	3274	73
2	3274	94
2	3274	223
2	3274	233
2	3274	496
2	3274	773
2	3274	843
2	3275	217
2	3275	387
2	3277	84
2	3277	721
2	3279	535
2	3279	911
2	3280	220
2	3280	650
2	3281	860
2	3282	105
2	3282	123
2	3283	196
2	3283	390
2	3283	446
2	3283	566
2	3284	331
2	3284	954
2	3287	57
2	3287	257
2	3287	393
2	3288	543
2	3288	655
2	3289	291
2	3289	378
2	3289	657
2	3290	567
2	3290	739
2	3290	749
2	3290	934
2	3292	421
2	3292	505
2	3292	961
2	3293	33
2	3294	203
2	3294	944
2	3295	74
2	3295	997
2	3296	669
2	3297	16
2	3297	274
2	3297	328
2	3297	512
2	3298	250
2	3298	688
2	3299	700
2	3299	957
2	3300	215
2	3301	67
2	3301	450
2	3302	171
2	3303	204
2	3303	478
2	3306	821
2	3307	745
2	3309	554
2	3310	571
2	3310	609
2	3312	42
2	3313	422
2	3313	684
2	3313	962
2	3316	468
2	3317	277
2	3317	456
2	3318	595
2	3319	472
2	3319	704
2	3319	776
2	3320	49
2	3320	388
2	3320	725
2	3321	461
2	3323	54
2	3323	101
2	3323	692
2	3323	796
2	3326	572
2	3326	744
2	3326	930
2	3327	562
2	3328	120
2	3328	353
2	3328	538
2	3328	544
2	3329	301
2	3329	958
2	3330	1
2	3330	234
2	3331	476
2	3331	675
2	3331	701
2	3334	513
2	3334	781
2	3337	129
2	3337	508
2	3338	766
2	3340	55
2	3340	636
2	3340	895
2	3342	254
2	3343	30
2	3344	608
2	3345	660
2	3346	247
2	3346	838
2	3346	946
2	3347	162
2	3348	151
2	3348	598
2	3348	794
2	3350	503
2	3351	526
2	3351	705
2	3352	433
2	3352	593
2	3352	779
2	3356	38
2	3356	336
2	3356	882
2	3357	13
2	3357	430
2	3357	451
2	3357	710
2	3357	755
2	3358	440
2	3358	514
2	3358	683
2	3359	314
2	3359	666
2	3360	407
2	3361	311
2	3361	686
2	3362	582
2	3362	772
2	3363	62
2	3363	355
2	3364	826
2	3365	736
2	3366	224
2	3366	586
2	3367	273
2	3367	347
2	3369	590
2	3369	610
2	3370	118
2	3371	121
2	3371	600
2	3372	498
2	3372	900
2	3372	904
2	3373	551
2	3373	552
2	3374	344
2	3374	442
2	3379	570
2	3380	365
2	3383	36
2	3383	200
2	3383	229
2	3383	757
2	3386	322
2	3388	639
2	3389	865
2	3391	533
2	3393	795
2	3394	815
2	3395	21
2	3399	18
2	3399	309
2	3403	334
2	3403	530
2	3404	437
2	3405	671
2	3406	238
2	3408	278
2	3409	673
2	3409	808
2	3410	653
2	3411	241
2	3412	130
2	3412	192
2	3413	198
2	3413	402
2	3413	670
2	3415	79
2	3416	83
2	3416	270
2	3416	884
2	3418	693
2	3418	841
2	3418	958
2	3419	343
2	3419	648
2	3420	457
2	3420	574
2	3421	32
2	3421	298
2	3422	189
2	3422	659
2	3423	92
2	3424	427
2	3424	791
2	3425	465
2	3426	459
2	3427	29
2	3428	420
2	3428	702
2	3429	299
2	3429	737
2	3429	980
2	3430	580
2	3430	611
2	3430	784
2	3431	438
2	3433	856
2	3435	682
2	3436	226
2	3436	618
2	3436	782
2	3437	75
2	3437	281
2	3438	122
2	3439	376
2	3440	663
2	3441	633
2	3441	680
2	3441	721
2	3441	885
2	3442	88
2	3442	479
2	3443	169
2	3443	672
2	3443	786
2	3443	976
2	3444	182
2	3444	352
2	3445	773
2	3445	919
2	3446	73
2	3446	152
2	3446	769
2	3446	956
2	3447	456
2	3447	640
2	3449	864
2	3450	338
2	3450	709
2	3450	760
2	3450	943
2	3450	944
2	3451	306
2	3451	770
2	3452	603
2	3453	531
2	3454	509
2	3454	771
2	3455	146
2	3455	977
2	3456	677
2	3458	236
2	3458	555
2	3460	154
2	3460	183
2	3460	743
2	3461	112
2	3464	78
2	3465	31
2	3465	684
2	3468	408
2	3472	541
2	3474	855
2	3477	527
2	3477	675
2	3477	857
2	3478	80
2	3478	255
2	3478	286
2	3478	415
2	3480	124
2	3480	207
2	3481	413
2	3482	385
2	3483	141
2	3485	564
2	3487	406
2	3487	494
2	3488	159
2	3488	452
2	3488	470
2	3488	715
2	3489	161
2	3489	294
2	3489	961
2	3491	263
2	3492	852
2	3493	367
2	3493	768
2	3494	821
2	3495	445
2	3495	462
2	3496	94
2	3496	180
2	3499	131
2	3499	467
2	3499	708
2	3500	138
2	3500	461
2	3500	856
2	3502	45
2	3502	364
2	3504	521
2	3504	998
2	3507	447
2	3509	337
2	3511	649
2	3512	511
2	3513	223
2	3513	460
2	3515	563
2	3519	25
2	3519	645
2	3520	155
2	3520	799
2	3521	602
2	3524	341
2	3525	978
2	3526	526
2	3526	713
2	3526	812
2	3527	854
2	3528	439
2	3529	621
2	3530	518
2	3534	218
2	3534	356
2	3535	436
2	3535	468
2	3535	787
2	3536	44
2	3536	932
2	3536	984
2	3537	56
2	3538	208
2	3539	166
2	3539	248
2	3539	516
2	3540	264
2	3541	158
2	3541	203
2	3541	324
2	3541	513
2	3542	204
2	3542	497
2	3543	89
2	3543	191
2	3544	420
2	3544	942
2	3545	173
2	3548	589
2	3548	652
2	3548	656
2	3549	743
2	3550	463
2	3551	731
2	3551	967
2	3552	749
2	3553	225
2	3553	766
2	3554	449
2	3555	328
2	3555	794
2	3556	163
2	3558	594
2	3558	686
2	3559	139
2	3561	982
2	3564	389
2	3565	243
2	3565	765
2	3565	939
2	3566	850
2	3568	387
2	3568	573
2	3569	275
2	3570	393
2	3572	600
2	3572	679
2	3574	9
2	3575	111
2	3575	566
2	3575	711
2	3575	874
2	3577	186
2	3577	366
2	3577	688
2	3578	722
2	3578	865
2	3579	165
2	3579	304
2	3580	240
2	3580	678
2	3581	734
2	3582	570
2	3582	750
2	3583	58
2	3583	115
2	3583	531
2	3583	753
2	3584	224
2	3584	327
2	3584	340
2	3584	629
2	3584	902
2	3585	554
2	3586	397
2	3586	614
2	3586	965
2	3588	699
2	3588	735
2	3588	957
2	3590	307
2	3590	520
2	3590	833
2	3591	926
2	3592	783
2	3594	142
2	3594	312
2	3594	947
2	3594	991
2	3597	81
2	3597	251
2	3598	790
2	3600	216
2	3600	827
2	3602	487
2	3603	428
2	3604	314
2	3604	604
2	3607	448
2	3609	541
2	3610	362
2	3610	585
2	3611	255
2	3611	444
2	3612	36
2	3612	244
2	3612	440
2	3613	744
2	3614	408
2	3614	514
2	3615	162
2	3615	370
2	3616	289
2	3617	636
2	3618	134
2	3619	228
2	3619	638
2	3619	956
2	3620	826
2	3622	113
2	3623	52
2	3623	230
2	3624	144
2	3624	473
2	3624	918
2	3625	388
2	3626	82
2	3627	446
2	3629	35
2	3630	814
2	3632	779
2	3634	565
2	3635	190
2	3636	154
2	3636	212
2	3636	687
2	3637	904
2	3638	302
2	3639	281
2	3640	141
2	3641	151
2	3641	477
2	3641	553
2	3643	40
2	3644	596
2	3646	659
2	3647	288
2	3648	109
2	3649	533
2	3650	383
2	3652	42
2	3652	729
2	3654	6
2	3654	311
2	3656	211
2	3656	290
2	3656	798
2	3657	101
2	3657	555
2	3659	677
2	3660	409
2	3660	568
2	3661	203
2	3662	7
2	3662	653
2	3663	457
2	3664	261
2	3667	668
2	3667	795
2	3669	459
2	3670	441
2	3672	612
2	3674	498
2	3677	437
2	3677	508
2	3678	913
2	3679	630
2	3682	700
2	3682	776
2	3683	481
2	3685	973
2	3686	911
2	3687	89
2	3687	172
2	3687	830
2	3688	25
2	3688	355
2	3688	759
2	3688	878
2	3690	509
2	3691	2
2	3694	183
2	3694	353
2	3694	645
2	3695	917
2	3696	274
2	3696	962
2	3698	540
2	3699	828
2	3700	14
2	3700	70
2	3700	550
2	3701	325
2	3701	720
2	3702	19
2	3702	435
2	3703	407
2	3703	754
2	3706	646
2	3708	428
2	3708	907
2	3709	326
2	3709	971
2	3710	423
2	3711	241
2	3711	367
2	3711	560
2	3711	561
2	3712	628
2	3713	32
2	3713	987
2	3714	98
2	3714	879
2	3715	167
2	3715	330
2	3715	774
2	3716	374
2	3716	884
2	3716	993
2	3718	600
2	3719	960
2	3721	202
2	3721	903
2	3722	897
2	3725	5
2	3725	714
2	3726	518
2	3728	199
2	3730	205
2	3730	764
2	3732	494
2	3732	548
2	3733	807
2	3735	484
2	3735	698
2	3736	197
2	3736	356
2	3736	421
2	3737	378
2	3737	708
2	3738	372
2	3739	181
2	3739	563
2	3739	928
2	3740	1
2	3740	242
2	3740	357
2	3740	375
2	3740	399
2	3741	10
2	3742	395
2	3742	650
2	3743	558
2	3744	44
2	3746	86
2	3746	178
2	3747	403
2	3747	474
2	3747	479
2	3747	755
2	3748	27
2	3748	117
2	3749	96
2	3749	938
2	3750	504
2	3750	742
2	3751	527
2	3751	667
2	3752	547
2	3752	552
2	3753	84
2	3755	165
2	3755	186
2	3756	64
2	3756	346
2	3759	23
2	3759	100
2	3759	266
2	3759	284
2	3759	868
2	3759	894
2	3760	187
2	3764	935
2	3765	676
2	3766	320
2	3766	738
2	3767	937
2	3768	476
2	3769	606
2	3770	726
2	3772	90
2	3772	215
2	3774	431
2	3775	682
2	3775	706
2	3777	66
2	3777	657
2	3778	92
2	3778	313
2	3778	515
2	3779	283
2	3780	376
2	3780	419
2	3780	725
2	3780	898
2	3781	166
2	3783	482
2	3783	661
2	3784	171
2	3784	573
2	3784	649
2	3784	684
2	3785	132
2	3785	286
2	3786	127
2	3786	965
2	3787	691
2	3788	94
2	3788	673
2	3789	61
2	3789	231
2	3789	788
2	3790	328
2	3790	373
2	3791	201
2	3791	204
2	3791	577
2	3792	678
2	3793	35
2	3794	224
2	3795	192
2	3795	539
2	3795	587
2	3796	72
2	3797	134
2	3797	458
2	3797	546
2	3798	120
2	3798	790
2	3799	177
2	3800	386
2	3800	525
2	3801	768
2	3801	934
2	3802	319
2	3802	718
2	3803	297
2	3803	424
2	3804	478
2	3804	787
2	3804	825
2	3805	213
2	3805	689
2	3806	156
2	3809	493
2	3810	401
2	3813	411
2	3813	712
2	3814	195
2	3814	404
2	3815	263
2	3815	517
2	3815	696
2	3818	8
2	3818	91
2	3818	837
2	3819	209
2	3819	391
2	3821	438
2	3822	679
2	3823	537
2	3824	135
2	3826	383
2	3829	207
2	3829	440
2	3830	626
2	3832	496
2	3832	947
2	3834	994
2	3835	237
2	3835	793
2	3836	773
2	3837	310
2	3837	833
2	3838	624
2	3841	125
2	3841	152
2	3842	76
2	3843	337
2	3845	638
2	3845	823
2	3845	863
2	3846	62
2	3846	813
2	3847	124
2	3847	745
2	3849	74
2	3849	746
2	3850	343
2	3850	954
2	3851	225
2	3851	243
2	3851	298
2	3853	291
2	3853	349
2	3853	734
2	3855	118
2	3856	13
2	3856	299
2	3856	668
2	3857	71
2	3857	464
2	3858	185
2	3858	500
2	3858	747
2	3859	211
2	3859	681
2	3859	836
2	3860	109
2	3860	509
2	3862	113
2	3862	471
2	3863	538
2	3864	77
2	3864	417
2	3865	136
2	3865	516
2	3865	751
2	3868	899
2	3869	44
2	3869	261
2	3869	324
2	3870	582
2	3870	786
2	3871	18
2	3871	662
2	3871	962
2	3872	97
2	3874	63
2	3877	389
2	3880	574
2	3880	750
2	3882	840
2	3883	400
2	3883	722
2	3883	780
2	3884	532
2	3886	241
2	3887	463
2	3890	359
2	3891	131
2	3891	277
2	3894	362
2	3897	72
2	3899	494
2	3900	279
2	3900	382
2	3901	476
2	3902	20
2	3902	832
2	3902	925
2	3903	380
2	3903	526
2	3903	666
2	3905	214
2	3905	570
2	3905	872
2	3907	33
2	3908	28
2	3908	332
2	3908	381
2	3908	704
2	3910	73
2	3911	242
2	3911	258
2	3912	305
2	3913	824
2	3914	60
2	3914	244
2	3914	426
2	3914	753
2	3915	608
2	3917	30
2	3918	66
2	3918	446
2	3918	591
2	3921	43
2	3925	165
2	3925	200
2	3925	936
2	3925	987
2	3926	547
2	3927	257
2	3927	727
2	3927	839
2	3928	737
2	3929	622
2	3930	744
2	3931	104
2	3931	397
2	3931	644
2	3932	166
2	3932	194
2	3932	402
2	3932	457
2	3933	429
2	3934	82
2	3934	927
2	3936	85
2	3936	497
2	3936	790
2	3937	403
2	3938	341
2	3938	521
2	3938	522
2	3938	779
2	3938	826
2	3938	917
2	3938	942
2	3939	315
2	3939	475
2	3940	58
2	3940	795
2	3941	422
2	3941	823
2	3942	488
2	3943	533
2	3944	145
2	3946	863
2	3948	419
2	3948	720
2	3951	228
2	3951	695
2	3952	718
2	3953	59
2	3953	238
2	3953	946
2	3954	366
2	3954	934
2	3956	301
2	3960	523
2	3962	266
2	3963	543
2	3963	764
2	3964	772
2	3966	827
2	3968	408
2	3968	698
2	3969	160
2	3969	245
2	3970	123
2	3971	544
2	3971	997
2	3973	567
2	3973	702
2	3974	213
2	3974	573
2	3978	6
2	3978	45
2	3978	443
2	3978	584
2	3978	706
2	3979	460
2	3979	799
2	3980	564
2	3981	157
2	3982	421
2	3983	844
2	3983	936
2	3984	208
2	3986	671
2	3986	742
2	3986	809
2	3987	87
2	3987	701
2	3988	774
2	3989	308
2	3989	943
2	3990	329
2	3991	705
2	3992	374
2	3994	105
2	3995	794
2	3995	802
2	3996	54
2	3996	741
2	3998	501
2	3999	304
2	4000	485
2	4000	577
2	4001	158
2	4004	399
2	4005	77
2	4006	708
2	4006	726
2	4006	921
2	4008	340
2	4009	141
2	4009	169
2	4009	542
2	4009	565
2	4010	53
2	4011	777
2	4011	915
2	4013	351
2	4014	46
2	4015	316
2	4016	183
2	4016	464
2	4016	888
2	4016	957
2	4017	300
2	4020	717
2	4020	732
2	4021	478
2	4022	205
2	4022	424
2	4022	582
2	4024	122
2	4026	80
2	4026	433
2	4026	500
2	4026	673
2	4029	968
2	4030	566
2	4030	633
2	4032	125
2	4032	204
2	4034	95
2	4034	241
2	4035	530
2	4036	180
2	4036	963
2	4037	137
2	4037	583
2	4038	255
2	4038	643
2	4038	672
2	4040	613
2	4040	740
2	4041	448
2	4041	804
2	4042	14
2	4042	446
2	4043	263
2	4044	114
2	4044	276
2	4045	159
2	4045	826
2	4046	868
2	4046	937
2	4047	51
2	4047	413
2	4048	334
2	4048	677
2	4052	231
2	4052	326
2	4052	612
2	4052	729
2	4053	15
2	4053	601
2	4053	761
2	4054	147
2	4054	681
2	4057	140
2	4057	289
2	4057	713
2	4058	641
2	4058	910
2	4060	96
2	4060	606
2	4061	172
2	4061	791
2	4062	126
2	4063	668
2	4064	984
2	4065	459
2	4066	472
2	4066	712
2	4067	450
2	4067	541
2	4068	875
2	4071	400
2	4071	540
2	4071	838
2	4071	965
2	4072	483
2	4073	89
2	4074	545
2	4074	771
2	4075	626
2	4075	653
2	4076	64
2	4076	128
2	4076	377
2	4077	188
2	4077	602
2	4078	129
2	4078	559
2	4078	979
2	4079	232
2	4080	418
2	4080	709
2	4081	662
2	4082	56
2	4082	283
2	4082	363
2	4083	25
2	4084	12
2	4085	311
2	4087	252
2	4088	656
2	4089	24
2	4089	598
2	4090	272
2	4090	281
2	4090	815
2	4091	394
2	4092	182
2	4092	516
2	4094	715
2	4094	755
2	4096	909
2	4098	471
2	4098	992
2	4099	345
2	4101	17
2	4101	47
2	4102	22
2	4102	256
2	4103	803
2	4104	714
2	4105	235
2	4105	724
2	4106	23
2	4109	603
2	4112	561
2	4112	739
2	4114	102
2	4115	33
2	4116	42
2	4117	646
2	4118	648
2	4118	736
2	4118	812
2	4119	201
2	4120	337
2	4120	387
2	4120	735
2	4121	624
2	4122	384
2	4123	111
2	4124	161
2	4124	824
2	4125	57
2	4125	680
2	4125	798
2	4126	389
2	4126	661
2	4128	167
2	4129	596
2	4129	642
2	4130	233
2	4130	752
2	4131	243
2	4131	710
2	4132	186
2	4134	157
2	4134	447
2	4134	877
2	4135	374
2	4135	945
2	4136	71
2	4136	107
2	4137	61
2	4137	310
2	4137	329
2	4138	423
2	4140	287
2	4140	563
2	4144	556
2	4145	85
2	4147	52
2	4147	647
2	4147	677
2	4147	768
2	4148	523
2	4148	667
2	4149	79
2	4150	503
2	4150	618
2	4152	257
2	4152	881
2	4153	195
2	4154	58
2	4155	250
2	4156	451
2	4156	568
2	4157	290
2	4157	465
2	4157	998
2	4158	132
2	4158	328
2	4158	343
2	4160	74
2	4161	411
2	4162	727
2	4164	170
2	4164	461
2	4165	625
2	4165	788
2	4166	92
2	4167	510
2	4167	796
2	4168	165
2	4168	198
2	4168	504
2	4169	308
2	4169	753
2	4170	629
2	4171	154
2	4172	759
2	4173	373
2	4173	744
2	4175	27
2	4177	507
2	4178	286
2	4178	748
2	4178	782
2	4179	309
2	4179	445
2	4179	845
2	4180	789
2	4182	51
2	4182	285
2	4182	458
2	4183	892
2	4184	44
2	4184	576
2	4186	300
2	4189	202
2	4189	777
2	4190	858
2	4191	750
2	4193	660
2	4195	13
2	4196	980
2	4198	698
2	4200	412
2	4200	802
2	4202	109
2	4202	381
2	4203	634
2	4203	644
2	4203	754
2	4204	26
2	4204	136
2	4204	204
2	4205	45
2	4205	106
2	4205	432
2	4207	295
2	4207	338
2	4207	778
2	4207	800
2	4208	482
2	4208	703
2	4208	887
2	4210	638
2	4211	236
2	4212	240
2	4212	747
2	4214	31
2	4214	891
2	4215	742
2	4216	378
2	4216	965
2	4218	385
2	4218	404
2	4218	537
2	4218	807
2	4218	823
2	4220	365
2	4220	456
2	4220	837
2	4224	223
2	4224	652
2	4225	176
2	4225	785
2	4226	41
2	4226	645
2	4227	880
2	4229	361
2	4229	779
2	4232	976
2	4233	783
2	4233	908
2	4235	394
2	4236	518
2	4236	548
2	4236	901
2	4237	28
2	4237	315
2	4239	431
2	4240	992
2	4241	189
2	4242	506
2	4242	757
2	4243	400
2	4244	486
2	4245	327
2	4245	593
2	4246	326
2	4246	866
2	4247	671
2	4247	756
2	4248	421
2	4248	636
2	4249	448
2	4250	614
2	4252	794
2	4253	117
2	4253	391
2	4254	34
2	4255	133
2	4256	116
2	4256	974
2	4257	525
2	4257	910
2	4260	487
2	4261	793
2	4261	913
2	4262	823
2	4263	193
2	4265	99
2	4266	894
2	4267	452
2	4267	822
2	4268	131
2	4269	878
2	4270	519
2	4271	428
2	4272	422
2	4272	715
2	4273	123
2	4273	159
2	4274	267
2	4276	228
2	4278	43
2	4278	215
2	4278	380
2	4280	205
2	4280	578
2	4281	651
2	4281	707
2	4281	767
2	4281	906
2	4282	824
2	4283	696
2	4284	396
2	4285	639
2	4286	330
2	4287	457
2	4287	545
2	4289	992
2	4290	787
2	4290	803
2	4291	716
2	4292	686
2	4293	650
2	4294	556
2	4296	352
2	4297	390
2	4298	73
2	4298	592
2	4301	82
2	4301	461
2	4301	936
2	4302	11
2	4302	732
2	4302	802
2	4303	101
2	4304	768
2	4304	951
2	4305	543
2	4306	5
2	4307	279
2	4307	664
2	4307	840
2	4308	194
2	4309	657
2	4310	540
2	4310	863
2	4312	32
2	4312	505
2	4314	271
2	4315	142
2	4315	317
2	4315	413
2	4316	1000
2	4317	654
2	4319	372
2	4320	7
2	4320	141
2	4322	23
2	4327	261
2	4328	63
2	4328	420
2	4328	553
2	4330	319
2	4330	640
2	4331	348
2	4332	125
2	4333	186
2	4333	357
2	4333	514
2	4336	384
2	4337	360
2	4338	188
2	4338	692
2	4338	935
2	4339	57
2	4340	603
2	4340	711
2	4340	849
2	4340	975
2	4341	599
2	4341	693
2	4342	996
2	4344	272
2	4344	551
2	4344	665
2	4345	520
2	4346	478
2	4346	581
2	4347	656
2	4347	739
2	4348	214
2	4348	450
2	4348	491
2	4349	708
2	4349	887
2	4350	815
2	4351	127
2	4351	143
2	4352	310
2	4352	515
2	4352	754
2	4352	999
2	4353	190
2	4357	120
2	4359	152
2	4359	350
2	4360	249
2	4361	158
2	4362	342
2	4363	175
2	4364	746
2	4364	852
2	4365	102
2	4365	414
2	4365	557
2	4366	512
2	4367	735
2	4368	591
2	4369	394
2	4369	425
2	4370	112
2	4371	237
2	4372	251
2	4372	907
2	4373	178
2	4373	415
2	4373	674
2	4374	867
2	4376	782
2	4379	157
2	4380	474
2	4380	855
2	4381	870
2	4383	273
2	4387	100
2	4387	560
2	4387	647
2	4388	153
2	4388	408
2	4390	86
2	4390	289
2	4391	47
2	4392	498
2	4393	675
2	4393	922
2	4394	669
2	4394	915
2	4395	986
2	4396	61
2	4396	250
2	4396	471
2	4396	600
2	4396	786
2	4398	480
2	4398	721
2	4399	338
2	4399	402
2	4400	508
2	4400	629
2	4401	301
2	4401	314
2	4401	812
2	4402	187
2	4402	727
2	4403	562
2	4404	549
2	4404	627
2	4405	240
2	4405	451
2	4405	796
2	4406	561
2	4406	971
2	4407	286
2	4407	343
2	4408	145
2	4408	631
2	4409	315
2	4413	105
2	4413	164
2	4413	828
2	4414	297
2	4415	228
2	4416	184
2	4416	275
2	4419	182
2	4420	718
2	4423	509
2	4423	809
2	4423	983
2	4425	705
2	4425	939
2	4426	925
2	4427	337
2	4427	506
2	4429	294
2	4430	162
2	4430	923
2	4431	670
2	4434	45
2	4434	458
2	4434	709
2	4435	376
2	4437	156
2	4438	363
2	4440	747
2	4441	150
2	4441	532
2	4441	926
2	4442	729
2	4444	565
2	4444	850
2	4446	282
2	4446	517
2	4447	37
2	4448	347
2	4448	876
2	4449	945
2	4451	285
2	4451	707
2	4452	524
2	4453	284
2	4453	596
2	4453	663
2	4454	477
2	4456	361
2	4457	259
2	4457	952
2	4458	367
2	4458	563
2	4459	840
2	4460	428
2	4461	490
2	4463	246
2	4463	696
2	4464	266
2	4465	149
2	4465	242
2	4465	244
2	4465	858
2	4466	535
2	4467	82
2	4469	773
2	4470	325
2	4470	433
2	4470	692
2	4471	169
2	4474	287
2	4475	31
2	4476	730
2	4476	757
2	4476	873
2	4477	792
2	4478	83
2	4478	213
2	4478	824
2	4478	911
2	4479	916
2	4479	957
2	4480	231
2	4480	308
2	4481	114
2	4481	332
2	4481	364
2	4481	683
2	4483	455
2	4483	664
2	4484	298
2	4486	388
2	4487	57
2	4487	584
2	4488	310
2	4489	283
2	4490	365
2	4490	385
2	4490	867
2	4491	483
2	4491	887
2	4492	140
2	4492	475
2	4495	737
2	4495	927
2	4496	442
2	4496	550
2	4497	5
2	4497	269
2	4498	221
2	4500	270
2	4504	884
2	4505	6
2	4505	146
2	4506	533
2	4507	566
2	4507	580
2	4507	628
2	4507	731
2	4514	177
2	4517	870
2	4518	174
2	4518	261
2	4519	489
2	4520	138
2	4521	590
2	4522	167
2	4522	568
2	4522	778
2	4523	438
2	4524	652
2	4525	634
2	4525	795
2	4526	127
2	4527	665
2	4528	304
2	4528	395
2	4528	491
2	4528	612
2	4529	21
2	4530	166
2	4530	574
2	4531	632
2	4532	706
2	4532	736
2	4533	497
2	4534	468
2	4534	844
2	4535	417
2	4535	420
2	4536	625
2	4537	677
2	4538	719
2	4538	732
2	4539	95
2	4540	128
2	4540	199
2	4540	660
2	4540	672
2	4541	105
2	4541	391
2	4542	70
2	4542	249
2	4543	274
2	4544	109
2	4544	330
2	4544	740
2	4545	414
2	4546	126
2	4546	236
2	4547	18
2	4547	644
2	4547	751
2	4547	832
2	4548	305
2	4548	802
2	4548	888
2	4549	681
2	4549	764
2	4550	168
2	4550	354
2	4550	355
2	4551	272
2	4551	322
2	4551	357
2	4551	577
2	4552	25
2	4552	598
2	4553	176
2	4554	693
2	4555	791
2	4555	921
2	4556	522
2	4558	372
2	4558	787
2	4559	327
2	4559	407
2	4560	765
2	4562	454
2	4563	798
2	4565	24
2	4565	286
2	4565	415
2	4566	318
2	4566	547
2	4567	227
2	4567	276
2	4568	342
2	4568	378
2	4569	873
2	4570	113
2	4570	469
2	4570	918
2	4571	181
2	4572	239
2	4572	245
2	4572	982
2	4573	671
2	4573	691
2	4573	728
2	4574	377
2	4576	526
2	4577	35
2	4578	431
2	4578	782
2	4579	362
2	4581	210
2	4581	981
2	4583	451
2	4583	605
2	4586	495
2	4587	467
2	4588	7
2	4589	33
2	4589	857
2	4589	980
2	4590	101
2	4593	100
2	4594	152
2	4596	711
2	4598	743
2	4600	676
2	4600	889
2	4601	564
2	4603	651
2	4605	122
2	4605	575
2	4606	187
2	4606	290
2	4606	492
2	4608	356
2	4608	829
2	4610	537
2	4610	714
2	4613	623
2	4614	696
2	4614	720
2	4615	607
2	4615	708
2	4616	505
2	4617	636
2	4617	983
2	4618	133
2	4618	709
2	4619	543
2	4620	192
2	4620	472
2	4621	449
2	4622	386
2	4623	359
2	4623	442
2	4623	673
2	4624	853
2	4625	143
2	4625	860
2	4626	26
2	4626	333
2	4626	403
2	4627	60
2	4629	190
2	4629	335
2	4630	428
2	4630	499
2	4630	565
2	4630	588
2	4631	129
2	4632	108
2	4633	334
2	4634	197
2	4635	498
2	4638	161
2	4638	383
2	4638	913
2	4639	444
2	4640	656
2	4640	756
2	4641	439
2	4642	72
2	4642	933
2	4643	260
2	4643	463
2	4643	897
2	4645	560
2	4646	619
2	4646	960
2	4648	488
2	4648	821
2	4649	799
2	4650	662
2	4650	717
2	4652	358
2	4654	747
2	4655	20
2	4660	820
2	4660	831
2	4661	62
2	4661	196
2	4662	744
2	4663	464
2	4666	246
2	4667	309
2	4667	612
2	4670	79
2	4671	833
2	4671	965
2	4674	371
2	4674	486
2	4674	490
2	4674	878
2	4675	806
2	4676	527
2	4677	119
2	4678	27
2	4679	460
2	4680	829
2	4682	305
2	4684	902
2	4688	32
2	4690	354
2	4690	404
2	4692	279
2	4692	341
2	4694	304
2	4694	841
2	4697	539
2	4698	170
2	4699	473
2	4699	514
2	4700	524
2	4701	141
2	4701	287
2	4701	939
2	4703	400
2	4704	448
2	4705	118
2	4705	622
2	4705	699
2	4706	55
2	4706	700
2	4707	672
2	4708	353
2	4708	706
2	4709	106
2	4709	548
2	4710	42
2	4712	483
2	4712	552
2	4713	151
2	4714	130
2	4714	453
2	4714	504
2	4714	767
2	4716	523
2	4717	277
2	4717	515
2	4718	310
2	4719	5
2	4719	178
2	4719	680
2	4720	266
2	4721	168
2	4721	735
2	4722	658
2	4722	727
2	4722	867
2	4723	12
2	4723	293
2	4723	996
2	4724	11
2	4724	670
2	4724	813
2	4725	214
2	4726	648
2	4728	135
2	4729	505
2	4729	792
2	4729	903
2	4729	961
2	4730	183
2	4730	688
2	4730	770
2	4730	994
2	4731	948
2	4731	995
2	4733	573
2	4733	674
2	4736	762
2	4737	321
2	4737	532
2	4737	541
2	4739	431
2	4740	584
2	4740	968
2	4741	291
2	4741	435
2	4741	869
2	4742	15
2	4744	421
2	4744	538
2	4745	84
2	4745	542
2	4745	657
2	4746	965
2	4747	16
2	4747	632
2	4747	718
2	4748	583
2	4748	624
2	4750	425
2	4751	117
2	4751	229
2	4751	719
2	4752	200
2	4752	345
2	4753	441
2	4753	594
2	4754	631
2	4754	633
2	4754	646
2	4755	621
2	4756	665
2	4758	308
2	4758	636
2	4759	744
2	4760	415
2	4760	500
2	4760	748
2	4761	244
2	4761	306
2	4761	529
2	4761	943
2	4762	684
2	4762	725
2	4764	356
2	4764	501
2	4765	546
2	4767	580
2	4767	805
2	4768	1
2	4768	217
2	4768	477
2	4768	614
2	4770	75
2	4770	511
2	4773	233
2	4773	506
2	4773	765
2	4773	846
2	4775	269
2	4775	411
2	4776	29
2	4776	193
2	4776	219
2	4776	479
2	4779	206
2	4780	90
2	4780	686
2	4781	147
2	4782	152
2	4782	738
2	4783	245
2	4783	363
2	4783	470
2	4784	313
2	4784	809
2	4785	973
2	4786	58
2	4786	759
2	4788	817
2	4788	825
2	4789	158
2	4789	572
2	4789	835
2	4790	438
2	4792	947
2	4792	974
2	4793	14
2	4793	689
2	4793	746
2	4795	81
2	4796	599
2	4797	937
2	4798	545
2	4799	196
2	4799	376
2	4799	416
2	4799	602
2	4800	391
2	4801	49
2	4802	85
2	4802	774
2	4803	629
2	4806	25
2	4806	215
2	4807	371
2	4808	122
2	4808	319
2	4809	327
2	4809	555
2	4809	953
2	4810	755
2	4811	255
2	4811	455
2	4811	513
2	4812	375
2	4812	521
2	4813	528
2	4814	561
2	4815	216
2	4817	419
2	4818	143
2	4818	322
2	4818	537
2	4818	703
2	4819	257
2	4819	571
2	4820	288
2	4821	18
2	4821	38
2	4822	148
2	4822	697
2	4823	652
2	4824	210
2	4824	607
2	4825	709
2	4826	423
2	4826	605
2	4827	606
2	4828	585
2	4828	831
2	4830	811
2	4830	967
2	4831	113
2	4831	650
2	4832	226
2	4832	534
2	4833	63
2	4833	222
2	4833	475
2	4834	508
2	4834	844
2	4835	7
2	4835	579
2	4836	917
2	4838	111
2	4838	469
2	4839	62
2	4839	172
2	4839	550
2	4840	103
2	4841	698
2	4844	120
2	4844	647
2	4845	461
2	4846	109
2	4846	309
2	4847	320
2	4847	695
2	4847	760
2	4848	563
2	4848	905
2	4849	882
2	4850	701
2	4851	164
2	4851	410
2	4852	286
2	4854	893
2	4859	284
2	4860	600
2	4860	620
2	4861	39
2	4861	295
2	4864	430
2	4866	248
2	4866	271
2	4866	985
2	4868	140
2	4868	804
2	4868	825
2	4869	777
2	4869	787
2	4870	33
2	4870	798
2	4870	811
2	4871	51
2	4871	450
2	4875	102
2	4875	408
2	4875	544
2	4875	751
2	4876	3
2	4877	796
2	4879	649
2	4881	259
2	4883	270
2	4883	388
2	4883	625
2	4883	633
2	4885	156
2	4885	448
2	4886	335
2	4886	403
2	4887	394
2	4887	578
2	4890	559
2	4891	720
2	4892	223
2	4892	247
2	4893	151
2	4893	221
2	4893	360
2	4893	986
2	4894	638
2	4895	675
2	4896	213
2	4896	480
2	4897	351
2	4897	757
2	4897	772
2	4898	119
2	4898	330
2	4899	404
2	4899	813
2	4902	2
2	4902	160
2	4903	281
2	4904	153
2	4904	251
2	4904	799
2	4908	775
2	4909	253
2	4912	343
2	4912	369
2	4913	628
2	4914	393
2	4914	583
2	4916	705
2	4917	632
2	4917	820
2	4920	315
2	4920	401
2	4921	795
2	4924	344
2	4924	564
2	4925	737
2	4926	530
2	4929	4
2	4929	165
2	4931	508
2	4933	872
2	4934	75
2	4935	588
2	4936	175
2	4936	651
2	4936	721
2	4937	24
2	4937	490
2	4937	515
2	4939	236
2	4939	800
2	4942	195
2	4943	380
2	4944	945
2	4947	679
2	4949	869
2	4950	804
2	4951	196
2	4951	421
2	4952	105
2	4953	278
2	4955	589
2	4956	237
2	4956	254
2	4956	392
2	4958	94
2	4959	50
2	4959	407
2	4959	763
2	4959	778
2	4960	412
2	4961	267
2	4961	439
2	4961	886
2	4962	830
2	4964	548
2	4965	58
2	4965	341
2	4965	463
2	4965	531
2	4966	784
2	4969	935
2	4971	823
2	4972	634
2	4975	201
2	4976	981
2	4978	266
2	4979	383
2	4979	473
2	4982	621
2	4982	622
2	4983	337
2	4983	499
2	4985	566
2	4985	727
2	4986	189
2	4986	219
2	4987	565
2	4987	860
2	4989	192
2	4989	297
2	4990	100
2	4990	838
2	4991	199
2	4991	822
2	4994	342
2	4994	708
2	4994	765
2	4994	913
2	4995	205
2	4996	244
2	4996	711
2	4999	79
2	5000	103
