2	-1	0
2	1	578
2	1	601
2	2	438
2	2	812
2	3	97
2	4	98
2	4	237
2	4	815
2	6	906
2	7	437
2	7	794
2	9	903
2	10	777
2	13	176
2	13	992
2	14	382
2	15	520
2	15	531
2	15	712
2	16	494
2	17	365
2	17	605
2	18	18
2	18	257
2	18	769
2	19	424
2	20	327
2	20	343
2	20	452
2	21	179
2	22	20
2	22	37
2	22	603
2	23	273
2	23	627
2	24	149
2	24	482
2	24	575
2	25	406
2	26	156
2	26	742
2	27	363
2	29	89
2	29	197
2	30	969
2	31	448
2	31	685
2	35	982
2	36	122
2	36	636
2	39	707
2	40	350
2	40	387
2	44	13
2	46	624
2	47	40
2	48	159
2	48	529
2	49	125
2	49	203
2	49	694
2	49	785
2	50	392
2	51	780
2	52	11
2	52	19
2	52	263
2	52	968
2	53	229
2	54	304
2	54	402
2	54	465
2	54	541
2	56	261
2	58	693
2	60	965
2	61	843
2	61	922
2	62	276
2	63	544
2	64	121
2	64	294
2	64	341
2	64	748
2	69	977
2	70	111
2	70	388
2	70	823
2	71	189
2	71	247
2	75	499
2	76	396
2	78	682
2	78	896
2	80	758
2	82	109
2	82	419
2	83	58
2	84	270
2	85	370
2	86	740
2	87	594
2	87	880
2	88	348
2	88	592
2	88	670
2	89	275
2	89	761
2	90	221
2	92	39
2	92	602
2	94	710
2	94	813
2	95	143
2	96	554
2	97	99
2	97	652
2	99	248
2	99	280
2	99	560
2	100	349
2	100	576
2	101	571
2	102	882
2	103	509
2	105	379
2	109	433
2	111	729
2	111	922
2	112	556
2	114	401
2	115	426
2	116	324
2	116	629
2	118	187
2	118	746
2	119	76
2	119	83
2	119	378
2	119	716
2	120	557
2	120	626
2	122	515
2	122	630
2	123	79
2	124	330
2	124	590
2	124	814
2	125	228
2	125	316
2	126	222
2	127	942
2	127	966
2	128	207
2	128	372
2	129	255
2	130	329
2	131	74
2	131	453
2	131	475
2	131	905
2	131	959
2	132	513
2	133	338
2	133	678
2	135	598
2	135	871
2	136	78
2	137	409
2	139	135
2	139	837
2	140	530
2	143	788
2	143	982
2	144	673
2	144	840
2	145	797
2	146	715
2	149	123
2	152	318
2	152	398
2	154	502
2	155	851
2	157	62
2	157	559
2	161	50
2	162	86
2	162	147
2	163	53
2	163	485
2	166	563
2	168	216
2	169	572
2	170	427
2	171	527
2	172	662
2	172	818
2	173	92
2	175	708
2	176	669
2	177	201
2	177	314
2	177	504
2	177	776
2	177	995
2	178	655
2	178	764
2	178	926
2	179	367
2	181	174
2	181	461
2	182	271
2	183	40
2	184	118
2	184	442
2	185	173
2	185	326
2	186	508
2	188	24
2	188	799
2	189	37
2	189	317
2	190	722
2	190	858
2	191	518
2	192	336
2	192	383
2	192	621
2	193	512
2	195	790
2	196	46
2	196	399
2	196	534
2	199	971
2	201	288
2	201	614
2	201	665
2	201	801
2	201	970
2	202	291
2	202	834
2	203	460
2	204	821
2	207	601
2	208	292
2	209	357
2	210	278
2	210	604
2	210	699
2	211	39
2	211	551
2	212	675
2	212	727
2	213	506
2	213	521
2	213	752
2	214	362
2	215	712
2	215	911
2	216	212
2	219	567
2	219	634
2	220	171
2	220	191
2	221	607
2	222	268
2	222	936
2	224	224
2	224	279
2	224	930
2	225	190
2	225	483
2	227	38
2	227	531
2	228	202
2	233	117
2	233	327
2	233	400
2	234	385
2	235	755
2	236	569
2	237	284
2	237	352
2	237	718
2	238	452
2	238	999
2	239	514
2	239	620
2	239	769
2	240	104
2	241	89
2	241	375
2	241	746
2	242	609
2	243	253
2	243	723
2	244	248
2	244	711
2	245	115
2	245	177
2	245	303
2	245	896
2	247	345
2	248	54
2	248	236
2	249	363
2	249	789
2	250	195
2	250	465
2	250	472
2	250	696
2	251	416
2	252	128
2	252	606
2	252	676
2	253	646
2	256	670
2	258	64
2	258	432
2	259	360
2	259	557
2	259	561
2	260	44
2	262	17
2	264	156
2	264	217
2	264	234
2	264	537
2	266	543
2	266	577
2	267	369
2	269	293
2	269	391
2	272	386
2	272	897
2	274	661
2	276	127
2	277	743
2	279	126
2	279	582
2	279	876
2	280	921
2	281	879
2	281	926
2	282	599
2	282	736
2	283	41
2	283	562
2	283	906
2	288	240
2	288	794
2	289	254
2	291	301
2	291	481
2	291	641
2	292	466
2	292	981
2	293	353
2	293	500
2	293	639
2	294	114
2	294	750
2	294	771
2	294	894
2	297	7
2	297	215
2	297	274
2	297	339
2	298	850
2	299	573
2	299	908
2	300	382
2	301	28
2	302	615
2	303	159
2	303	366
2	303	535
2	304	229
2	304	916
2	305	446
2	306	505
2	308	96
2	308	662
2	309	574
2	311	280
2	313	447
2	314	932
2	315	101
2	315	143
2	315	297
2	315	513
2	316	925
2	317	495
2	318	392
2	320	529
2	323	30
2	323	406
2	324	196
2	324	775
2	325	313
2	325	390
2	325	414
2	325	552
2	326	547
2	326	550
2	327	412
2	328	524
2	329	61
2	329	413
2	331	849
2	332	276
2	332	777
2	332	838
2	333	113
2	333	298
2	333	674
2	337	510
2	337	541
2	337	707
2	338	118
2	338	792
2	340	137
2	340	972
2	341	497
2	341	893
2	342	651
2	346	612
2	346	618
2	347	299
2	350	223
2	350	598
2	351	181
2	351	826
2	352	34
2	352	170
2	353	860
2	354	342
2	355	318
2	355	629
2	355	664
2	356	457
2	356	788
2	357	110
2	357	167
2	357	449
2	359	521
2	359	554
2	360	225
2	360	564
2	361	168
2	361	925
2	362	56
2	362	191
2	362	701
2	363	98
2	363	983
2	365	720
2	365	855
2	365	927
2	366	419
2	366	729
2	367	197
2	370	81
2	370	754
2	370	756
2	371	526
2	371	719
2	371	897
2	372	232
2	372	242
2	372	443
2	373	22
2	373	250
2	374	204
2	374	209
2	374	296
2	374	387
2	375	68
2	376	262
2	377	42
2	378	433
2	378	995
2	379	20
2	379	211
2	379	713
2	379	725
2	379	832
2	380	519
2	381	326
2	381	488
2	382	350
2	382	933
2	383	324
2	383	937
2	384	477
2	384	586
2	385	544
2	387	501
2	388	542
2	388	882
2	391	533
2	393	66
2	393	417
2	394	187
2	394	642
2	394	899
2	396	896
2	398	886
2	401	471
2	401	570
2	404	52
2	405	845
2	408	843
2	414	581
2	416	36
2	416	94
2	418	264
2	418	875
2	419	425
2	419	669
2	420	195
2	420	201
2	422	189
2	422	934
2	423	483
2	423	728
2	424	632
2	424	688
2	425	954
2	427	393
2	428	706
2	430	203
2	434	53
2	435	593
2	436	219
2	436	686
2	437	216
2	438	233
2	438	259
2	438	748
2	440	91
2	440	780
2	442	260
2	442	356
2	442	440
2	443	136
2	443	193
2	443	846
2	445	708
2	448	198
2	448	321
2	451	292
2	451	711
2	452	527
2	452	607
2	452	765
2	452	989
2	453	384
2	454	839
2	455	84
2	458	741
2	459	313
2	459	936
2	460	178
2	460	885
2	461	373
2	461	700
2	462	842
2	463	328
2	463	479
2	463	596
2	463	826
2	463	985
2	464	222
2	464	540
2	464	574
2	464	992
2	466	539
2	466	641
2	467	930
2	469	218
2	469	290
2	470	714
2	472	665
2	473	644
2	474	506
2	475	447
2	476	153
2	476	502
2	479	459
2	480	31
2	480	450
2	480	585
2	481	274
2	481	680
2	481	684
2	483	63
2	483	157
2	483	548
2	484	490
2	485	330
2	486	858
2	487	704
2	487	788
2	487	932
2	488	5
2	488	503
2	488	969
2	489	79
2	489	418
2	490	776
2	491	65
2	492	990
2	493	853
2	493	996
2	494	87
2	494	590
2	494	873
2	495	355
2	495	753
2	497	24
2	497	107
2	497	659
2	497	794
2	498	129
2	498	901
2	499	891
2	500	256
2	500	559
2	500	712
2	501	903
2	501	987
2	502	93
2	503	230
2	503	363
2	503	742
2	503	781
2	504	787
2	506	378
2	506	571
2	507	343
2	507	411
2	507	833
2	507	871
2	508	537
2	508	870
2	509	560
2	509	683
2	511	457
2	513	338
2	513	626
2	514	245
2	514	304
2	515	100
2	516	266
2	516	374
2	518	17
2	518	658
2	518	791
2	519	6
2	519	814
2	521	386
2	521	493
2	521	619
2	523	188
2	524	267
2	524	464
2	524	630
2	525	511
2	525	578
2	526	74
2	526	275
2	526	948
2	528	570
2	530	273
2	530	834
2	531	347
2	531	867
2	532	81
2	532	509
2	532	835
2	533	358
2	534	489
2	535	461
2	536	80
2	537	254
2	537	372
2	538	97
2	539	767
2	539	976
2	541	605
2	542	185
2	543	302
2	543	900
2	544	705
2	545	329
2	545	599
2	545	994
2	546	2
2	546	396
2	549	309
2	551	68
2	551	377
2	551	909
2	552	462
2	552	738
2	553	92
2	553	237
2	553	766
2	555	486
2	555	648
2	556	64
2	556	173
2	556	176
2	556	431
2	557	215
2	557	240
2	557	621
2	558	66
2	558	165
2	559	601
2	559	743
2	559	777
2	559	967
2	560	561
2	561	736
2	561	915
2	562	797
2	563	20
2	564	466
2	564	724
2	566	11
2	567	139
2	567	584
2	568	141
2	568	520
2	568	882
2	571	443
2	571	937
2	575	473
2	576	565
2	578	969
2	579	220
2	580	34
2	580	94
2	580	350
2	583	317
2	583	760
2	585	225
2	585	926
2	587	528
2	588	210
2	588	519
2	588	910
2	590	228
2	590	429
2	590	512
2	590	627
2	592	639
2	594	618
2	595	96
2	596	607
2	597	615
2	598	10
2	600	77
2	600	144
2	600	367
2	602	725
2	603	73
2	603	410
2	603	484
2	603	826
2	604	503
2	604	796
2	605	653
2	605	749
2	606	568
2	607	262
2	608	189
2	608	375
2	608	924
2	609	134
2	609	371
2	609	553
2	609	848
2	610	800
2	612	531
2	613	491
2	613	876
2	614	991
2	615	879
2	617	72
2	617	244
2	617	322
2	617	505
2	617	892
2	618	896
2	620	481
2	620	831
2	623	576
2	624	56
2	624	272
2	625	310
2	627	608
2	629	700
2	630	30
2	630	268
2	630	292
2	630	676
2	631	912
2	632	248
2	632	261
2	632	455
2	632	659
2	632	692
2	633	271
2	633	960
2	636	149
2	636	202
2	636	506
2	637	715
2	638	422
2	638	969
2	639	48
2	639	191
2	639	495
2	639	895
2	640	963
2	641	544
2	641	954
2	642	122
2	642	941
2	643	735
2	643	779
2	644	380
2	644	482
2	645	641
2	645	921
2	647	566
2	648	339
2	651	4
2	651	118
2	651	837
2	652	563
2	654	315
2	654	345
2	655	18
2	656	651
2	656	688
2	657	430
2	657	581
2	657	802
2	658	523
2	660	781
2	661	115
2	661	369
2	663	930
2	664	769
2	665	382
2	665	462
2	666	348
2	666	424
2	667	478
2	667	710
2	668	58
2	669	407
2	669	525
2	671	71
2	672	594
2	672	731
2	673	214
2	673	333
2	674	789
2	675	95
2	675	993
2	677	359
2	678	5
2	678	236
2	678	770
2	679	515
2	679	708
2	680	334
2	681	643
2	682	79
2	682	235
2	683	587
2	683	686
2	684	238
2	685	140
2	686	655
2	686	798
2	686	944
2	687	113
2	687	147
2	689	494
2	690	233
2	690	499
2	691	507
2	691	524
2	691	550
2	692	404
2	693	50
2	693	68
2	693	664
2	694	331
2	695	161
2	695	504
2	695	946
2	695	1000
2	696	126
2	696	748
2	697	1
2	698	119
2	699	869
2	700	67
2	700	277
2	700	489
2	702	917
2	703	614
2	704	222
2	704	954
2	704	990
2	706	75
2	707	677
2	708	729
2	709	124
2	709	356
2	709	558
2	709	977
2	710	70
2	711	400
2	712	200
2	713	572
2	713	761
2	714	626
2	715	269
2	716	160
2	718	590
2	718	640
2	721	76
2	723	755
2	723	841
2	724	387
2	724	480
2	725	151
2	727	578
2	728	51
2	728	232
2	728	595
2	729	137
2	729	546
2	732	764
2	733	65
2	734	337
2	734	425
2	735	886
2	736	326
2	736	439
2	737	405
2	738	169
2	738	698
2	739	744
2	740	89
2	740	197
2	740	417
2	740	734
2	741	174
2	741	902
2	742	459
2	742	991
2	743	192
2	743	628
2	744	379
2	744	469
2	744	667
2	744	816
2	746	617
2	747	275
2	748	198
2	748	437
2	748	441
2	750	554
2	752	230
2	753	527
2	754	360
2	756	207
2	756	239
2	756	318
2	756	571
2	758	529
2	760	588
2	760	636
2	760	747
2	760	901
2	761	245
2	762	6
2	763	74
2	763	340
2	764	506
2	765	36
2	765	782
2	766	894
2	768	8
2	768	144
2	768	167
2	768	213
2	768	291
2	768	607
2	768	826
2	768	951
2	769	171
2	769	632
2	770	202
2	770	941
2	772	123
2	773	624
2	773	830
2	774	42
2	774	82
2	774	210
2	774	332
2	774	703
2	774	942
2	775	153
2	775	193
2	776	78
2	777	461
2	777	706
2	778	35
2	778	164
2	778	511
2	779	102
2	780	234
2	780	673
2	781	86
2	781	879
2	783	635
2	784	158
2	785	4
2	785	346
2	786	508
2	786	790
2	788	209
2	788	223
2	788	390
2	789	53
2	789	296
2	789	536
2	790	190
2	790	391
2	792	226
2	792	622
2	792	892
2	794	473
2	794	487
2	794	726
2	795	14
2	795	452
2	796	479
2	796	668
2	796	806
2	797	182
2	797	206
2	799	358
2	799	620
2	800	26
2	800	493
2	801	518
2	802	639
2	802	901
2	803	637
2	805	173
2	805	565
2	808	785
2	809	278
2	810	973
2	811	40
2	811	420
2	813	366
2	817	265
2	817	377
2	818	839
2	819	497
2	820	831
2	820	850
2	821	106
2	822	542
2	823	418
2	826	72
2	828	728
2	829	184
2	829	185
2	829	373
2	832	157
2	832	717
2	833	1000
2	835	618
2	836	410
2	836	946
2	839	23
2	839	532
2	840	186
2	840	219
2	840	841
2	841	19
2	843	725
2	844	253
2	844	776
2	845	724
2	846	52
2	846	240
2	847	310
2	847	505
2	848	96
2	849	465
2	850	161
2	850	306
2	850	555
2	851	114
2	852	257
2	852	688
2	852	758
2	853	414
2	854	97
2	854	520
2	854	775
2	855	85
2	855	428
2	855	638
2	855	928
2	856	394
2	857	749
2	858	589
2	858	937
2	860	501
2	860	573
2	860	662
2	860	879
2	861	584
2	862	875
2	863	15
2	863	228
2	863	370
2	863	476
2	863	530
2	865	59
2	867	719
2	868	721
2	869	746
2	870	225
2	871	24
2	871	288
2	871	561
2	872	242
2	873	755
2	874	156
2	874	203
2	875	780
2	875	913
2	876	289
2	876	957
2	879	325
2	880	302
2	880	540
2	880	995
2	882	32
2	882	318
2	883	468
2	884	199
2	886	393
2	886	678
2	887	327
2	888	909
2	889	180
2	891	5
2	892	244
2	892	699
2	894	820
2	896	58
2	896	149
2	900	797
2	901	467
2	901	490
2	901	850
2	902	233
2	903	69
2	904	408
2	906	313
2	906	608
2	908	6
2	909	117
2	910	656
2	910	707
2	911	871
2	912	162
2	912	503
2	912	815
2	914	357
2	914	763
2	914	963
2	915	124
2	917	110
2	917	772
2	919	2
2	919	585
2	919	605
2	919	649
2	920	14
2	921	229
2	922	348
2	922	583
2	924	153
2	924	712
2	926	191
2	926	761
2	927	27
2	927	820
2	928	142
2	931	341
2	931	419
2	931	610
2	932	115
2	933	197
2	935	874
2	936	98
2	936	368
2	937	264
2	937	401
2	937	522
2	937	955
2	940	181
2	940	563
2	941	164
2	942	488
2	942	729
2	943	412
2	944	611
2	947	74
2	947	319
2	947	825
2	948	271
2	948	747
2	949	826
2	950	336
2	950	629
2	952	356
2	953	383
2	955	250
2	957	158
2	957	349
2	957	777
2	959	903
2	961	135
2	962	670
2	966	694
2	968	66
2	968	332
2	968	691
2	970	267
2	971	33
2	971	380
2	971	406
2	972	78
2	973	299
2	973	301
2	973	753
2	976	912
2	977	43
2	979	163
2	979	825
2	980	173
2	982	940
2	983	192
2	983	312
2	983	559
2	983	571
2	985	545
2	987	798
2	989	154
2	989	335
2	991	41
2	991	693
2	992	800
2	993	528
2	993	642
2	994	442
2	995	394
2	996	77
2	996	269
2	998	3
2	999	189
2	999	500
2	999	664
2	1001	65
2	1001	322
2	1002	134
2	1002	432
2	1004	345
2	1005	176
2	1006	469
2	1007	231
2	1008	793
2	1009	958
2	1010	155
2	1011	254
2	1011	342
2	1012	934
2	1014	673
2	1015	861
2	1016	781
2	1017	166
2	1017	587
2	1018	824
2	1019	561
2	1019	639
2	1019	732
2	1020	275
2	1020	653
2	1020	754
2	1020	830
2	1021	521
2	1021	997
2	1022	307
2	1023	657
2	1024	87
2	1024	177
2	1024	292
2	1024	293
2	1024	891
2	1025	94
2	1025	150
2	1027	272
2	1027	396
2	1027	472
2	1028	819
2	1028	928
2	1029	683
2	1030	568
2	1030	831
2	1031	600
2	1033	384
2	1033	900
2	1034	371
2	1035	498
2	1035	507
2	1036	8
2	1036	749
2	1037	128
2	1040	306
2	1041	983
2	1042	67
2	1043	364
2	1043	489
2	1043	736
2	1045	223
2	1045	407
2	1045	895
2	1046	81
2	1046	435
2	1047	320
2	1047	518
2	1047	717
2	1047	906
2	1049	513
2	1049	680
2	1050	720
2	1051	361
2	1051	780
2	1052	346
2	1053	290
2	1054	53
2	1054	462
2	1055	324
2	1056	80
2	1056	710
2	1058	422
2	1059	16
2	1059	711
2	1060	411
2	1060	447
2	1060	790
2	1061	26
2	1062	907
2	1063	126
2	1064	774
2	1065	282
2	1066	530
2	1066	782
2	1066	791
2	1066	950
2	1070	724
2	1071	517
2	1072	113
2	1072	211
2	1074	467
2	1076	537
2	1077	418
2	1079	502
2	1079	538
2	1081	34
2	1081	586
2	1083	298
2	1084	242
2	1084	532
2	1085	737
2	1085	816
2	1085	858
2	1086	767
2	1087	452
2	1090	183
2	1090	479
2	1090	678
2	1090	863
2	1091	726
2	1092	541
2	1093	986
2	1094	288
2	1095	742
2	1095	945
2	1096	79
2	1096	315
2	1096	490
2	1096	665
2	1096	799
2	1097	40
2	1097	206
2	1097	453
2	1097	836
2	1100	281
2	1100	668
2	1100	884
2	1101	398
2	1101	477
2	1102	543
2	1102	984
2	1103	534
2	1104	619
2	1105	7
2	1105	141
2	1105	201
2	1105	353
2	1105	769
2	1107	788
2	1108	17
2	1108	218
2	1109	286
2	1110	377
2	1111	843
2	1112	510
2	1112	771
2	1112	924
2	1113	343
2	1114	496
2	1115	905
2	1116	85
2	1116	529
2	1117	88
2	1117	660
2	1118	560
2	1119	648
2	1120	350
2	1120	714
2	1121	258
2	1122	259
2	1122	677
2	1123	243
2	1123	546
2	1124	360
2	1124	386
2	1127	207
2	1128	765
2	1129	144
2	1129	526
2	1129	731
2	1130	416
2	1130	493
2	1131	358
2	1132	523
2	1132	608
2	1133	647
2	1134	544
2	1135	179
2	1136	423
2	1136	551
2	1137	297
2	1137	583
2	1137	803
2	1137	853
2	1138	833
2	1139	302
2	1139	598
2	1140	326
2	1140	464
2	1140	972
2	1142	709
2	1143	577
2	1143	838
2	1146	836
2	1147	54
2	1147	689
2	1147	755
2	1149	120
2	1150	270
2	1151	142
2	1153	413
2	1153	935
2	1155	104
2	1155	111
2	1155	473
2	1155	627
2	1156	545
2	1156	744
2	1156	777
2	1157	236
2	1157	727
2	1159	65
2	1161	62
2	1162	57
2	1162	123
2	1164	436
2	1165	200
2	1166	101
2	1167	319
2	1168	594
2	1168	686
2	1168	706
2	1169	119
2	1169	879
2	1169	937
2	1171	224
2	1175	152
2	1175	975
2	1176	166
2	1176	451
2	1177	657
2	1179	656
2	1181	373
2	1182	991
2	1184	125
2	1184	870
2	1185	8
2	1186	135
2	1186	330
2	1186	639
2	1186	661
2	1186	927
2	1188	310
2	1191	923
2	1192	670
2	1195	651
2	1196	46
2	1196	613
2	1197	95
2	1198	411
2	1199	204
2	1200	308
2	1201	276
2	1202	861
2	1203	42
2	1203	826
2	1204	584
2	1205	641
2	1206	214
2	1206	440
2	1206	569
2	1206	989
2	1208	750
2	1209	190
2	1209	257
2	1210	240
2	1210	405
2	1211	127
2	1211	250
2	1213	620
2	1214	519
2	1215	317
2	1215	646
2	1217	33
2	1217	855
2	1218	241
2	1220	298
2	1220	803
2	1221	915
2	1223	299
2	1223	610
2	1224	68
2	1224	102
2	1224	531
2	1226	14
2	1226	430
2	1227	778
2	1229	285
2	1230	73
2	1232	359
2	1232	635
2	1232	991
2	1233	840
2	1234	20
2	1234	195
2	1234	365
2	1234	738
2	1235	19
2	1235	644
2	1235	788
2	1235	987
2	1236	79
2	1236	541
2	1237	578
2	1237	933
2	1238	126
2	1239	11
2	1239	694
2	1241	396
2	1241	751
2	1242	72
2	1243	264
2	1243	479
2	1243	618
2	1243	753
2	1244	602
2	1244	733
2	1245	316
2	1246	581
2	1247	538
2	1247	698
2	1248	312
2	1248	371
2	1249	178
2	1249	314
2	1250	625
2	1251	524
2	1252	77
2	1252	554
2	1253	255
2	1253	469
2	1253	718
2	1254	419
2	1254	421
2	1255	956
2	1256	163
2	1259	305
2	1259	696
2	1259	774
2	1260	82
2	1260	183
2	1260	829
2	1260	975
2	1261	749
2	1261	912
2	1262	103
2	1262	191
2	1262	258
2	1263	99
2	1263	695
2	1264	220
2	1265	963
2	1266	47
2	1266	666
2	1267	614
2	1268	279
2	1269	242
2	1270	76
2	1270	176
2	1270	460
2	1271	595
2	1273	456
2	1275	378
2	1275	608
2	1278	227
2	1278	502
2	1279	6
2	1280	196
2	1280	575
2	1280	723
2	1281	25
2	1281	799
2	1282	71
2	1283	729
2	1284	573
2	1285	18
2	1285	565
2	1286	254
2	1286	342
2	1288	417
2	1288	931
2	1289	587
2	1290	87
2	1290	675
2	1291	447
2	1292	333
2	1293	755
2	1294	309
2	1297	63
2	1298	288
2	1298	481
2	1298	588
2	1299	480
2	1300	92
2	1300	744
2	1301	486
2	1301	713
2	1302	390
2	1302	866
2	1303	708
2	1304	536
2	1305	109
2	1306	387
2	1306	401
2	1306	601
2	1306	607
2	1308	215
2	1308	438
2	1308	894
2	1309	529
2	1309	916
2	1310	483
2	1313	21
2	1313	161
2	1313	463
2	1313	630
2	1314	649
2	1314	945
2	1315	576
2	1316	78
2	1316	606
2	1316	684
2	1318	13
2	1318	643
2	1318	884
2	1319	358
2	1319	556
2	1319	633
2	1319	964
2	1320	355
2	1320	617
2	1320	791
2	1322	192
2	1322	704
2	1322	949
2	1323	57
2	1323	113
2	1323	133
2	1323	301
2	1324	516
2	1324	592
2	1325	81
2	1325	366
2	1325	586
2	1326	506
2	1327	85
2	1327	321
2	1327	720
2	1327	784
2	1327	940
2	1328	616
2	1328	621
2	1329	357
2	1329	451
2	1329	584
2	1330	388
2	1330	734
2	1331	106
2	1332	574
2	1334	89
2	1334	275
2	1335	210
2	1336	136
2	1336	362
2	1336	665
2	1337	233
2	1337	523
2	1338	139
2	1339	553
2	1339	579
2	1339	623
2	1340	418
2	1340	688
2	1340	717
2	1341	346
2	1343	168
2	1344	171
2	1344	367
2	1344	399
2	1345	662
2	1346	274
2	1348	648
2	1352	122
2	1355	34
2	1355	631
2	1355	938
2	1356	632
2	1356	816
2	1357	118
2	1359	144
2	1359	182
2	1359	533
2	1360	642
2	1360	822
2	1365	885
2	1366	543
2	1366	851
2	1366	955
2	1366	984
2	1367	267
2	1367	435
2	1367	979
2	1369	412
2	1369	445
2	1369	610
2	1372	691
2	1372	813
2	1375	347
2	1377	158
2	1377	397
2	1378	67
2	1379	252
2	1380	273
2	1382	475
2	1383	443
2	1383	611
2	1385	101
2	1385	831
2	1386	130
2	1386	359
2	1387	123
2	1387	686
2	1388	157
2	1389	402
2	1391	353
2	1391	585
2	1393	340
2	1395	46
2	1395	732
2	1395	963
2	1396	420
2	1396	891
2	1397	426
2	1398	40
2	1398	117
2	1398	291
2	1399	926
2	1401	504
2	1401	595
2	1401	694
2	1402	369
2	1403	12
2	1403	39
2	1403	459
2	1404	413
2	1404	730
2	1404	919
2	1407	468
2	1408	515
2	1410	62
2	1412	581
2	1414	179
2	1414	433
2	1414	762
2	1416	625
2	1418	254
2	1419	166
2	1421	242
2	1422	345
2	1423	539
2	1424	609
2	1424	907
2	1425	149
2	1426	221
2	1426	494
2	1427	591
2	1428	55
2	1428	560
2	1429	728
2	1430	896
2	1432	658
2	1434	969
2	1435	363
2	1435	474
2	1437	528
2	1437	776
2	1438	306
2	1439	530
2	1440	135
2	1442	612
2	1443	450
2	1444	546
2	1445	545
2	1446	332
2	1447	618
2	1448	188
2	1448	226
2	1448	673
2	1448	725
2	1450	354
2	1451	492
2	1452	93
2	1452	237
2	1452	489
2	1452	828
2	1453	534
2	1453	676
2	1453	812
2	1454	50
2	1454	428
2	1454	898
2	1455	151
2	1455	323
2	1455	702
2	1455	984
2	1456	170
2	1456	579
2	1456	827
2	1457	258
2	1460	668
2	1460	933
2	1461	140
2	1461	379
2	1462	147
2	1462	690
2	1462	897
2	1464	473
2	1464	652
2	1465	329
2	1466	791
2	1467	561
2	1467	562
2	1467	899
2	1468	446
2	1469	458
2	1471	185
2	1474	294
2	1474	314
2	1476	349
2	1476	386
2	1476	626
2	1477	964
2	1478	570
2	1478	806
2	1478	819
2	1479	301
2	1479	689
2	1480	250
2	1481	231
2	1481	499
2	1481	523
2	1481	767
2	1481	777
2	1482	701
2	1483	68
2	1483	259
2	1483	703
2	1484	209
2	1485	664
2	1486	66
2	1488	422
2	1488	804
2	1489	548
2	1489	649
2	1490	7
2	1490	87
2	1491	241
2	1491	486
2	1491	667
2	1493	711
2	1494	90
2	1494	154
2	1494	884
2	1497	131
2	1497	500
2	1498	133
2	1499	643
2	1500	502
2	1501	575
2	1503	22
2	1503	277
2	1503	442
2	1504	102
2	1504	384
2	1504	992
2	1511	315
2	1511	380
2	1511	705
2	1512	751
2	1514	636
2	1515	507
2	1516	203
2	1516	340
2	1516	740
2	1517	88
2	1518	286
2	1518	867
2	1520	594
2	1522	672
2	1524	34
2	1524	176
2	1524	608
2	1525	837
2	1526	103
2	1526	177
2	1526	547
2	1526	956
2	1527	129
2	1530	252
2	1531	480
2	1531	760
2	1532	322
2	1532	577
2	1533	137
2	1533	280
2	1534	19
2	1534	639
2	1535	95
2	1536	423
2	1537	351
2	1538	634
2	1540	96
2	1540	742
2	1542	681
2	1542	708
2	1543	411
2	1543	712
2	1545	269
2	1545	573
2	1546	153
2	1546	835
2	1546	865
2	1547	312
2	1547	629
2	1548	532
2	1548	721
2	1550	389
2	1551	160
2	1553	30
2	1553	464
2	1553	613
2	1554	418
2	1554	901
2	1555	300
2	1555	440
2	1556	72
2	1557	220
2	1557	451
2	1558	92
2	1558	456
2	1559	54
2	1559	800
2	1560	306
2	1560	364
2	1561	724
2	1562	224
2	1562	834
2	1562	994
2	1563	311
2	1565	503
2	1567	10
2	1567	919
2	1568	8
2	1568	941
2	1571	868
2	1572	726
2	1573	829
2	1576	361
2	1576	896
2	1577	115
2	1578	843
2	1580	875
2	1581	432
2	1584	37
2	1585	3
2	1585	227
2	1585	498
2	1586	628
2	1586	797
2	1588	278
2	1589	808
2	1590	18
2	1590	145
2	1591	453
2	1592	864
2	1592	914
2	1593	813
2	1594	35
2	1594	765
2	1597	11
2	1598	692
2	1599	124
2	1600	41
2	1600	201
2	1600	235
2	1600	429
2	1600	745
2	1602	75
2	1603	650
2	1604	494
2	1605	969
2	1606	551
2	1607	28
2	1610	971
2	1611	138
2	1611	208
2	1611	400
2	1612	348
2	1612	707
2	1613	488
2	1613	758
2	1614	298
2	1615	525
2	1615	603
2	1615	930
2	1616	678
2	1618	144
2	1618	455
2	1619	727
2	1621	938
2	1622	26
2	1622	483
2	1623	586
2	1626	21
2	1627	710
2	1627	749
2	1628	590
2	1629	638
2	1629	964
2	1630	137
2	1630	535
2	1631	192
2	1632	89
2	1632	243
2	1632	772
2	1634	438
2	1634	661
2	1635	497
2	1636	206
2	1636	417
2	1636	893
2	1637	955
2	1638	117
2	1638	526
2	1638	696
2	1640	101
2	1640	246
2	1641	421
2	1641	625
2	1642	513
2	1643	289
2	1643	595
2	1644	827
2	1645	935
2	1646	536
2	1647	65
2	1647	676
2	1648	664
2	1648	950
2	1650	36
2	1650	112
2	1650	324
2	1650	989
2	1651	936
2	1652	767
2	1656	156
2	1656	251
2	1656	512
2	1656	572
2	1659	292
2	1659	325
2	1659	484
2	1660	271
2	1662	108
2	1664	426
2	1667	252
2	1667	539
2	1668	29
2	1669	111
2	1669	176
2	1669	350
2	1669	370
2	1672	870
2	1673	351
2	1674	305
2	1674	372
2	1675	490
2	1677	954
2	1679	225
2	1681	104
2	1683	77
2	1684	63
2	1684	67
2	1684	562
2	1684	611
2	1685	80
2	1686	700
2	1686	835
2	1686	848
2	1688	341
2	1689	276
2	1691	654
2	1691	690
2	1691	890
2	1691	942
2	1692	8
2	1692	672
2	1692	682
2	1693	865
2	1694	170
2	1697	90
2	1697	256
2	1698	769
2	1700	210
2	1702	178
2	1702	557
2	1704	756
2	1705	508
2	1706	118
2	1707	314
2	1708	673
2	1711	824
2	1712	665
2	1714	647
2	1715	411
2	1717	836
2	1720	703
2	1720	972
2	1721	734
2	1721	740
2	1721	790
2	1722	139
2	1722	141
2	1722	807
2	1724	309
2	1724	491
2	1725	125
2	1725	670
2	1725	825
2	1726	255
2	1727	896
2	1729	86
2	1729	288
2	1729	358
2	1730	476
2	1731	279
2	1731	384
2	1731	721
2	1732	267
2	1733	667
2	1733	935
2	1735	155
2	1735	752
2	1738	54
2	1738	241
2	1739	356
2	1739	789
2	1740	16
2	1741	354
2	1742	181
2	1742	764
2	1743	733
2	1743	947
2	1744	375
2	1744	382
2	1744	738
2	1744	742
2	1745	334
2	1745	357
2	1746	224
2	1746	785
2	1746	866
2	1747	330
2	1748	328
2	1748	457
2	1749	759
2	1749	780
2	1750	158
2	1751	565
2	1753	193
2	1753	589
2	1753	653
2	1754	60
2	1754	522
2	1755	91
2	1755	521
2	1756	619
2	1757	239
2	1757	244
2	1758	523
2	1758	656
2	1759	856
2	1759	882
2	1760	542
2	1761	598
2	1761	728
2	1761	792
2	1762	456
2	1762	474
2	1762	773
2	1763	130
2	1763	202
2	1764	528
2	1765	114
2	1765	197
2	1766	220
2	1767	541
2	1768	238
2	1769	592
2	1769	848
2	1771	119
2	1771	168
2	1771	560
2	1771	650
2	1773	369
2	1773	436
2	1773	506
2	1774	126
2	1774	396
2	1775	348
2	1775	621
2	1777	352
2	1778	626
2	1779	111
2	1779	577
2	1779	726
2	1779	754
2	1779	818
2	1780	711
2	1783	289
2	1785	755
2	1788	376
2	1789	546
2	1790	892
2	1792	466
2	1793	530
2	1795	294
2	1797	445
2	1797	881
2	1798	268
2	1799	493
2	1800	844
2	1801	180
2	1802	215
2	1802	767
2	1803	416
2	1803	478
2	1803	570
2	1804	147
2	1804	265
2	1804	614
2	1804	699
2	1804	788
2	1804	889
2	1805	447
2	1806	361
2	1806	427
2	1806	683
2	1806	779
2	1807	596
2	1807	648
2	1808	587
2	1811	100
2	1811	610
2	1811	996
2	1812	434
2	1812	821
2	1814	505
2	1814	564
2	1815	485
2	1815	585
2	1815	778
2	1816	409
2	1816	477
2	1816	714
2	1818	516
2	1820	108
2	1820	209
2	1823	401
2	1824	723
2	1828	329
2	1830	504
2	1830	525
2	1830	921
2	1830	940
2	1831	145
2	1834	336
2	1834	984
2	1836	115
2	1836	651
2	1836	696
2	1837	634
2	1837	853
2	1838	236
2	1838	254
2	1842	32
2	1844	524
2	1845	679
2	1845	750
2	1846	20
2	1846	386
2	1847	237
2	1850	463
2	1850	529
2	1851	167
2	1851	974
2	1852	893
2	1853	78
2	1854	172
2	1854	269
2	1855	121
2	1856	581
2	1856	862
2	1858	364
2	1859	435
2	1861	391
2	1862	106
2	1862	365
2	1863	482
2	1865	860
2	1866	21
2	1867	140
2	1870	221
2	1870	325
2	1871	37
2	1871	716
2	1873	519
2	1873	550
2	1877	561
2	1878	797
2	1879	872
2	1880	789
2	1882	879
2	1883	223
2	1884	438
2	1884	450
2	1890	75
2	1890	753
2	1890	836
2	1891	580
2	1892	775
2	1893	939
2	1894	451
2	1895	262
2	1895	636
2	1895	816
2	1895	876
2	1896	405
2	1897	278
2	1897	398
2	1898	341
2	1898	486
2	1900	207
2	1901	371
2	1901	729
2	1902	534
2	1903	86
2	1904	389
2	1904	978
2	1905	27
2	1905	194
2	1906	359
2	1906	383
2	1906	431
2	1906	628
2	1906	761
2	1908	470
2	1909	517
2	1909	600
2	1909	692
2	1910	251
2	1910	282
2	1911	88
2	1911	388
2	1911	408
2	1911	423
2	1912	765
2	1913	372
2	1915	240
2	1915	259
2	1916	363
2	1916	395
2	1917	225
2	1917	432
2	1917	798
2	1917	799
2	1918	377
2	1919	122
2	1919	566
2	1920	92
2	1920	291
2	1920	708
2	1920	815
2	1922	557
2	1923	774
2	1924	507
2	1925	370
2	1925	428
2	1926	35
2	1926	152
2	1926	168
2	1926	426
2	1927	686
2	1927	752
2	1928	87
2	1928	337
2	1928	627
2	1929	402
2	1929	802
2	1930	43
2	1930	369
2	1930	820
2	1931	287
2	1931	420
2	1931	773
2	1932	267
2	1933	105
2	1933	941
2	1934	442
2	1934	722
2	1935	999
2	1936	384
2	1936	444
2	1936	594
2	1937	340
2	1939	656
2	1939	659
2	1940	621
2	1941	604
2	1941	897
2	1941	989
2	1942	211
2	1943	766
2	1945	667
2	1946	306
2	1946	587
2	1947	606
2	1947	644
2	1947	654
2	1948	4
2	1948	453
2	1949	852
2	1951	69
2	1952	571
2	1953	361
2	1954	239
2	1955	348
2	1955	591
2	1956	64
2	1956	159
2	1956	219
2	1956	553
2	1959	611
2	1960	3
2	1960	77
2	1961	217
2	1961	762
2	1961	848
2	1962	509
2	1963	83
2	1963	192
2	1963	965
2	1964	178
2	1964	355
2	1964	454
2	1965	280
2	1965	290
2	1965	322
2	1965	410
2	1965	857
2	1966	62
2	1967	198
2	1969	459
2	1971	919
2	1971	967
2	1972	224
2	1972	975
2	1974	234
2	1974	813
2	1974	907
2	1975	527
2	1978	613
2	1982	56
2	1982	489
2	1983	222
2	1984	17
2	1985	206
2	1985	230
2	1986	709
2	1987	91
2	1988	676
2	1989	273
2	1990	116
2	1991	275
2	1992	494
2	1992	618
2	1992	755
2	1995	113
2	1995	250
2	1996	10
2	1997	314
2	2000	51
2	2000	632
2	2001	520
2	2002	647
2	2003	58
2	2003	108
2	2004	121
2	2006	226
2	2007	154
2	2007	374
2	2008	195
2	2008	598
2	2010	193
2	2010	356
2	2010	456
2	2011	511
2	2011	657
2	2012	19
2	2012	475
2	2012	802
2	2014	71
2	2014	328
2	2014	637
2	2015	712
2	2015	879
2	2017	220
2	2017	326
2	2017	923
2	2017	945
2	2018	352
2	2019	484
2	2019	586
2	2019	685
2	2020	55
2	2020	671
2	2021	495
2	2021	701
2	2022	129
2	2023	24
2	2023	261
2	2024	490
2	2025	738
2	2025	964
2	2026	638
2	2027	180
2	2027	189
2	2029	268
2	2029	499
2	2029	968
2	2030	173
2	2030	429
2	2031	119
2	2031	568
2	2031	629
2	2032	551
2	2032	724
2	2033	40
2	2036	123
2	2037	472
2	2038	496
2	2038	840
2	2039	52
2	2039	471
2	2039	539
2	2039	597
2	2041	702
2	2043	642
2	2045	728
2	2047	84
2	2047	231
2	2047	253
2	2048	807
2	2049	458
2	2049	545
2	2052	646
2	2052	799
2	2053	136
2	2054	652
2	2056	112
2	2059	259
2	2059	485
2	2062	235
2	2062	450
2	2062	615
2	2063	285
2	2063	469
2	2064	655
2	2065	510
2	2066	536
2	2066	607
2	2067	281
2	2068	104
2	2068	160
2	2069	200
2	2069	221
2	2069	661
2	2069	668
2	2069	885
2	2070	332
2	2072	576
2	2073	124
2	2073	294
2	2075	372
2	2076	950
2	2077	351
2	2078	197
2	2078	973
2	2079	20
2	2079	531
2	2080	393
2	2080	603
2	2081	744
2	2083	449
2	2084	562
2	2085	357
2	2088	408
2	2088	710
2	2089	419
2	2089	538
2	2091	165
2	2092	209
2	2092	430
2	2092	706
2	2094	358
2	2094	546
2	2095	267
2	2095	363
2	2095	818
2	2098	354
2	2098	975
2	2100	283
2	2100	802
2	2100	836
2	2101	842
2	2102	335
2	2102	786
2	2102	850
2	2103	379
2	2104	228
2	2104	244
2	2106	85
2	2108	822
2	2108	882
2	2109	218
2	2109	222
2	2110	367
2	2111	790
2	2111	921
2	2112	990
2	2114	687
2	2115	547
2	2116	247
2	2116	556
2	2118	378
2	2118	577
2	2118	591
2	2119	910
2	2121	670
2	2121	750
2	2121	766
2	2122	97
2	2123	29
2	2123	30
2	2123	565
2	2123	729
2	2124	36
2	2126	501
2	2127	727
2	2128	338
2	2128	593
2	2128	963
2	2129	258
2	2130	100
2	2131	42
2	2131	334
2	2132	764
2	2133	271
2	2133	380
2	2133	645
2	2135	621
2	2136	153
2	2136	401
2	2137	492
2	2138	241
2	2142	519
2	2144	204
2	2144	768
2	2145	37
2	2145	721
2	2145	953
2	2149	767
2	2150	349
2	2151	340
2	2153	784
2	2154	708
2	2154	852
2	2155	116
2	2156	634
2	2156	803
2	2157	167
2	2157	365
2	2160	125
2	2160	613
2	2160	751
2	2160	985
2	2162	361
2	2163	734
2	2165	15
2	2166	314
2	2168	120
2	2169	935
2	2170	265
2	2171	962
2	2172	901
2	2173	691
2	2174	550
2	2175	429
2	2176	269
2	2176	482
2	2176	793
2	2177	257
2	2179	318
2	2179	816
2	2181	754
2	2181	877
2	2182	524
2	2182	643
2	2185	453
2	2186	248
2	2186	907
2	2187	390
2	2189	868
2	2190	461
2	2191	168
2	2191	970
2	2192	33
2	2192	188
2	2192	282
2	2192	376
2	2194	170
2	2195	50
2	2195	808
2	2196	392
2	2196	815
2	2198	486
2	2198	867
2	2200	797
2	2202	136
2	2202	743
2	2202	890
2	2204	383
2	2205	416
2	2205	732
2	2205	760
2	2206	254
2	2206	410
2	2209	637
2	2210	161
2	2210	354
2	2210	399
2	2211	674
2	2212	146
2	2212	235
2	2212	317
2	2212	433
2	2213	980
2	2213	998
2	2214	174
2	2215	56
2	2215	312
2	2215	427
2	2216	194
2	2218	465
2	2219	596
2	2219	675
2	2219	788
2	2220	330
2	2221	126
2	2222	820
2	2223	101
2	2223	926
2	2224	628
2	2224	682
2	2228	960
2	2230	237
2	2230	598
2	2231	109
2	2231	619
2	2232	466
2	2232	796
2	2232	902
2	2233	629
2	2234	142
2	2234	147
2	2235	92
2	2235	220
2	2235	387
2	2236	319
2	2237	373
2	2238	249
2	2239	854
2	2240	135
2	2241	372
2	2241	659
2	2242	32
2	2242	442
2	2242	730
2	2246	430
2	2247	321
2	2247	421
2	2247	490
2	2247	866
2	2248	229
2	2249	119
2	2250	211
2	2251	34
2	2252	293
2	2252	358
2	2252	495
2	2252	717
2	2253	417
2	2254	622
2	2255	184
2	2255	673
2	2255	988
2	2256	234
2	2256	953
2	2258	1
2	2258	386
2	2258	500
2	2259	841
2	2261	106
2	2261	273
2	2261	279
2	2261	301
2	2261	537
2	2262	589
2	2263	441
2	2263	445
2	2263	576
2	2264	322
2	2264	744
2	2264	790
2	2268	604
2	2269	692
2	2269	700
2	2270	105
2	2270	595
2	2271	180
2	2272	474
2	2272	557
2	2273	542
2	2273	611
2	2274	329
2	2275	525
2	2275	742
2	2275	973
2	2276	304
2	2276	366
2	2276	938
2	2277	587
2	2277	684
2	2278	396
2	2278	731
2	2279	356
2	2279	378
2	2280	95
2	2280	219
2	2280	439
2	2280	512
2	2280	775
2	2282	240
2	2282	591
2	2284	393
2	2284	578
2	2285	649
2	2287	367
2	2287	769
2	2288	676
2	2288	855
2	2289	458
2	2289	544
2	2289	668
2	2289	711
2	2289	795
2	2291	102
2	2291	472
2	2291	745
2	2291	791
2	2292	289
2	2292	705
2	2293	415
2	2293	424
2	2294	824
2	2295	36
2	2295	57
2	2295	483
2	2295	609
2	2297	78
2	2297	655
2	2297	658
2	2299	534
2	2299	707
2	2302	200
2	2302	422
2	2303	440
2	2303	509
2	2304	299
2	2305	642
2	2305	944
2	2306	800
2	2307	325
2	2311	58
2	2312	506
2	2313	307
2	2315	492
2	2316	502
2	2318	759
2	2319	212
2	2319	298
2	2319	526
2	2320	849
2	2321	127
2	2322	5
2	2322	530
2	2322	631
2	2323	67
2	2326	232
2	2327	309
2	2327	963
2	2328	73
2	2328	464
2	2329	511
2	2330	489
2	2331	41
2	2331	379
2	2331	954
2	2332	100
2	2332	244
2	2332	342
2	2333	371
2	2333	443
2	2333	699
2	2333	715
2	2334	783
2	2335	236
2	2335	756
2	2337	720
2	2338	260
2	2338	617
2	2339	771
2	2340	515
2	2341	522
2	2342	264
2	2342	450
2	2343	296
2	2344	571
2	2344	874
2	2345	644
2	2345	805
2	2349	108
2	2349	337
2	2349	418
2	2349	620
2	2349	623
2	2351	540
2	2352	202
2	2357	431
2	2358	420
2	2359	35
2	2360	529
2	2361	573
2	2362	189
2	2363	504
2	2363	897
2	2368	121
2	2368	712
2	2369	360
2	2370	104
2	2370	190
2	2370	453
2	2372	680
2	2373	74
2	2373	770
2	2374	694
2	2374	741
2	2374	789
2	2375	163
2	2375	562
2	2375	566
2	2376	639
2	2378	519
2	2379	197
2	2382	286
2	2383	394
2	2384	81
2	2384	229
2	2385	257
2	2387	895
2	2388	347
2	2388	555
2	2389	315
2	2390	747
2	2392	362
2	2394	261
2	2396	321
2	2397	267
2	2397	879
2	2397	970
2	2398	302
2	2398	486
2	2398	601
2	2400	8
2	2400	405
2	2402	516
2	2405	411
2	2405	630
2	2405	827
2	2406	103
2	2407	226
2	2407	495
2	2408	692
2	2409	452
2	2410	300
2	2410	677
2	2410	894
2	2410	950
2	2411	624
2	2413	543
2	2414	824
2	2415	498
2	2416	217
2	2416	258
2	2416	613
2	2417	147
2	2417	188
2	2417	482
2	2417	924
2	2419	327
2	2419	823
2	2420	222
2	2423	581
2	2424	343
2	2424	633
2	2424	693
2	2425	528
2	2426	592
2	2427	729
2	2428	52
2	2429	636
2	2430	766
2	2431	426
2	2431	432
2	2431	552
2	2431	563
2	2432	859
2	2434	255
2	2435	123
2	2435	151
2	2436	128
2	2436	799
2	2437	510
2	2438	111
2	2438	265
2	2438	468
2	2439	547
2	2440	815
2	2441	389
2	2445	134
2	2445	984
2	2446	356
2	2446	535
2	2446	622
2	2446	935
2	2449	148
2	2449	206
2	2449	436
2	2450	238
2	2450	313
2	2451	220
2	2451	524
2	2451	551
2	2452	215
2	2452	609
2	2452	679
2	2452	990
2	2455	372
2	2455	951
2	2456	137
2	2456	868
2	2457	345
2	2457	653
2	2458	195
2	2458	759
2	2460	831
2	2462	106
2	2463	353
2	2464	463
2	2465	753
2	2466	642
2	2467	62
2	2467	92
2	2468	439
2	2469	39
2	2469	180
2	2470	112
2	2470	136
2	2472	393
2	2472	531
2	2472	987
2	2473	402
2	2473	560
2	2474	167
2	2475	42
2	2475	329
2	2476	27
2	2476	32
2	2476	192
2	2477	948
2	2478	50
2	2478	650
2	2479	139
2	2479	896
2	2480	777
2	2481	969
2	2482	392
2	2482	530
2	2482	571
2	2483	326
2	2483	872
2	2484	216
2	2484	586
2	2485	413
2	2485	461
2	2485	864
2	2486	420
2	2487	68
2	2487	942
2	2492	539
2	2493	629
2	2494	201
2	2494	783
2	2494	910
2	2495	373
2	2496	366
2	2499	494
2	2499	541
2	2500	924
2	2501	72
2	2502	806
2	2502	954
2	2503	723
2	2504	170
2	2505	501
2	2506	662
2	2507	38
2	2507	476
2	2508	414
2	2509	282
2	2510	200
2	2510	664
2	2511	425
2	2512	246
2	2512	802
2	2512	847
2	2513	93
2	2513	673
2	2514	561
2	2514	754
2	2514	978
2	2515	489
2	2516	386
2	2519	277
2	2519	861
2	2521	497
2	2523	270
2	2524	1
2	2524	504
2	2524	911
2	2525	24
2	2525	579
2	2527	227
2	2527	846
2	2528	169
2	2530	2
2	2530	144
2	2530	587
2	2531	23
2	2531	999
2	2533	981
2	2538	458
2	2539	831
2	2540	651
2	2540	983
2	2541	166
2	2543	781
2	2544	681
2	2544	771
2	2544	778
2	2544	882
2	2544	900
2	2545	511
2	2546	87
2	2547	464
2	2550	427
2	2551	952
2	2552	936
2	2553	64
2	2553	205
2	2553	880
2	2553	903
2	2554	273
2	2555	224
2	2557	126
2	2558	749
2	2558	992
2	2559	736
2	2560	596
2	2562	135
2	2562	361
2	2564	105
2	2568	388
2	2568	507
2	2569	16
2	2571	250
2	2571	969
2	2573	56
2	2575	130
2	2576	122
2	2577	152
2	2578	697
2	2579	755
2	2581	76
2	2582	61
2	2583	659
2	2584	371
2	2584	647
2	2585	120
2	2585	229
2	2586	614
2	2587	6
2	2588	616
2	2590	290
2	2591	132
2	2591	715
2	2592	188
2	2592	204
2	2593	69
2	2593	987
2	2594	101
2	2595	41
2	2595	179
2	2595	776
2	2597	63
2	2598	423
2	2598	604
2	2598	947
2	2598	986
2	2599	410
2	2600	582
2	2601	962
2	2602	398
2	2602	411
2	2603	306
2	2604	275
2	2604	453
2	2605	709
2	2606	837
2	2607	12
2	2607	600
2	2609	239
2	2609	372
2	2609	524
2	2609	666
2	2609	841
2	2610	33
2	2610	368
2	2610	382
2	2613	565
2	2617	456
2	2618	92
2	2618	369
2	2618	705
2	2619	470
2	2620	221
2	2621	390
2	2621	641
2	2622	975
2	2623	856
2	2625	567
2	2626	468
2	2626	968
2	2627	370
2	2627	786
2	2628	146
2	2633	328
2	2633	597
2	2633	867
2	2634	588
2	2635	54
2	2635	315
2	2635	357
2	2635	417
2	2636	564
2	2637	831
2	2638	534
2	2638	674
2	2639	299
2	2639	986
2	2640	391
2	2641	981
2	2642	207
2	2642	360
2	2642	675
2	2643	161
2	2643	261
2	2643	276
2	2643	363
2	2643	406
2	2643	621
2	2644	100
2	2645	654
2	2646	77
2	2646	287
2	2646	629
2	2647	877
2	2649	552
2	2651	735
2	2651	987
2	2652	327
2	2653	374
2	2653	947
2	2655	180
2	2655	787
2	2656	842
2	2657	73
2	2657	134
2	2657	513
2	2658	461
2	2659	97
2	2659	218
2	2659	291
2	2660	856
2	2661	544
2	2662	490
2	2662	499
2	2663	177
2	2664	396
2	2665	280
2	2666	431
2	2666	711
2	2667	635
2	2667	710
2	2668	279
2	2668	345
2	2668	598
2	2668	831
2	2669	231
2	2670	66
2	2670	684
2	2670	764
2	2672	266
2	2673	156
2	2675	800
2	2676	393
2	2677	84
2	2679	248
2	2681	486
2	2684	473
2	2684	745
2	2686	849
2	2686	939
2	2687	168
2	2687	409
2	2687	661
2	2692	932
2	2694	509
2	2695	451
2	2698	376
2	2698	648
2	2698	895
2	2699	577
2	2700	866
2	2701	435
2	2701	698
2	2701	721
2	2703	137
2	2703	184
2	2703	775
2	2703	933
2	2705	256
2	2705	506
2	2706	267
2	2706	359
2	2707	387
2	2707	530
2	2708	273
2	2710	998
2	2712	26
2	2712	309
2	2713	31
2	2713	691
2	2715	68
2	2715	108
2	2715	777
2	2716	190
2	2716	295
2	2716	682
2	2716	740
2	2717	128
2	2719	426
2	2719	896
2	2719	961
2	2720	670
2	2722	350
2	2722	700
2	2723	272
2	2723	407
2	2723	774
2	2724	568
2	2729	514
2	2730	222
2	2730	257
2	2730	974
2	2731	695
2	2732	103
2	2733	883
2	2735	365
2	2735	607
2	2735	620
2	2736	554
2	2740	91
2	2740	852
2	2741	147
2	2741	223
2	2743	865
2	2745	158
2	2745	766
2	2746	323
2	2746	585
2	2747	58
2	2747	62
2	2749	601
2	2751	193
2	2751	482
2	2752	305
2	2753	104
2	2754	646
2	2755	230
2	2756	83
2	2756	241
2	2756	984
2	2758	251
2	2758	786
2	2758	966
2	2759	501
2	2760	28
2	2762	212
2	2762	680
2	2762	687
2	2763	558
2	2763	592
2	2763	806
2	2763	924
2	2764	505
2	2765	152
2	2766	589
2	2767	494
2	2768	668
2	2770	262
2	2770	487
2	2770	732
2	2770	741
2	2770	761
2	2772	432
2	2773	145
2	2773	349
2	2774	246
2	2776	686
2	2777	50
2	2778	335
2	2778	628
2	2779	76
2	2779	191
2	2779	244
2	2779	934
2	2780	170
2	2780	371
2	2781	779
2	2782	69
2	2785	141
2	2785	717
2	2785	725
2	2786	219
2	2786	673
2	2788	135
2	2788	353
2	2789	18
2	2789	449
2	2789	534
2	2790	477
2	2792	824
2	2793	53
2	2793	358
2	2794	485
2	2795	127
2	2795	313
2	2795	796
2	2796	188
2	2797	483
2	2799	87
2	2799	488
2	2800	292
2	2801	400
2	2801	805
2	2802	472
2	2802	543
2	2803	735
2	2806	95
2	2809	676
2	2810	569
2	2813	716
2	2813	948
2	2814	225
2	2817	611
2	2817	654
2	2822	131
2	2823	48
2	2824	150
2	2824	480
2	2825	105
2	2826	962
2	2827	675
2	2827	702
2	2831	259
2	2831	385
2	2831	977
2	2832	231
2	2833	720
2	2834	218
2	2834	455
2	2834	625
2	2834	773
2	2836	182
2	2837	294
2	2837	952
2	2838	348
2	2839	177
2	2839	825
2	2840	192
2	2840	916
2	2841	161
2	2841	418
2	2841	533
2	2841	726
2	2842	746
2	2843	383
2	2844	844
2	2845	374
2	2845	964
2	2847	72
2	2848	46
2	2851	391
2	2851	718
2	2851	749
2	2853	338
2	2853	913
2	2855	421
2	2855	632
2	2856	542
2	2856	798
2	2857	86
2	2858	82
2	2858	781
2	2859	78
2	2859	293
2	2860	100
2	2860	422
2	2860	859
2	2860	901
2	2861	541
2	2863	194
2	2864	780
2	2865	898
2	2866	778
2	2867	233
2	2867	978
2	2869	315
2	2870	204
2	2870	545
2	2870	599
2	2871	119
2	2871	159
2	2873	163
2	2873	283
2	2874	627
2	2875	237
2	2876	238
2	2876	640
2	2878	649
2	2879	900
2	2880	356
2	2881	277
2	2881	354
2	2882	299
2	2884	697
2	2884	708
2	2884	721
2	2886	742
2	2887	235
2	2887	428
2	2889	153
2	2889	223
2	2889	260
2	2889	375
2	2889	667
2	2891	583
2	2891	782
2	2892	129
2	2892	412
2	2894	206
2	2895	308
2	2897	460
2	2898	288
2	2898	398
2	2898	492
2	2898	935
2	2899	226
2	2900	445
2	2900	529
2	2901	393
2	2901	759
2	2902	574
2	2902	674
2	2905	410
2	2905	789
2	2906	713
2	2907	317
2	2907	917
2	2908	404
2	2908	593
2	2911	819
2	2911	928
2	2912	758
2	2915	102
2	2915	207
2	2916	499
2	2918	894
2	2919	733
2	2919	892
2	2920	160
2	2920	585
2	2922	712
2	2926	425
2	2926	671
2	2928	424
2	2929	605
2	2930	997
2	2931	67
2	2932	651
2	2932	920
2	2933	577
2	2933	724
2	2934	511
2	2934	924
2	2935	734
2	2937	501
2	2938	83
2	2938	173
2	2938	268
2	2941	510
2	2942	643
2	2942	700
2	2943	37
2	2943	341
2	2943	797
2	2944	234
2	2944	495
2	2944	714
2	2945	111
2	2946	301
2	2946	326
2	2947	213
2	2948	340
2	2948	578
2	2950	370
2	2950	387
2	2950	595
2	2951	570
2	2951	590
2	2952	51
2	2953	146
2	2953	179
2	2953	620
2	2954	186
2	2955	79
2	2955	549
2	2956	350
2	2956	615
2	2958	219
2	2958	474
2	2959	250
2	2960	974
2	2961	508
2	2961	833
2	2962	561
2	2963	34
2	2963	513
2	2963	601
2	2964	683
2	2965	848
2	2966	5
2	2966	717
2	2967	220
2	2967	580
2	2967	608
2	2967	686
2	2969	798
2	2970	538
2	2971	990
2	2972	339
2	2975	362
2	2976	464
2	2977	535
2	2977	557
2	2977	661
2	2978	666
2	2978	719
2	2979	3
2	2979	657
2	2979	939
2	2980	55
2	2980	637
2	2981	169
2	2981	265
2	2981	282
2	2984	409
2	2986	775
2	2987	611
2	2988	25
2	2988	526
2	2989	732
2	2990	184
2	2991	115
2	2991	786
2	2992	426
2	2994	906
2	2995	276
2	2996	693
2	2998	374
2	2998	754
2	2999	74
2	3000	408
2	3000	711
2	3001	365
2	3002	771
2	3003	229
2	3003	584
2	3004	222
2	3005	500
2	3005	550
2	3006	487
2	3006	623
2	3007	378
2	3007	532
2	3008	52
2	3009	44
2	3010	356
2	3011	139
2	3012	168
2	3012	639
2	3013	442
2	3013	772
2	3014	761
2	3014	831
2	3014	840
2	3015	190
2	3016	221
2	3017	704
2	3018	272
2	3019	388
2	3019	524
2	3019	525
2	3019	760
2	3020	193
2	3020	917
2	3021	138
2	3021	191
2	3022	403
2	3022	569
2	3022	778
2	3024	47
2	3025	866
2	3025	969
2	3027	269
2	3028	291
2	3028	720
2	3029	212
2	3030	232
2	3030	236
2	3030	243
2	3030	248
2	3031	199
2	3031	545
2	3032	170
2	3032	246
2	3032	319
2	3032	546
2	3032	756
2	3032	800
2	3035	296
2	3035	359
2	3037	792
2	3038	392
2	3038	622
2	3040	302
2	3040	961
2	3041	323
2	3041	401
2	3041	684
2	3043	10
2	3043	56
2	3043	77
2	3043	202
2	3043	281
2	3043	297
2	3043	633
2	3044	20
2	3044	41
2	3046	333
2	3046	345
2	3046	416
2	3048	812
2	3049	8
2	3049	336
2	3049	768
2	3049	905
2	3050	204
2	3050	311
2	3050	543
2	3051	351
2	3051	652
2	3051	776
2	3052	195
2	3052	328
2	3052	402
2	3052	820
2	3053	658
2	3056	233
2	3056	881
2	3057	109
2	3058	468
2	3058	769
2	3059	976
2	3060	187
2	3061	237
2	3061	298
2	3061	743
2	3062	81
2	3062	185
2	3062	736
2	3063	161
2	3064	685
2	3065	644
2	3065	920
2	3066	871
2	3069	978
2	3070	682
2	3070	838
2	3070	839
2	3070	929
2	3070	944
2	3071	904
2	3071	995
2	3072	381
2	3072	755
2	3073	19
2	3073	252
2	3074	763
2	3075	148
2	3075	153
2	3076	448
2	3076	628
2	3080	260
2	3080	647
2	3083	159
2	3083	921
2	3085	304
2	3085	598
2	3085	599
2	3085	733
2	3087	940
2	3088	129
2	3089	18
2	3089	154
2	3091	90
2	3092	716
2	3092	805
2	3094	301
2	3095	406
2	3095	926
2	3096	358
2	3098	14
2	3099	259
2	3100	498
2	3100	956
2	3101	530
2	3102	88
2	3102	224
2	3103	157
2	3104	398
2	3104	669
2	3105	518
2	3108	261
2	3109	49
2	3109	84
2	3110	703
2	3110	804
2	3111	92
2	3112	533
2	3112	793
2	3114	57
2	3114	794
2	3115	737
2	3116	802
2	3116	957
2	3117	620
2	3117	782
2	3118	578
2	3118	671
2	3118	880
2	3119	587
2	3120	695
2	3121	429
2	3122	784
2	3122	840
2	3123	115
2	3123	288
2	3123	474
2	3123	616
2	3123	790
2	3125	87
2	3125	893
2	3127	79
2	3127	932
2	3128	510
2	3128	779
2	3129	987
2	3130	507
2	3130	577
2	3130	642
2	3130	713
2	3131	469
2	3131	724
2	3132	674
2	3133	158
2	3134	934
2	3135	303
2	3137	174
2	3137	635
2	3140	714
2	3141	325
2	3144	167
2	3144	820
2	3147	836
2	3148	460
2	3149	414
2	3149	454
2	3149	730
2	3151	443
2	3152	68
2	3153	545
2	3154	679
2	3155	127
2	3155	133
2	3159	135
2	3159	727
2	3159	815
2	3160	377
2	3161	76
2	3161	198
2	3162	697
2	3164	52
2	3164	219
2	3164	819
2	3165	829
2	3166	254
2	3166	372
2	3166	876
2	3167	313
2	3167	352
2	3168	200
2	3168	663
2	3168	668
2	3168	711
2	3170	807
2	3173	481
2	3175	120
2	3175	552
2	3175	592
2	3178	581
2	3178	854
2	3179	954
2	3181	191
2	3182	706
2	3182	929
2	3184	12
2	3184	152
2	3184	531
2	3184	641
2	3187	2
2	3189	528
2	3190	638
2	3191	379
2	3191	387
2	3191	594
2	3192	597
2	3195	479
2	3195	543
2	3196	264
2	3197	447
2	3199	770
2	3201	523
2	3206	610
2	3206	843
2	3207	24
2	3207	300
2	3210	651
2	3213	101
2	3213	175
2	3213	537
2	3213	769
2	3215	686
2	3215	691
2	3217	536
2	3218	86
2	3220	241
2	3220	647
2	3220	676
2	3222	29
2	3223	168
2	3223	182
2	3225	54
2	3227	365
2	3227	403
2	3227	622
2	3228	804
2	3229	16
2	3230	359
2	3230	961
2	3233	47
2	3234	266
2	3235	17
2	3235	499
2	3236	69
2	3238	45
2	3238	483
2	3239	416
2	3239	420
2	3239	748
2	3240	396
2	3240	643
2	3241	338
2	3243	684
2	3243	740
2	3245	32
2	3245	326
2	3245	601
2	3246	74
2	3246	316
2	3248	547
2	3248	573
2	3250	291
2	3250	868
2	3253	55
2	3253	408
2	3253	742
2	3254	602
2	3254	747
2	3255	94
2	3256	491
2	3256	671
2	3259	306
2	3259	424
2	3259	758
2	3260	84
2	3261	588
2	3263	270
2	3263	820
2	3264	753
2	3265	251
2	3265	282
2	3265	728
2	3267	346
2	3267	718
2	3268	173
2	3268	603
2	3269	188
2	3269	598
2	3271	372
2	3271	470
2	3272	669
2	3272	970
2	3273	116
2	3273	556
2	3274	273
2	3275	197
2	3275	765
2	3276	96
2	3277	699
2	3279	242
2	3279	698
2	3280	239
2	3281	368
2	3281	773
2	3282	23
2	3282	347
2	3286	803
2	3287	505
2	3288	833
2	3290	662
2	3290	931
2	3291	259
2	3293	26
2	3296	595
2	3296	764
2	3297	229
2	3298	213
2	3298	975
2	3299	312
2	3299	863
2	3300	269
2	3301	925
2	3302	317
2	3303	274
2	3303	304
2	3303	388
2	3304	27
2	3306	263
2	3307	3
2	3308	190
2	3308	380
2	3308	611
2	3310	688
2	3312	341
2	3312	772
2	3312	986
2	3313	228
2	3313	336
2	3314	108
2	3315	70
2	3315	125
2	3315	392
2	3315	439
2	3316	731
2	3319	430
2	3320	117
2	3320	357
2	3320	524
2	3321	792
2	3322	399
2	3323	280
2	3323	367
2	3323	805
2	3325	856
2	3325	979
2	3327	406
2	3327	582
2	3328	89
2	3328	997
2	3329	911
2	3330	493
2	3330	632
2	3331	223
2	3331	325
2	3332	777
2	3333	512
2	3333	838
2	3334	222
2	3334	743
2	3337	147
2	3338	466
2	3338	800
2	3339	585
2	3340	233
2	3342	886
2	3343	763
2	3345	994
2	3346	267
2	3346	417
2	3348	522
2	3350	136
2	3350	429
2	3353	15
2	3354	548
2	3355	212
2	3356	469
2	3357	846
2	3358	216
2	3359	449
2	3360	90
2	3360	93
2	3360	327
2	3360	340
2	3360	677
2	3360	797
2	3361	254
2	3361	354
2	3362	640
2	3363	425
2	3363	689
2	3363	989
2	3365	973
2	3367	61
2	3367	334
2	3367	501
2	3367	565
2	3367	875
2	3369	629
2	3376	831
2	3378	593
2	3379	184
2	3379	400
2	3379	633
2	3380	426
2	3380	739
2	3381	798
2	3383	587
2	3384	684
2	3384	784
2	3385	295
2	3385	472
2	3386	208
2	3386	563
2	3388	428
2	3390	626
2	3391	260
2	3392	610
2	3393	663
2	3394	252
2	3395	348
2	3396	14
2	3396	64
2	3396	294
2	3396	441
2	3397	31
2	3397	455
2	3397	645
2	3399	146
2	3399	261
2	3400	286
2	3400	681
2	3402	735
2	3403	330
2	3404	213
2	3405	174
2	3405	241
2	3405	474
2	3406	209
2	3408	370
2	3409	45
2	3411	526
2	3412	314
2	3414	481
2	3417	711
2	3418	30
2	3419	581
2	3419	846
2	3420	468
2	3423	34
2	3423	164
2	3424	140
2	3426	347
2	3426	725
2	3430	56
2	3430	723
2	3431	665
2	3433	671
2	3434	165
2	3434	279
2	3434	574
2	3435	195
2	3437	145
2	3438	102
2	3438	171
2	3439	33
2	3439	52
2	3439	339
2	3440	315
2	3440	662
2	3441	43
2	3441	298
2	3441	785
2	3441	861
2	3442	658
2	3443	75
2	3443	485
2	3444	395
2	3445	928
2	3446	105
2	3446	421
2	3448	243
2	3448	614
2	3449	22
2	3450	882
2	3451	109
2	3452	186
2	3453	372
2	3453	432
2	3455	107
2	3456	398
2	3456	537
2	3457	293
2	3457	616
2	3458	193
2	3458	722
2	3459	300
2	3460	175
2	3460	380
2	3461	710
2	3462	312
2	3463	351
2	3463	802
2	3465	83
2	3465	253
2	3465	602
2	3466	181
2	3469	154
2	3470	282
2	3470	545
2	3471	188
2	3472	111
2	3472	741
2	3473	237
2	3473	500
2	3474	591
2	3474	740
2	3475	316
2	3475	657
2	3475	687
2	3476	631
2	3477	17
2	3478	62
2	3478	466
2	3479	183
2	3479	573
2	3479	935
2	3480	27
2	3480	311
2	3481	143
2	3481	354
2	3481	796
2	3481	828
2	3482	53
2	3483	412
2	3483	743
2	3489	84
2	3489	217
2	3489	641
2	3489	761
2	3490	549
2	3490	957
2	3491	332
2	3492	54
2	3492	531
2	3494	197
2	3494	713
2	3495	350
2	3496	647
2	3496	941
2	3497	212
2	3498	124
2	3498	177
2	3499	255
2	3499	368
2	3499	542
2	3499	819
2	3501	848
2	3502	644
2	3503	533
2	3504	524
2	3505	337
2	3505	861
2	3506	219
2	3506	566
2	3507	48
2	3507	992
2	3508	166
2	3509	358
2	3509	642
2	3510	787
2	3510	795
2	3511	360
2	3512	96
2	3513	89
2	3513	356
2	3514	784
2	3515	607
2	3515	779
2	3516	419
2	3516	699
2	3517	167
2	3517	373
2	3517	973
2	3518	63
2	3519	473
2	3519	908
2	3520	909
2	3521	893
2	3523	617
2	3523	663
2	3523	690
2	3525	929
2	3527	223
2	3527	834
2	3528	71
2	3528	476
2	3528	536
2	3530	868
2	3531	733
2	3534	106
2	3535	146
2	3536	272
2	3539	156
2	3541	737
2	3542	431
2	3542	482
2	3544	962
2	3545	7
2	3546	344
2	3546	660
2	3547	275
2	3548	76
2	3549	594
2	3549	765
2	3549	871
2	3551	139
2	3551	306
2	3551	474
2	3553	86
2	3555	78
2	3555	949
2	3558	468
2	3559	461
2	3559	852
2	3560	320
2	3560	543
2	3560	625
2	3561	274
2	3562	584
2	3562	626
2	3562	664
2	3567	103
2	3567	283
2	3568	677
2	3570	496
2	3571	43
2	3571	391
2	3573	110
2	3573	456
2	3574	565
2	3575	823
2	3576	552
2	3577	434
2	3577	850
2	3578	556
2	3578	572
2	3578	595
2	3578	703
2	3579	684
2	3579	778
2	3581	99
2	3583	236
2	3584	444
2	3585	409
2	3585	560
2	3586	4
2	3586	190
2	3587	379
2	3587	635
2	3588	343
2	3588	488
2	3589	577
2	3589	818
2	3590	498
2	3591	225
2	3591	514
2	3592	201
2	3594	338
2	3594	925
2	3595	296
2	3595	731
2	3596	288
2	3596	348
2	3596	418
2	3596	697
2	3597	115
2	3598	116
2	3598	294
2	3598	490
2	3598	902
2	3599	38
2	3599	627
2	3600	170
2	3600	724
2	3601	425
2	3601	972
2	3602	403
2	3603	692
2	3603	747
2	3603	953
2	3604	286
2	3604	305
2	3604	639
2	3605	443
2	3607	404
2	3608	42
2	3608	168
2	3608	179
2	3609	799
2	3610	576
2	3610	637
2	3612	950
2	3613	695
2	3614	21
2	3614	521
2	3614	701
2	3615	271
2	3616	16
2	3616	352
2	3616	707
2	3617	122
2	3618	181
2	3618	465
2	3619	258
2	3619	493
2	3620	273
2	3620	812
2	3622	382
2	3623	15
2	3623	332
2	3624	355
2	3625	47
2	3625	137
2	3628	453
2	3628	466
2	3629	247
2	3629	777
2	3631	129
2	3631	798
2	3631	926
2	3631	998
2	3633	967
2	3635	358
2	3637	221
2	3637	472
2	3639	5
2	3641	351
2	3642	615
2	3643	997
2	3645	259
2	3645	796
2	3647	220
2	3647	734
2	3648	172
2	3649	753
2	3650	20
2	3650	155
2	3651	587
2	3651	911
2	3652	464
2	3654	958
2	3655	544
2	3656	839
2	3658	212
2	3658	984
2	3660	48
2	3660	134
2	3662	589
2	3663	53
2	3663	128
2	3663	854
2	3664	33
2	3665	668
2	3667	708
2	3668	985
2	3670	17
2	3670	78
2	3670	686
2	3671	520
2	3673	353
2	3674	183
2	3675	140
2	3675	849
2	3676	52
2	3676	422
2	3676	689
2	3677	356
2	3677	907
2	3678	529
2	3678	530
2	3679	31
2	3679	111
2	3681	557
2	3682	93
2	3682	932
2	3682	983
2	3683	37
2	3683	567
2	3683	779
2	3684	792
2	3685	176
2	3685	210
2	3685	621
2	3685	926
2	3686	224
2	3686	226
2	3686	601
2	3687	400
2	3687	437
2	3689	154
2	3690	250
2	3690	807
2	3692	451
2	3693	399
2	3694	68
2	3695	873
2	3695	882
2	3696	405
2	3697	108
2	3697	256
2	3698	652
2	3700	275
2	3700	287
2	3700	491
2	3701	148
2	3701	195
2	3701	207
2	3701	293
2	3701	470
2	3701	542
2	3702	398
2	3704	363
2	3705	213
2	3705	551
2	3705	569
2	3706	414
2	3706	766
2	3706	788
2	3707	295
2	3707	304
2	3707	620
2	3708	636
2	3708	683
2	3710	383
2	3710	785
2	3711	519
2	3713	627
2	3713	737
2	3713	767
2	3714	579
2	3715	386
2	3715	517
2	3715	631
2	3716	310
2	3716	320
2	3720	1
2	3720	182
2	3720	511
2	3721	266
2	3721	329
2	3723	248
2	3728	450
2	3730	762
2	3730	990
2	3731	147
2	3731	784
2	3732	138
2	3736	521
2	3737	455
2	3737	956
2	3741	607
2	3742	917
2	3743	263
2	3743	691
2	3743	969
2	3744	255
2	3745	457
2	3747	191
2	3747	583
2	3750	610
2	3751	501
2	3755	251
2	3758	752
2	3759	231
2	3759	876
2	3760	173
2	3760	565
2	3760	664
2	3762	28
2	3762	839
2	3763	319
2	3764	478
2	3764	757
2	3765	341
2	3766	754
2	3768	233
2	3768	538
2	3769	292
2	3770	90
2	3771	832
2	3773	786
2	3774	179
2	3775	549
2	3775	849
2	3776	162
2	3776	617
2	3776	719
2	3777	94
2	3778	87
2	3780	411
2	3781	189
2	3781	713
2	3782	297
2	3782	308
2	3783	938
2	3784	337
2	3784	780
2	3785	29
2	3785	247
2	3786	156
2	3786	202
2	3786	641
2	3786	658
2	3789	253
2	3791	380
2	3791	853
2	3792	277
2	3792	725
2	3792	896
2	3793	487
2	3793	947
2	3794	827
2	3795	921
2	3797	443
2	3798	887
2	3799	198
2	3801	452
2	3802	685
2	3803	541
2	3805	45
2	3806	415
2	3809	969
2	3815	533
2	3815	714
2	3815	753
2	3816	74
2	3818	463
2	3819	772
2	3820	673
2	3822	991
2	3825	125
2	3825	290
2	3825	301
2	3826	73
2	3827	193
2	3827	196
2	3828	26
2	3829	430
2	3829	681
2	3829	694
2	3831	447
2	3833	322
2	3833	655
2	3833	741
2	3838	22
2	3838	486
2	3838	702
2	3839	540
2	3840	841
2	3841	340
2	3841	499
2	3841	690
2	3841	722
2	3843	100
2	3843	962
2	3844	60
2	3844	143
2	3846	401
2	3847	878
2	3848	803
2	3849	335
2	3849	562
2	3851	239
2	3851	420
2	3852	366
2	3852	389
2	3855	128
2	3855	734
2	3856	61
2	3857	258
2	3858	220
2	3859	91
2	3859	200
2	3859	216
2	3859	783
2	3860	421
2	3861	352
2	3862	618
2	3863	208
2	3863	530
2	3865	853
2	3866	88
2	3866	474
2	3866	561
2	3866	742
2	3867	506
2	3867	555
2	3867	800
2	3868	439
2	3868	500
2	3870	10
2	3870	428
2	3870	553
2	3870	621
2	3871	269
2	3871	529
2	3871	611
2	3872	132
2	3872	235
2	3872	412
2	3874	274
2	3874	939
2	3875	648
2	3875	902
2	3877	361
2	3878	738
2	3879	588
2	3879	806
2	3880	228
2	3880	324
2	3880	418
2	3881	131
2	3882	496
2	3882	595
2	3883	203
2	3883	262
2	3883	514
2	3883	545
2	3886	344
2	3887	839
2	3888	699
2	3888	916
2	3890	50
2	3891	38
2	3891	372
2	3891	524
2	3891	607
2	3892	135
2	3892	571
2	3893	468
2	3893	808
2	3894	776
2	3895	153
2	3895	332
2	3895	375
2	3895	817
2	3895	944
2	3896	212
2	3897	654
2	3898	832
2	3899	793
2	3900	810
2	3900	811
2	3900	868
2	3901	62
2	3901	77
2	3901	813
2	3904	238
2	3905	433
2	3905	566
2	3906	520
2	3906	614
2	3906	675
2	3907	237
2	3908	711
2	3909	302
2	3910	249
2	3910	504
2	3910	777
2	3911	853
2	3912	613
2	3912	795
2	3912	827
2	3913	121
2	3914	803
2	3915	716
2	3916	581
2	3916	775
2	3917	788
2	3919	368
2	3919	494
2	3919	546
2	3919	584
2	3921	210
2	3921	367
2	3921	723
2	3922	948
2	3923	440
2	3923	569
2	3923	679
2	3923	704
2	3924	534
2	3925	80
2	3925	393
2	3926	102
2	3926	123
2	3926	674
2	3926	730
2	3926	743
2	3928	677
2	3928	798
2	3929	59
2	3929	280
2	3929	402
2	3930	977
2	3930	993
2	3931	89
2	3932	9
2	3933	320
2	3935	460
2	3935	625
2	3939	656
2	3940	13
2	3941	855
2	3942	79
2	3942	462
2	3944	281
2	3944	936
2	3945	543
2	3946	736
2	3947	646
2	3947	672
2	3948	190
2	3949	75
2	3950	1000
2	3951	626
2	3951	957
2	3952	519
2	3954	86
2	3954	186
2	3954	744
2	3954	966
2	3955	201
2	3956	912
2	3957	54
2	3957	691
2	3958	415
2	3958	706
2	3962	426
2	3962	668
2	3962	972
2	3964	698
2	3966	346
2	3966	373
2	3969	180
2	3970	107
2	3970	732
2	3971	558
2	3971	773
2	3972	885
2	3973	154
2	3973	854
2	3974	355
2	3974	622
2	3977	147
2	3977	248
2	3977	471
2	3979	741
2	3980	41
2	3981	226
2	3981	306
2	3981	701
2	3982	181
2	3982	737
2	3982	860
2	3982	904
2	3982	992
2	3984	362
2	3984	968
2	3985	142
2	3985	620
2	3985	678
2	3986	516
2	3986	990
2	3989	633
2	3990	601
2	3990	931
2	3991	456
2	3991	983
2	3991	987
2	3993	960
2	3995	934
2	3996	74
2	3996	684
2	3997	467
2	3999	338
2	4001	465
2	4002	383
2	4004	240
2	4005	671
2	4006	283
2	4006	294
2	4007	623
2	4010	73
2	4010	787
2	4011	170
2	4011	403
2	4011	488
2	4012	40
2	4012	236
2	4013	555
2	4014	195
2	4015	527
2	4017	47
2	4017	993
2	4018	376
2	4018	472
2	4018	917
2	4019	925
2	4020	389
2	4021	66
2	4023	413
2	4023	485
2	4023	499
2	4023	760
2	4024	556
2	4025	291
2	4025	702
2	4026	754
2	4026	871
2	4028	690
2	4029	715
2	4030	157
2	4030	353
2	4031	397
2	4032	146
2	4034	233
2	4035	522
2	4036	76
2	4036	334
2	4038	840
2	4039	585
2	4040	44
2	4040	127
2	4040	270
2	4040	394
2	4041	441
2	4044	7
2	4044	680
2	4044	747
2	4045	223
2	4045	455
2	4045	621
2	4045	625
2	4046	8
2	4046	299
2	4046	965
2	4047	375
2	4048	300
2	4048	392
2	4048	451
2	4049	597
2	4056	665
2	4056	720
2	4056	750
2	4060	287
2	4060	860
2	4061	796
2	4062	871
2	4065	586
2	4066	318
2	4067	757
2	4067	797
2	4067	828
2	4069	506
2	4069	512
2	4070	36
2	4074	97
2	4074	933
2	4076	669
2	4077	751
2	4079	718
2	4080	29
2	4082	543
2	4083	267
2	4084	640
2	4085	343
2	4086	775
2	4087	19
2	4088	193
2	4088	590
2	4089	436
2	4091	496
2	4091	998
2	4093	126
2	4095	659
2	4095	935
2	4096	503
2	4096	619
2	4096	845
2	4099	272
2	4099	576
2	4100	550
2	4101	171
2	4103	500
2	4104	237
2	4104	325
2	4105	188
2	4105	289
2	4106	2
2	4107	509
2	4107	541
2	4107	609
2	4107	913
2	4109	839
2	4110	108
2	4110	661
2	4111	777
2	4112	218
2	4113	31
2	4114	326
2	4114	571
2	4114	961
2	4116	572
2	4117	387
2	4117	697
2	4118	546
2	4118	608
2	4118	652
2	4119	135
2	4121	729
2	4122	764
2	4124	155
2	4124	206
2	4124	725
2	4125	701
2	4126	182
2	4126	428
2	4127	247
2	4128	568
2	4128	721
2	4128	923
2	4131	818
2	4132	115
2	4132	556
2	4133	562
2	4133	668
2	4134	667
2	4134	693
2	4135	384
2	4137	710
2	4138	847
2	4139	373
2	4139	498
2	4139	649
2	4140	979
2	4142	276
2	4143	168
2	4144	425
2	4145	50
2	4145	214
2	4146	988
2	4147	768
2	4148	815
2	4149	101
2	4154	121
2	4154	650
2	4155	825
2	4156	266
2	4156	717
2	4158	351
2	4160	519
2	4160	610
2	4161	52
2	4161	297
2	4161	617
2	4162	172
2	4162	367
2	4162	567
2	4164	523
2	4165	81
2	4165	980
2	4166	40
2	4166	63
2	4166	346
2	4166	353
2	4166	616
2	4166	827
2	4167	231
2	4168	21
2	4168	257
2	4169	765
2	4171	205
2	4172	251
2	4172	629
2	4172	694
2	4173	203
2	4173	760
2	4174	220
2	4174	419
2	4174	874
2	4175	179
2	4175	298
2	4175	356
2	4175	490
2	4177	358
2	4178	53
2	4178	429
2	4179	48
2	4179	156
2	4179	531
2	4179	645
2	4180	476
2	4181	204
2	4183	161
2	4184	411
2	4184	866
2	4186	18
2	4186	236
2	4187	420
2	4188	976
2	4189	342
2	4189	497
2	4189	624
2	4190	642
2	4190	803
2	4191	352
2	4191	653
2	4192	200
2	4193	491
2	4193	580
2	4194	69
2	4195	213
2	4196	270
2	4196	951
2	4196	961
2	4197	599
2	4197	707
2	4198	630
2	4199	64
2	4199	162
2	4199	493
2	4201	199
2	4201	566
2	4201	685
2	4202	790
2	4203	29
2	4204	96
2	4204	518
2	4204	538
2	4205	821
2	4206	553
2	4207	28
2	4207	708
2	4208	190
2	4208	333
2	4208	561
2	4209	894
2	4210	816
2	4210	901
2	4210	917
2	4211	106
2	4211	180
2	4211	944
2	4212	673
2	4213	61
2	4213	327
2	4215	355
2	4216	986
2	4217	227
2	4217	269
2	4217	864
2	4218	802
2	4218	838
2	4220	606
2	4222	136
2	4222	275
2	4222	438
2	4223	224
2	4223	413
2	4223	513
2	4224	279
2	4224	647
2	4225	36
2	4225	586
2	4225	978
2	4226	263
2	4226	620
2	4226	967
2	4227	164
2	4227	475
2	4229	837
2	4230	662
2	4231	129
2	4231	700
2	4231	754
2	4232	289
2	4232	724
2	4233	248
2	4234	715
2	4235	401
2	4236	344
2	4237	259
2	4237	271
2	4238	478
2	4238	778
2	4238	791
2	4240	11
2	4240	607
2	4240	636
2	4240	743
2	4241	282
2	4243	400
2	4243	604
2	4244	10
2	4245	42
2	4245	207
2	4246	2
2	4246	286
2	4246	304
2	4246	370
2	4246	436
2	4247	680
2	4248	934
2	4250	416
2	4250	603
2	4250	706
2	4252	150
2	4252	540
2	4253	682
2	4253	750
2	4253	800
2	4254	385
2	4254	798
2	4255	371
2	4255	766
2	4256	233
2	4256	649
2	4256	774
2	4257	240
2	4258	623
2	4259	104
2	4259	357
2	4260	98
2	4260	427
2	4261	177
2	4261	432
2	4261	701
2	4262	814
2	4263	293
2	4263	522
2	4264	128
2	4264	424
2	4266	62
2	4266	592
2	4266	613
2	4267	687
2	4268	598
2	4269	134
2	4269	305
2	4269	590
2	4271	320
2	4271	725
2	4272	741
2	4274	237
2	4274	469
2	4275	306
2	4275	942
2	4276	644
2	4276	841
2	4277	85
2	4280	32
2	4280	552
2	4282	346
2	4283	350
2	4284	335
2	4285	468
2	4285	477
2	4285	527
2	4285	880
2	4286	373
2	4287	72
2	4287	152
2	4287	229
2	4287	543
2	4287	913
2	4288	442
2	4288	492
2	4288	762
2	4289	151
2	4289	713
2	4289	783
2	4290	384
2	4291	584
2	4291	723
2	4292	988
2	4293	112
2	4293	486
2	4294	174
2	4295	50
2	4295	515
2	4295	749
2	4297	192
2	4297	866
2	4302	235
2	4303	578
2	4303	835
2	4304	115
2	4307	99
2	4309	444
2	4310	9
2	4310	806
2	4311	572
2	4311	695
2	4313	110
2	4314	38
2	4315	154
2	4316	178
2	4316	425
2	4318	843
2	4318	847
2	4320	637
2	4321	975
2	4322	23
2	4323	563
2	4324	899
2	4325	130
2	4326	440
2	4327	35
2	4328	796
2	4334	666
2	4334	759
2	4335	296
2	4335	368
2	4335	686
2	4337	209
2	4337	311
2	4338	168
2	4339	223
2	4340	141
2	4340	309
2	4340	970
2	4341	287
2	4341	604
2	4342	506
2	4344	547
2	4346	1
2	4346	212
2	4346	507
2	4346	846
2	4348	526
2	4349	285
2	4349	417
2	4350	163
2	4350	605
2	4351	511
2	4351	573
2	4353	430
2	4355	418
2	4356	919
2	4360	75
2	4360	422
2	4360	610
2	4361	44
2	4362	330
2	4362	826
2	4363	717
2	4363	820
2	4364	819
2	4365	678
2	4366	772
2	4368	182
2	4369	365
2	4372	939
2	4373	669
2	4376	710
2	4376	771
2	4379	145
2	4380	352
2	4380	656
2	4380	671
2	4381	215
2	4381	310
2	4383	24
2	4386	122
2	4386	886
2	4387	938
2	4389	135
2	4389	189
2	4389	474
2	4390	459
2	4392	7
2	4392	781
2	4393	26
2	4393	414
2	4393	632
2	4395	167
2	4395	470
2	4395	881
2	4397	535
2	4397	675
2	4399	84
2	4399	409
2	4401	95
2	4401	241
2	4402	25
2	4402	74
2	4402	795
2	4402	901
2	4403	351
2	4404	745
2	4404	895
2	4405	190
2	4405	720
2	4406	589
2	4406	755
2	4406	799
2	4406	862
2	4407	216
2	4409	67
2	4410	203
2	4410	403
2	4410	446
2	4412	618
2	4412	652
2	4412	958
2	4416	157
2	4417	173
2	4417	767
2	4418	439
2	4418	458
2	4419	259
2	4421	355
2	4421	505
2	4421	782
2	4422	406
2	4422	694
2	4425	719
2	4427	224
2	4428	454
2	4429	912
2	4430	335
2	4431	415
2	4432	274
2	4432	316
2	4432	344
2	4434	538
2	4437	276
2	4438	688
2	4439	542
2	4439	730
2	4439	793
2	4440	80
2	4440	396
2	4441	843
2	4443	580
2	4444	328
2	4444	342
2	4445	27
2	4445	263
2	4446	142
2	4447	292
2	4447	724
2	4449	321
2	4450	518
2	4451	165
2	4451	253
2	4451	692
2	4451	699
2	4453	68
2	4454	461
2	4455	239
2	4457	53
2	4457	312
2	4457	650
2	4457	740
2	4458	156
2	4459	765
2	4460	661
2	4461	508
2	4461	808
2	4462	210
2	4462	272
2	4463	473
2	4463	860
2	4464	132
2	4465	21
2	4467	642
2	4468	824
2	4469	502
2	4470	300
2	4471	593
2	4471	993
2	4474	171
2	4474	613
2	4474	913
2	4477	347
2	4477	641
2	4477	709
2	4478	211
2	4478	486
2	4479	22
2	4479	314
2	4479	323
2	4480	519
2	4480	663
2	4480	800
2	4481	65
2	4481	438
2	4482	282
2	4485	820
2	4487	232
2	4487	242
2	4489	28
2	4489	564
2	4489	780
2	4489	792
2	4492	112
2	4492	191
2	4492	273
2	4492	408
2	4493	464
2	4494	361
2	4496	419
2	4496	873
2	4497	39
2	4497	443
2	4498	606
2	4499	345
2	4499	421
2	4500	945
2	4501	597
2	4503	468
2	4504	382
2	4504	739
2	4506	47
2	4507	425
2	4508	200
2	4508	603
2	4508	751
2	4509	609
2	4510	679
2	4512	233
2	4512	318
2	4512	515
2	4512	658
2	4513	856
2	4514	29
2	4515	45
2	4515	446
2	4516	260
2	4516	301
2	4516	521
2	4517	17
2	4517	653
2	4518	50
2	4518	646
2	4518	734
2	4519	534
2	4520	18
2	4520	186
2	4520	723
2	4522	278
2	4522	664
2	4522	985
2	4523	655
2	4523	915
2	4524	226
2	4524	681
2	4524	715
2	4525	984
2	4527	8
2	4527	78
2	4527	290
2	4527	343
2	4527	434
2	4529	147
2	4529	297
2	4530	798
2	4531	161
2	4533	418
2	4533	760
2	4534	579
2	4534	998
2	4535	133
2	4535	340
2	4535	460
2	4535	589
2	4536	357
2	4536	813
2	4538	554
2	4539	429
2	4540	695
2	4540	959
2	4541	181
2	4541	689
2	4542	194
2	4543	222
2	4543	632
2	4545	544
2	4546	903
2	4550	124
2	4551	627
2	4551	955
2	4552	271
2	4553	140
2	4553	957
2	4554	184
2	4554	662
2	4554	815
2	4555	889
2	4556	547
2	4557	487
2	4557	883
2	4558	647
2	4558	923
2	4560	145
2	4560	563
2	4562	38
2	4562	64
2	4562	154
2	4562	428
2	4563	808
2	4563	983
2	4564	231
2	4564	275
2	4566	769
2	4567	13
2	4567	304
2	4567	391
2	4567	711
2	4568	932
2	4570	339
2	4570	791
2	4571	98
2	4571	213
2	4571	982
2	4572	241
2	4572	683
2	4573	409
2	4574	354
2	4574	704
2	4574	875
2	4575	670
2	4577	377
2	4577	781
2	4578	953
2	4580	131
2	4580	287
2	4581	466
2	4581	762
2	4583	795
2	4584	63
2	4586	349
2	4589	878
2	4589	933
2	4590	400
2	4593	258
2	4595	72
2	4595	88
2	4595	189
2	4595	288
2	4596	332
2	4597	710
2	4598	884
2	4599	20
2	4599	395
2	4600	623
2	4602	195
2	4602	447
2	4603	37
2	4603	73
2	4603	698
2	4603	853
2	4604	904
2	4605	87
2	4606	293
2	4606	556
2	4608	472
2	4609	139
2	4609	234
2	4609	559
2	4609	914
2	4610	230
2	4612	7
2	4612	236
2	4613	733
2	4614	657
2	4615	952
2	4616	731
2	4616	968
2	4617	595
2	4617	849
2	4619	433
2	4621	507
2	4621	789
2	4625	324
2	4626	43
2	4628	15
2	4628	562
2	4629	602
2	4630	281
2	4630	961
2	4631	679
2	4632	358
2	4632	618
2	4632	724
2	4633	571
2	4635	471
2	4635	713
2	4637	61
2	4637	201
2	4638	254
2	4638	291
2	4638	779
2	4639	412
2	4641	193
2	4641	342
2	4641	380
2	4641	484
2	4641	714
2	4642	119
2	4642	659
2	4642	677
2	4643	330
2	4643	973
2	4644	92
2	4644	378
2	4645	369
2	4645	407
2	4646	45
2	4646	190
2	4647	493
2	4647	757
2	4647	940
2	4648	320
2	4648	498
2	4649	619
2	4649	725
2	4649	876
2	4651	964
2	4652	14
2	4652	166
2	4652	298
2	4652	501
2	4654	214
2	4654	480
2	4656	40
2	4656	323
2	4657	491
2	4658	86
2	4658	334
2	4658	337
2	4658	879
2	4659	479
2	4659	740
2	4661	336
2	4662	17
2	4662	188
2	4662	259
2	4664	80
2	4664	117
2	4665	155
2	4665	355
2	4666	159
2	4667	162
2	4667	490
2	4670	566
2	4671	238
2	4671	247
2	4671	299
2	4672	79
2	4673	497
2	4674	720
2	4674	783
2	4675	760
2	4676	426
2	4677	718
2	4678	23
2	4678	94
2	4678	523
2	4679	302
2	4680	6
2	4680	474
2	4680	920
2	4681	436
2	4681	573
2	4681	771
2	4682	404
2	4682	425
2	4682	764
2	4682	900
2	4683	129
2	4684	822
2	4686	674
2	4687	727
2	4688	483
2	4688	637
2	4690	549
2	4691	590
2	4693	984
2	4694	158
2	4694	423
2	4694	689
2	4694	890
2	4695	284
2	4695	716
2	4696	167
2	4696	708
2	4697	485
2	4698	500
2	4700	672
2	4701	322
2	4702	186
2	4703	682
2	4703	732
2	4704	235
2	4704	921
2	4704	960
2	4704	976
2	4705	362
2	4706	50
2	4708	76
2	4708	401
2	4709	268
2	4709	300
2	4710	329
2	4710	419
2	4711	224
2	4712	601
2	4713	272
2	4713	803
2	4714	585
2	4714	977
2	4717	310
2	4717	443
2	4718	556
2	4721	62
2	4721	663
2	4724	111
2	4725	157
2	4725	552
2	4725	586
2	4725	999
2	4726	133
2	4726	210
2	4727	96
2	4727	267
2	4729	249
2	4729	252
2	4729	356
2	4730	245
2	4732	438
2	4732	694
2	4733	531
2	4733	574
2	4733	800
2	4734	168
2	4735	316
2	4735	802
2	4736	368
2	4736	868
2	4737	246
2	4738	174
2	4738	424
2	4738	514
2	4739	997
2	4741	109
2	4741	343
2	4741	667
2	4741	912
2	4742	565
2	4742	653
2	4743	759
2	4744	622
2	4744	836
2	4745	596
2	4746	680
2	4746	973
2	4747	73
2	4747	97
2	4748	26
2	4749	91
2	4751	372
2	4753	417
2	4754	614
2	4754	851
2	4756	16
2	4759	861
2	4759	954
2	4760	93
2	4760	546
2	4760	621
2	4764	444
2	4764	451
2	4765	71
2	4765	557
2	4769	108
2	4769	584
2	4770	148
2	4770	413
2	4770	613
2	4771	59
2	4772	582
2	4772	671
2	4772	743
2	4772	761
2	4773	818
2	4774	481
2	4775	377
2	4775	785
2	4776	430
2	4777	263
2	4777	543
2	4777	678
2	4777	705
2	4779	598
2	4780	187
2	4780	215
2	4780	886
2	4780	958
2	4782	629
2	4782	830
2	4783	939
2	4784	396
2	4784	538
2	4784	744
2	4785	238
2	4785	558
2	4786	966
2	4789	7
2	4790	41
2	4791	42
2	4791	100
2	4792	142
2	4793	179
2	4795	24
2	4795	286
2	4796	102
2	4796	345
2	4796	513
2	4796	810
2	4797	237
2	4798	797
2	4798	931
2	4800	525
2	4800	901
2	4801	462
2	4801	532
2	4802	992
2	4803	256
2	4803	639
2	4805	123
2	4805	261
2	4805	880
2	4811	502
2	4812	439
2	4812	448
2	4814	195
2	4815	578
2	4816	692
2	4817	941
2	4818	277
2	4821	610
2	4822	52
2	4822	260
2	4825	645
2	4826	365
2	4828	152
2	4828	266
2	4828	725
2	4829	151
2	4830	240
2	4833	555
2	4833	790
2	4834	897
2	4835	29
2	4836	4
2	4837	685
2	4838	33
2	4840	69
2	4840	196
2	4840	248
2	4841	311
2	4841	990
2	4842	86
2	4842	727
2	4842	831
2	4844	64
2	4845	154
2	4846	5
2	4846	475
2	4847	717
2	4848	371
2	4848	472
2	4849	482
2	4850	426
2	4850	453
2	4851	708
2	4852	793
2	4853	819
2	4853	868
2	4856	537
2	4857	183
2	4857	280
2	4857	603
2	4857	788
2	4858	171
2	4861	301
2	4862	445
2	4863	236
2	4863	341
2	4863	407
2	4864	404
2	4865	433
2	4866	313
2	4866	579
2	4867	247
2	4867	466
2	4867	892
2	4868	106
2	4868	289
2	4868	720
2	4870	477
2	4871	201
2	4871	285
2	4872	553
2	4872	742
2	4873	400
2	4873	522
2	4874	378
2	4875	292
2	4875	375
2	4875	606
2	4876	654
2	4877	697
2	4879	127
2	4879	233
2	4879	390
2	4881	126
2	4882	296
2	4882	438
2	4882	663
2	4883	35
2	4883	115
2	4887	40
2	4887	61
2	4887	110
2	4887	958
2	4888	339
2	4888	666
2	4889	416
2	4889	511
2	4890	194
2	4890	372
2	4891	60
2	4891	239
2	4892	324
2	4892	918
2	4893	423
2	4894	796
2	4895	97
2	4895	683
2	4896	58
2	4896	534
2	4896	689
2	4897	881
2	4898	320
2	4898	487
2	4899	83
2	4899	868
2	4900	15
2	4901	370
2	4901	728
2	4901	748
2	4902	243
2	4903	405
2	4904	217
2	4904	611
2	4904	647
2	4904	858
2	4905	161
2	4907	28
2	4908	715
2	4910	614
2	4910	763
2	4911	894
2	4913	764
2	4914	330
2	4914	495
2	4914	662
2	4914	962
2	4916	493
2	4917	340
2	4918	612
2	4919	350
2	4920	319
2	4920	366
2	4920	794
2	4921	609
2	4922	577
2	4923	105
2	4924	10
2	4924	65
2	4924	940
2	4926	985
2	4927	290
2	4927	521
2	4927	791
2	4928	688
2	4929	63
2	4929	117
2	4930	205
2	4930	896
2	4931	934
2	4933	726
2	4934	672
2	4935	342
2	4936	8
2	4936	181
2	4936	354
2	4936	605
2	4936	682
2	4937	549
2	4938	114
2	4939	153
2	4940	897
2	4941	409
2	4942	79
2	4942	137
2	4942	403
2	4942	969
2	4943	263
2	4944	456
2	4946	21
2	4946	212
2	4946	547
2	4947	278
2	4948	774
2	4949	432
2	4950	591
2	4950	901
2	4951	62
2	4951	132
2	4951	613
2	4952	484
2	4952	699
2	4953	30
2	4954	173
2	4954	696
2	4954	750
2	4955	362
2	4956	133
2	4956	452
2	4957	111
2	4957	121
2	4957	139
2	4957	287
2	4958	385
2	4958	450
2	4958	634
2	4959	415
2	4959	779
2	4959	890
2	4960	3
2	4960	192
2	4960	396
2	4960	490
2	4960	563
2	4961	355
2	4961	509
2	4962	208
2	4962	626
2	4963	279
2	4963	740
2	4963	893
2	4964	99
2	4966	166
2	4966	703
2	4966	928
2	4969	118
2	4974	702
2	4976	499
2	4976	648
2	4977	241
2	4977	610
2	4977	1000
2	4978	540
2	4978	760
2	4979	646
2	4982	357
2	4982	447
2	4984	852
2	4985	544
2	4985	859
2	4986	658
2	4987	960
2	4988	143
2	4988	841
2	4991	53
2	4992	757
2	4993	134
2	4994	25
2	4994	758
2	4994	905
2	4996	539
2	4996	644
2	4997	941
2	4999	46
2	4999	72
