2	-1	0
2	1	727
2	2	21
2	2	822
2	3	164
2	4	347
2	4	637
2	5	402
2	6	229
2	6	710
2	8	455
2	8	559
2	8	609
2	10	232
2	11	539
2	12	302
2	12	397
2	12	537
2	12	946
2	13	242
2	15	315
2	15	363
2	17	453
2	17	770
2	18	176
2	19	278
2	19	839
2	20	349
2	20	462
2	21	450
2	21	516
2	22	615
2	23	976
2	24	228
2	25	367
2	26	593
2	28	216
2	28	493
2	29	241
2	29	714
2	30	365
2	30	437
2	31	155
2	31	286
2	32	430
2	33	306
2	34	289
2	34	441
2	34	980
2	35	951
2	37	879
2	39	159
2	39	570
2	41	686
2	43	24
2	43	648
2	47	703
2	50	269
2	50	369
2	54	151
2	56	197
2	56	737
2	58	75
2	60	385
2	60	508
2	60	882
2	62	18
2	62	521
2	62	660
2	62	942
2	64	631
2	64	755
2	65	163
2	66	161
2	67	50
2	67	515
2	67	582
2	67	625
2	68	91
2	68	644
2	69	928
2	70	820
2	71	664
2	72	147
2	73	101
2	73	490
2	74	260
2	74	327
2	75	318
2	75	416
2	76	460
2	76	504
2	76	693
2	77	246
2	77	719
2	78	518
2	79	557
2	80	524
2	80	948
2	81	808
2	83	238
2	83	635
2	83	663
2	85	969
2	86	645
2	86	971
2	87	549
2	88	44
2	88	231
2	88	487
2	89	222
2	89	590
2	90	338
2	91	184
2	91	952
2	92	587
2	93	372
2	94	944
2	95	83
2	96	127
2	97	753
2	98	822
2	98	984
2	99	472
2	101	377
2	103	226
2	104	498
2	107	223
2	107	295
2	107	613
2	108	107
2	108	298
2	108	310
2	109	401
2	110	828
2	111	13
2	113	261
2	113	390
2	114	209
2	114	799
2	115	794
2	119	74
2	119	247
2	119	606
2	122	204
2	122	919
2	123	328
2	124	470
2	128	607
2	129	257
2	130	173
2	130	572
2	132	219
2	132	464
2	133	452
2	134	559
2	135	282
2	136	237
2	137	339
2	137	861
2	138	221
2	138	313
2	139	730
2	139	769
2	139	809
2	141	171
2	141	272
2	141	996
2	142	113
2	142	567
2	142	654
2	143	100
2	143	526
2	143	905
2	144	66
2	146	759
2	147	574
2	148	150
2	148	188
2	148	778
2	149	64
2	149	638
2	150	438
2	150	623
2	152	727
2	153	80
2	153	594
2	153	602
2	155	195
2	155	562
2	158	845
2	161	405
2	161	555
2	161	696
2	162	375
2	162	785
2	162	919
2	163	196
2	163	312
2	164	632
2	164	812
2	165	468
2	165	480
2	167	129
2	167	666
2	169	84
2	169	151
2	170	7
2	170	102
2	170	825
2	171	548
2	172	667
2	173	88
2	176	538
2	176	657
2	176	897
2	177	973
2	181	2
2	181	325
2	182	399
2	182	458
2	182	539
2	182	912
2	183	314
2	185	186
2	185	317
2	186	104
2	186	370
2	187	388
2	187	791
2	189	599
2	190	303
2	192	162
2	192	833
2	193	70
2	194	454
2	194	786
2	195	692
2	196	164
2	197	172
2	197	280
2	198	262
2	199	118
2	199	484
2	200	513
2	200	700
2	200	787
2	201	203
2	201	404
2	203	161
2	203	843
2	203	926
2	204	65
2	205	936
2	207	85
2	207	148
2	207	578
2	208	268
2	208	301
2	208	697
2	208	737
2	208	771
2	208	1000
2	209	41
2	209	106
2	209	595
2	209	988
2	211	288
2	212	357
2	212	736
2	213	322
2	214	76
2	214	720
2	214	852
2	215	985
2	216	72
2	216	931
2	217	798
2	220	136
2	221	627
2	222	111
2	222	266
2	222	718
2	223	46
2	223	103
2	223	114
2	223	702
2	223	754
2	224	760
2	225	755
2	227	19
2	227	135
2	227	230
2	228	541
2	228	991
2	229	99
2	229	344
2	229	740
2	230	656
2	231	797
2	234	214
2	235	336
2	235	494
2	235	777
2	237	47
2	237	482
2	238	212
2	239	91
2	240	604
2	241	227
2	242	384
2	247	234
2	247	699
2	247	813
2	249	763
2	252	481
2	255	556
2	256	36
2	256	366
2	257	82
2	258	97
2	259	475
2	260	676
2	263	435
2	263	683
2	264	216
2	264	628
2	266	580
2	270	335
2	270	369
2	270	625
2	270	648
2	273	421
2	273	605
2	275	58
2	279	95
2	280	425
2	281	39
2	282	67
2	283	389
2	283	748
2	284	426
2	286	821
2	287	192
2	287	222
2	290	704
2	290	708
2	292	213
2	292	796
2	293	509
2	295	42
2	296	141
2	298	944
2	298	953
2	299	498
2	300	24
2	300	171
2	300	199
2	300	960
2	301	690
2	304	184
2	305	321
2	306	430
2	307	236
2	309	924
2	310	464
2	310	554
2	311	108
2	311	405
2	311	769
2	312	419
2	315	271
2	315	486
2	316	515
2	317	221
2	317	619
2	317	989
2	318	107
2	319	229
2	319	489
2	320	121
2	320	320
2	321	55
2	321	327
2	322	32
2	323	766
2	324	847
2	325	96
2	325	190
2	325	629
2	325	983
2	326	48
2	326	353
2	326	448
2	326	529
2	327	361
2	327	567
2	327	710
2	328	11
2	328	44
2	329	30
2	329	471
2	329	914
2	333	705
2	334	463
2	335	85
2	336	530
2	337	84
2	337	538
2	337	780
2	338	177
2	338	267
2	338	534
2	339	69
2	340	273
2	342	755
2	342	798
2	344	700
2	345	388
2	345	403
2	345	993
2	346	577
2	346	651
2	347	978
2	348	5
2	348	235
2	349	665
2	349	711
2	350	302
2	352	237
2	353	117
2	353	170
2	353	193
2	354	624
2	354	802
2	355	181
2	355	416
2	356	51
2	356	119
2	356	591
2	356	698
2	358	602
2	359	856
2	359	898
2	360	742
2	361	248
2	361	574
2	362	980
2	363	163
2	363	727
2	364	331
2	366	191
2	366	582
2	367	162
2	368	1
2	369	165
2	369	272
2	370	725
2	371	382
2	373	829
2	374	26
2	374	378
2	374	592
2	374	622
2	375	400
2	376	244
2	376	765
2	377	517
2	379	516
2	380	944
2	381	846
2	385	260
2	386	178
2	386	504
2	386	988
2	390	581
2	391	102
2	391	275
2	393	205
2	393	288
2	394	811
2	395	83
2	397	381
2	397	661
2	398	149
2	398	200
2	398	368
2	399	767
2	400	174
2	400	329
2	400	779
2	401	240
2	401	590
2	402	289
2	404	231
2	405	110
2	406	644
2	406	671
2	406	904
2	407	749
2	408	176
2	408	360
2	409	436
2	410	370
2	411	68
2	411	197
2	411	257
2	411	747
2	411	758
2	413	219
2	414	535
2	415	631
2	415	685
2	416	569
2	417	300
2	417	332
2	417	667
2	417	954
2	418	393
2	419	280
2	419	737
2	421	309
2	421	514
2	423	358
2	424	888
2	427	468
2	427	597
2	428	762
2	429	17
2	430	724
2	431	142
2	432	8
2	432	607
2	432	873
2	433	155
2	433	628
2	433	870
2	435	564
2	436	296
2	436	510
2	436	600
2	436	881
2	437	916
2	438	15
2	439	409
2	440	373
2	441	645
2	441	804
2	442	133
2	442	218
2	442	691
2	442	936
2	443	544
2	443	676
2	443	910
2	444	475
2	446	558
2	448	54
2	448	209
2	449	167
2	449	304
2	450	410
2	450	829
2	451	129
2	451	856
2	452	642
2	453	211
2	453	420
2	454	108
2	454	148
2	454	821
2	455	308
2	455	573
2	456	494
2	456	988
2	458	12
2	458	33
2	458	242
2	459	927
2	460	882
2	460	933
2	463	620
2	463	789
2	463	912
2	464	90
2	464	278
2	464	359
2	464	852
2	465	322
2	467	807
2	471	458
2	473	583
2	475	525
2	477	60
2	477	454
2	477	572
2	478	819
2	480	39
2	480	750
2	484	183
2	484	778
2	484	951
2	485	195
2	485	199
2	485	290
2	487	31
2	487	286
2	487	571
2	488	109
2	489	315
2	490	238
2	490	443
2	491	756
2	491	974
2	492	43
2	492	247
2	492	317
2	493	471
2	493	534
2	494	196
2	494	225
2	494	717
2	495	20
2	495	796
2	495	986
2	498	251
2	498	809
2	498	864
2	499	376
2	499	388
2	500	80
2	500	130
2	500	944
2	501	86
2	501	546
2	501	633
2	502	191
2	502	246
2	502	457
2	504	182
2	504	971
2	505	13
2	506	324
2	506	876
2	513	230
2	515	146
2	518	78
2	521	152
2	524	624
2	526	999
2	527	34
2	528	48
2	528	176
2	529	639
2	532	327
2	532	799
2	533	85
2	533	532
2	533	585
2	534	18
2	534	380
2	534	783
2	534	784
2	535	58
2	538	576
2	538	606
2	539	291
2	539	853
2	540	479
2	540	508
2	540	884
2	543	379
2	544	98
2	544	293
2	544	331
2	544	337
2	544	710
2	545	341
2	546	865
2	547	718
2	547	763
2	547	840
2	548	122
2	548	175
2	549	394
2	549	917
2	549	978
2	550	121
2	550	490
2	550	531
2	551	55
2	551	412
2	552	485
2	553	670
2	553	793
2	553	979
2	554	178
2	556	522
2	557	232
2	557	301
2	557	933
2	558	736
2	558	896
2	559	517
2	561	284
2	561	554
2	563	184
2	563	488
2	564	27
2	565	65
2	566	395
2	569	888
2	570	296
2	571	683
2	572	629
2	572	650
2	572	785
2	573	149
2	573	827
2	573	912
2	575	687
2	577	131
2	577	386
2	577	692
2	578	455
2	578	627
2	580	252
2	580	646
2	584	433
2	584	622
2	584	675
2	584	966
2	586	165
2	586	333
2	586	916
2	586	978
2	589	506
2	590	137
2	591	70
2	591	107
2	592	164
2	593	51
2	593	663
2	593	690
2	594	37
2	594	669
2	594	802
2	595	997
2	596	185
2	597	47
2	597	726
2	597	960
2	600	105
2	600	647
2	600	771
2	602	163
2	602	223
2	602	289
2	603	21
2	603	245
2	603	945
2	604	77
2	604	111
2	605	187
2	606	64
2	606	150
2	609	244
2	609	365
2	609	410
2	610	654
2	611	87
2	611	518
2	611	936
2	612	172
2	612	476
2	613	969
2	616	219
2	617	211
2	617	584
2	617	686
2	618	801
2	620	52
2	620	463
2	623	180
2	624	241
2	625	297
2	627	361
2	627	776
2	631	762
2	642	249
2	643	967
2	644	444
2	644	545
2	645	314
2	646	660
2	647	630
2	647	893
2	648	13
2	648	255
2	648	886
2	649	222
2	649	292
2	650	700
2	651	192
2	651	792
2	651	974
2	653	227
2	654	754
2	655	311
2	655	897
2	656	279
2	658	977
2	659	730
2	660	858
2	661	575
2	662	456
2	663	89
2	665	17
2	665	117
2	665	703
2	666	318
2	667	581
2	669	11
2	669	815
2	670	610
2	671	678
2	671	745
2	672	74
2	672	263
2	675	879
2	676	278
2	677	983
2	679	851
2	681	377
2	682	128
2	682	352
2	684	599
2	687	649
2	688	59
2	690	795
2	691	177
2	692	138
2	692	322
2	692	765
2	693	998
2	694	329
2	694	372
2	694	721
2	695	283
2	695	342
2	695	846
2	698	590
2	698	778
2	699	71
2	699	782
2	701	207
2	701	638
2	701	653
2	703	246
2	705	351
2	705	517
2	705	729
2	709	410
2	711	38
2	711	109
2	711	339
2	711	526
2	711	897
2	712	153
2	713	877
2	714	133
2	715	484
2	717	619
2	719	99
2	719	429
2	719	441
2	719	499
2	720	768
2	722	98
2	722	832
2	723	155
2	724	176
2	724	442
2	725	376
2	725	556
2	725	582
2	727	923
2	728	139
2	728	276
2	729	714
2	730	557
2	732	487
2	733	685
2	733	967
2	734	413
2	736	130
2	737	614
2	738	716
2	740	450
2	741	228
2	742	394
2	743	593
2	744	300
2	746	869
2	749	312
2	750	652
2	751	3
2	751	356
2	753	398
2	753	973
2	754	469
2	755	978
2	756	237
2	756	588
2	757	85
2	757	173
2	758	14
2	758	815
2	760	151
2	760	288
2	760	731
2	761	813
2	762	418
2	762	542
2	763	688
2	764	501
2	765	124
2	765	804
2	768	411
2	768	664
2	769	40
2	769	591
2	769	743
2	774	500
2	774	763
2	775	36
2	775	89
2	775	211
2	775	454
2	775	466
2	776	930
2	778	196
2	778	379
2	779	371
2	779	414
2	781	621
2	781	680
2	782	569
2	782	637
2	782	899
2	783	565
2	784	24
2	784	323
2	784	405
2	785	908
2	786	474
2	788	397
2	788	939
2	789	378
2	789	408
2	789	821
2	790	734
2	791	6
2	792	19
2	792	100
2	792	578
2	792	965
2	793	220
2	794	551
2	796	80
2	796	217
2	797	43
2	797	534
2	797	904
2	799	266
2	799	492
2	801	235
2	801	596
2	802	453
2	803	564
2	803	604
2	804	208
2	804	346
2	805	393
2	805	594
2	805	750
2	806	296
2	807	101
2	807	247
2	807	497
2	809	869
2	810	144
2	810	576
2	811	563
2	811	749
2	811	770
2	812	77
2	812	115
2	812	240
2	812	465
2	814	384
2	814	669
2	815	51
2	815	163
2	815	742
2	817	613
2	817	735
2	818	221
2	818	891
2	819	385
2	819	543
2	820	427
2	820	880
2	821	520
2	822	45
2	822	667
2	823	797
2	824	436
2	824	468
2	825	646
2	826	284
2	826	304
2	828	336
2	829	754
2	832	145
2	834	337
2	834	366
2	834	966
2	836	302
2	836	448
2	836	760
2	837	22
2	837	360
2	838	755
2	838	828
2	840	10
2	841	724
2	842	275
2	842	666
2	843	375
2	845	350
2	846	566
2	846	739
2	847	293
2	849	383
2	849	847
2	849	855
2	850	233
2	850	769
2	851	62
2	851	890
2	852	71
2	852	223
2	853	157
2	853	412
2	853	866
2	857	391
2	859	257
2	863	423
2	864	67
2	864	285
2	864	707
2	866	961
2	868	600
2	869	158
2	869	865
2	871	601
2	871	683
2	871	849
2	872	131
2	873	376
2	873	444
2	874	27
2	874	892
2	877	872
2	878	119
2	878	135
2	879	741
2	881	63
2	881	72
2	881	586
2	881	794
2	881	804
2	882	732
2	882	930
2	883	343
2	883	737
2	884	244
2	884	648
2	884	803
2	885	712
2	885	751
2	886	909
2	887	629
2	887	825
2	888	626
2	888	665
2	891	913
2	891	992
2	892	317
2	892	589
2	893	291
2	893	590
2	893	836
2	895	639
2	896	857
2	898	195
2	899	352
2	899	490
2	900	164
2	900	400
2	902	272
2	904	744
2	905	46
2	906	231
2	907	313
2	907	610
2	907	620
2	907	661
2	908	481
2	909	301
2	909	554
2	909	660
2	911	700
2	913	764
2	914	695
2	915	425
2	916	162
2	918	477
2	919	680
2	923	686
2	923	828
2	924	60
2	924	475
2	924	678
2	925	87
2	927	526
2	929	416
2	930	305
2	930	876
2	931	276
2	931	374
2	932	479
2	933	546
2	934	180
2	934	651
2	934	698
2	936	80
2	936	331
2	937	90
2	937	783
2	937	929
2	938	268
2	939	237
2	939	774
2	940	517
2	941	108
2	942	177
2	942	267
2	944	804
2	944	905
2	945	539
2	945	540
2	945	703
2	946	81
2	948	57
2	949	89
2	950	658
2	951	207
2	951	435
2	954	326
2	956	69
2	957	30
2	957	710
2	958	316
2	958	458
2	958	459
2	961	222
2	961	863
2	962	371
2	964	200
2	966	830
2	966	924
2	969	74
2	970	213
2	971	134
2	971	342
2	971	723
2	972	9
2	973	500
2	973	697
2	975	372
2	977	28
2	977	340
2	977	632
2	978	599
2	978	827
2	978	925
2	979	798
2	979	936
2	983	738
2	985	323
2	986	759
2	988	318
2	988	693
2	989	124
2	990	307
2	990	819
2	991	857
2	992	6
2	992	290
2	993	954
2	994	429
2	995	173
2	995	181
2	995	911
2	996	579
2	998	234
2	998	468
2	999	349
2	1001	10
2	1001	36
2	1003	389
2	1003	847
2	1005	511
2	1007	218
2	1007	692
2	1007	791
2	1010	21
2	1010	328
2	1010	745
2	1012	508
2	1015	780
2	1016	592
2	1016	811
2	1017	789
2	1018	92
2	1018	854
2	1020	266
2	1020	287
2	1020	462
2	1023	298
2	1023	557
2	1024	329
2	1024	822
2	1025	634
2	1027	544
2	1028	516
2	1029	582
2	1031	905
2	1032	800
2	1032	988
2	1034	88
2	1034	153
2	1035	596
2	1038	758
2	1038	883
2	1039	217
2	1039	992
2	1040	782
2	1041	364
2	1042	422
2	1043	127
2	1043	157
2	1043	421
2	1045	414
2	1045	469
2	1045	563
2	1046	175
2	1046	714
2	1047	37
2	1047	729
2	1048	256
2	1049	297
2	1049	454
2	1049	968
2	1050	430
2	1050	636
2	1051	375
2	1051	705
2	1051	731
2	1052	178
2	1052	843
2	1052	889
2	1053	488
2	1053	564
2	1054	394
2	1055	308
2	1055	743
2	1056	186
2	1057	232
2	1057	367
2	1057	612
2	1057	655
2	1058	465
2	1058	543
2	1058	862
2	1059	667
2	1061	380
2	1062	29
2	1062	559
2	1062	903
2	1063	510
2	1063	630
2	1064	185
2	1064	202
2	1064	464
2	1066	111
2	1066	888
2	1067	962
2	1068	197
2	1069	622
2	1069	779
2	1070	359
2	1070	822
2	1071	749
2	1071	925
2	1073	384
2	1073	637
2	1073	724
2	1073	752
2	1075	807
2	1077	183
2	1077	770
2	1077	839
2	1078	51
2	1078	163
2	1079	534
2	1079	833
2	1080	143
2	1080	560
2	1081	219
2	1082	80
2	1082	388
2	1082	446
2	1083	908
2	1084	238
2	1085	291
2	1085	470
2	1086	505
2	1090	271
2	1091	882
2	1092	824
2	1093	382
2	1094	248
2	1094	335
2	1094	519
2	1094	736
2	1095	552
2	1098	718
2	1098	753
2	1100	428
2	1100	545
2	1100	812
2	1101	274
2	1101	600
2	1103	333
2	1103	358
2	1103	424
2	1105	316
2	1105	463
2	1106	227
2	1107	129
2	1108	187
2	1108	282
2	1108	764
2	1109	94
2	1109	440
2	1109	629
2	1110	79
2	1111	546
2	1111	645
2	1111	720
2	1113	520
2	1114	263
2	1114	302
2	1115	12
2	1115	366
2	1115	666
2	1115	696
2	1116	34
2	1116	332
2	1118	176
2	1118	538
2	1119	760
2	1119	792
2	1120	139
2	1121	137
2	1121	194
2	1121	432
2	1121	926
2	1121	995
2	1122	210
2	1124	320
2	1124	347
2	1125	445
2	1125	539
2	1126	204
2	1127	301
2	1127	644
2	1127	910
2	1128	53
2	1128	793
2	1131	35
2	1131	174
2	1131	224
2	1133	1
2	1133	415
2	1133	751
2	1133	991
2	1134	198
2	1134	205
2	1135	419
2	1135	619
2	1135	699
2	1136	54
2	1137	285
2	1138	144
2	1139	343
2	1139	517
2	1139	964
2	1140	89
2	1141	802
2	1143	180
2	1143	412
2	1144	369
2	1145	167
2	1145	756
2	1147	500
2	1148	362
2	1148	657
2	1148	682
2	1150	233
2	1150	305
2	1151	97
2	1151	402
2	1151	448
2	1151	807
2	1153	905
2	1154	589
2	1156	136
2	1156	277
2	1156	781
2	1158	683
2	1158	777
2	1161	324
2	1163	762
2	1163	824
2	1165	117
2	1167	685
2	1168	974
2	1169	69
2	1169	917
2	1170	307
2	1173	408
2	1174	886
2	1175	341
2	1176	132
2	1177	241
2	1178	567
2	1180	900
2	1181	973
2	1182	95
2	1183	338
2	1184	312
2	1185	518
2	1185	842
2	1186	98
2	1187	40
2	1187	200
2	1187	368
2	1188	504
2	1188	578
2	1188	797
2	1191	246
2	1192	8
2	1193	367
2	1193	650
2	1194	280
2	1194	374
2	1195	624
2	1196	784
2	1197	108
2	1198	834
2	1198	869
2	1198	875
2	1201	289
2	1201	893
2	1204	759
2	1206	67
2	1209	91
2	1211	405
2	1211	598
2	1211	634
2	1212	738
2	1214	101
2	1214	655
2	1214	721
2	1214	861
2	1218	710
2	1221	887
2	1221	971
2	1222	216
2	1222	789
2	1224	815
2	1225	537
2	1225	583
2	1227	380
2	1228	604
2	1229	835
2	1230	703
2	1231	299
2	1231	848
2	1231	895
2	1234	795
2	1234	855
2	1234	942
2	1235	930
2	1236	773
2	1237	780
2	1238	316
2	1238	679
2	1240	113
2	1240	410
2	1240	818
2	1243	275
2	1244	88
2	1244	255
2	1245	727
2	1245	977
2	1247	675
2	1247	770
2	1248	259
2	1248	404
2	1249	796
2	1250	6
2	1250	87
2	1254	470
2	1254	623
2	1256	161
2	1257	175
2	1257	602
2	1259	168
2	1261	798
2	1262	125
2	1262	234
2	1263	439
2	1264	753
2	1265	473
2	1265	606
2	1266	640
2	1266	652
2	1267	10
2	1267	271
2	1267	391
2	1269	576
2	1273	820
2	1274	594
2	1275	203
2	1277	398
2	1280	658
2	1281	201
2	1283	677
2	1284	450
2	1286	147
2	1286	332
2	1286	812
2	1286	999
2	1289	14
2	1289	195
2	1289	478
2	1289	740
2	1291	196
2	1291	342
2	1291	344
2	1291	683
2	1292	661
2	1293	2
2	1293	381
2	1294	485
2	1295	866
2	1296	49
2	1296	73
2	1296	649
2	1298	407
2	1299	437
2	1299	529
2	1299	929
2	1300	314
2	1300	694
2	1300	760
2	1302	164
2	1302	206
2	1302	251
2	1302	561
2	1303	231
2	1303	321
2	1303	642
2	1304	515
2	1305	491
2	1305	552
2	1306	328
2	1306	645
2	1306	872
2	1308	155
2	1308	654
2	1309	856
2	1310	13
2	1310	222
2	1311	7
2	1311	536
2	1311	857
2	1312	499
2	1312	510
2	1313	500
2	1313	826
2	1315	469
2	1316	15
2	1316	540
2	1316	774
2	1318	194
2	1319	258
2	1319	291
2	1320	372
2	1321	253
2	1321	587
2	1322	148
2	1322	340
2	1323	590
2	1325	225
2	1325	264
2	1326	471
2	1326	886
2	1327	19
2	1327	71
2	1327	85
2	1328	237
2	1328	535
2	1329	331
2	1330	651
2	1330	842
2	1331	18
2	1331	506
2	1331	600
2	1332	569
2	1333	705
2	1335	487
2	1336	548
2	1337	145
2	1338	343
2	1338	878
2	1339	55
2	1339	250
2	1339	452
2	1340	213
2	1340	691
2	1342	215
2	1342	265
2	1344	53
2	1344	350
2	1345	156
2	1345	533
2	1345	867
2	1346	187
2	1346	327
2	1347	347
2	1350	392
2	1352	572
2	1353	525
2	1353	551
2	1354	698
2	1354	987
2	1355	472
2	1355	922
2	1355	937
2	1358	209
2	1359	43
2	1360	192
2	1361	916
2	1362	952
2	1363	528
2	1363	599
2	1363	808
2	1363	846
2	1363	869
2	1366	476
2	1367	880
2	1368	484
2	1368	532
2	1368	579
2	1368	821
2	1369	736
2	1370	279
2	1371	892
2	1372	153
2	1372	188
2	1372	977
2	1374	957
2	1377	58
2	1377	179
2	1378	223
2	1378	612
2	1378	845
2	1379	76
2	1379	706
2	1380	985
2	1381	191
2	1382	236
2	1382	294
2	1382	449
2	1383	933
2	1386	527
2	1386	707
2	1386	913
2	1387	246
2	1387	494
2	1389	129
2	1390	256
2	1390	304
2	1390	914
2	1391	140
2	1391	270
2	1391	323
2	1393	79
2	1394	889
2	1395	311
2	1396	730
2	1397	355
2	1397	680
2	1398	299
2	1398	475
2	1399	2
2	1399	111
2	1402	375
2	1404	205
2	1404	482
2	1405	420
2	1405	516
2	1405	797
2	1406	659
2	1407	648
2	1407	696
2	1407	875
2	1407	967
2	1408	286
2	1408	464
2	1409	218
2	1409	326
2	1409	860
2	1409	949
2	1411	284
2	1411	479
2	1414	68
2	1414	138
2	1414	197
2	1415	106
2	1415	958
2	1416	74
2	1416	113
2	1417	623
2	1420	360
2	1421	110
2	1421	185
2	1422	38
2	1422	445
2	1423	341
2	1423	502
2	1424	555
2	1426	255
2	1426	497
2	1428	333
2	1428	391
2	1428	511
2	1428	965
2	1432	50
2	1432	380
2	1433	51
2	1435	529
2	1437	348
2	1437	883
2	1439	466
2	1439	734
2	1439	787
2	1440	390
2	1442	276
2	1442	871
2	1443	234
2	1446	366
2	1446	776
2	1448	583
2	1448	704
2	1451	200
2	1451	564
2	1452	943
2	1453	537
2	1453	925
2	1454	94
2	1454	526
2	1454	683
2	1455	62
2	1455	834
2	1456	530
2	1456	907
2	1458	809
2	1459	362
2	1459	498
2	1459	587
2	1459	916
2	1460	567
2	1461	393
2	1461	904
2	1462	208
2	1462	266
2	1462	645
2	1462	811
2	1465	195
2	1465	329
2	1465	957
2	1467	824
2	1468	167
2	1468	650
2	1469	749
2	1470	649
2	1472	524
2	1473	597
2	1473	627
2	1474	47
2	1475	574
2	1476	755
2	1476	923
2	1477	347
2	1477	613
2	1478	17
2	1478	665
2	1479	79
2	1479	405
2	1479	744
2	1481	735
2	1482	760
2	1483	202
2	1483	503
2	1483	898
2	1484	662
2	1487	432
2	1487	995
2	1488	963
2	1488	972
2	1491	233
2	1492	154
2	1493	765
2	1494	789
2	1495	386
2	1496	778
2	1497	133
2	1498	221
2	1498	635
2	1499	65
2	1499	954
2	1500	819
2	1500	988
2	1501	918
2	1501	979
2	1502	288
2	1502	576
2	1504	225
2	1506	756
2	1507	581
2	1508	189
2	1511	280
2	1513	422
2	1513	804
2	1514	18
2	1514	948
2	1515	66
2	1515	244
2	1515	307
2	1516	899
2	1517	161
2	1517	227
2	1517	474
2	1519	794
2	1520	461
2	1521	63
2	1522	647
2	1523	438
2	1523	786
2	1524	300
2	1524	844
2	1525	394
2	1526	73
2	1527	176
2	1527	595
2	1528	262
2	1528	446
2	1528	782
2	1530	327
2	1530	693
2	1530	826
2	1531	382
2	1531	731
2	1532	184
2	1532	563
2	1533	212
2	1535	104
2	1537	75
2	1537	1000
2	1538	119
2	1538	238
2	1538	296
2	1538	697
2	1539	181
2	1539	220
2	1539	656
2	1540	500
2	1540	752
2	1541	843
2	1542	100
2	1542	914
2	1542	942
2	1543	501
2	1543	841
2	1543	856
2	1543	988
2	1544	336
2	1545	617
2	1547	407
2	1547	706
2	1548	112
2	1548	606
2	1551	448
2	1551	715
2	1552	435
2	1552	467
2	1552	594
2	1553	477
2	1554	69
2	1555	245
2	1555	565
2	1555	889
2	1556	103
2	1557	250
2	1557	910
2	1560	144
2	1561	415
2	1561	958
2	1563	258
2	1564	507
2	1565	728
2	1565	745
2	1566	721
2	1566	838
2	1566	936
2	1567	796
2	1568	25
2	1568	632
2	1569	35
2	1571	349
2	1571	452
2	1573	192
2	1573	816
2	1574	680
2	1575	33
2	1576	29
2	1576	948
2	1577	338
2	1579	34
2	1579	758
2	1582	96
2	1582	531
2	1582	780
2	1583	570
2	1583	687
2	1583	696
2	1584	68
2	1585	59
2	1586	761
2	1586	947
2	1588	730
2	1589	707
2	1591	8
2	1591	892
2	1592	222
2	1593	264
2	1593	775
2	1594	116
2	1596	234
2	1596	611
2	1597	306
2	1598	577
2	1599	44
2	1599	550
2	1602	413
2	1602	704
2	1603	101
2	1604	297
2	1609	32
2	1609	236
2	1611	151
2	1615	447
2	1616	433
2	1616	514
2	1618	57
2	1619	573
2	1619	912
2	1620	45
2	1622	414
2	1622	756
2	1623	26
2	1624	164
2	1624	641
2	1625	92
2	1625	430
2	1626	893
2	1627	870
2	1630	387
2	1631	167
2	1631	854
2	1632	383
2	1634	602
2	1634	793
2	1636	681
2	1636	764
2	1637	219
2	1637	580
2	1637	675
2	1638	131
2	1638	604
2	1638	701
2	1639	180
2	1640	511
2	1640	839
2	1640	952
2	1641	418
2	1642	403
2	1642	665
2	1643	145
2	1643	658
2	1644	470
2	1644	539
2	1645	462
2	1645	731
2	1646	488
2	1649	621
2	1650	742
2	1651	174
2	1652	40
2	1652	223
2	1652	339
2	1652	351
2	1653	127
2	1654	37
2	1655	370
2	1657	591
2	1659	584
2	1660	709
2	1661	644
2	1662	847
2	1664	479
2	1664	985
2	1665	21
2	1665	126
2	1665	375
2	1668	39
2	1668	471
2	1670	190
2	1670	322
2	1671	360
2	1673	317
2	1674	404
2	1675	725
2	1675	997
2	1676	172
2	1681	798
2	1683	187
2	1683	361
2	1683	668
2	1684	397
2	1685	666
2	1686	335
2	1690	472
2	1690	512
2	1690	800
2	1692	504
2	1692	831
2	1693	135
2	1696	17
2	1696	229
2	1696	799
2	1696	844
2	1698	671
2	1698	791
2	1699	289
2	1699	881
2	1701	155
2	1701	642
2	1703	235
2	1704	84
2	1704	797
2	1705	228
2	1705	406
2	1705	628
2	1706	36
2	1707	713
2	1708	548
2	1709	74
2	1709	645
2	1711	823
2	1711	847
2	1712	98
2	1713	771
2	1715	76
2	1715	280
2	1716	132
2	1718	249
2	1718	450
2	1720	3
2	1720	106
2	1720	846
2	1721	603
2	1723	613
2	1725	239
2	1725	487
2	1726	365
2	1727	521
2	1728	500
2	1730	429
2	1732	171
2	1732	903
2	1732	928
2	1733	137
2	1734	352
2	1737	303
2	1738	199
2	1740	746
2	1740	881
2	1743	196
2	1744	195
2	1744	489
2	1744	553
2	1747	134
2	1747	697
2	1748	924
2	1750	41
2	1751	950
2	1752	473
2	1752	497
2	1755	103
2	1755	446
2	1756	241
2	1756	543
2	1758	768
2	1765	496
2	1766	437
2	1769	349
2	1769	601
2	1771	723
2	1771	843
2	1773	412
2	1773	590
2	1774	46
2	1775	350
2	1775	925
2	1776	35
2	1776	226
2	1779	251
2	1780	327
2	1780	520
2	1780	847
2	1781	394
2	1782	122
2	1783	517
2	1784	371
2	1784	588
2	1784	988
2	1786	250
2	1786	528
2	1786	757
2	1787	80
2	1788	710
2	1790	482
2	1792	813
2	1793	864
2	1793	986
2	1794	772
2	1795	629
2	1795	778
2	1796	416
2	1796	580
2	1797	322
2	1799	334
2	1799	985
2	1800	93
2	1800	615
2	1800	660
2	1800	679
2	1800	926
2	1801	827
2	1801	887
2	1803	342
2	1804	731
2	1805	66
2	1805	148
2	1805	151
2	1807	838
2	1811	320
2	1811	516
2	1811	659
2	1813	107
2	1813	316
2	1814	245
2	1814	699
2	1815	7
2	1816	400
2	1817	933
2	1818	724
2	1818	810
2	1819	208
2	1819	421
2	1819	442
2	1819	821
2	1819	851
2	1820	368
2	1820	579
2	1820	743
2	1820	844
2	1821	133
2	1821	372
2	1823	707
2	1823	998
2	1824	800
2	1825	19
2	1825	896
2	1826	931
2	1827	670
2	1828	348
2	1829	123
2	1829	168
2	1831	389
2	1831	396
2	1833	401
2	1834	48
2	1834	759
2	1835	240
2	1837	722
2	1837	748
2	1839	386
2	1841	94
2	1841	124
2	1841	403
2	1841	480
2	1842	152
2	1842	254
2	1843	188
2	1843	456
2	1843	519
2	1843	977
2	1844	406
2	1846	33
2	1846	559
2	1846	589
2	1850	463
2	1850	690
2	1851	914
2	1854	52
2	1854	658
2	1857	149
2	1858	116
2	1858	395
2	1860	427
2	1860	964
2	1861	32
2	1862	317
2	1863	994
2	1865	734
2	1866	691
2	1868	278
2	1868	399
2	1868	503
2	1872	681
2	1873	20
2	1873	729
2	1874	201
2	1874	851
2	1875	84
2	1876	22
2	1876	106
2	1876	745
2	1877	162
2	1877	246
2	1878	617
2	1879	140
2	1879	353
2	1880	247
2	1880	357
2	1881	256
2	1881	803
2	1882	144
2	1882	341
2	1882	535
2	1882	715
2	1882	855
2	1883	351
2	1883	904
2	1884	507
2	1885	849
2	1887	224
2	1887	885
2	1890	255
2	1890	275
2	1890	294
2	1890	799
2	1891	486
2	1892	557
2	1892	641
2	1894	394
2	1894	665
2	1894	909
2	1895	452
2	1895	997
2	1897	857
2	1898	308
2	1899	181
2	1899	556
2	1900	500
2	1900	776
2	1901	807
2	1901	899
2	1902	465
2	1904	303
2	1904	439
2	1904	612
2	1904	860
2	1906	64
2	1906	787
2	1907	582
2	1908	542
2	1909	333
2	1911	231
2	1912	865
2	1915	335
2	1916	222
2	1918	36
2	1918	281
2	1918	600
2	1918	669
2	1918	918
2	1920	189
2	1921	965
2	1922	291
2	1922	848
2	1923	8
2	1924	502
2	1924	916
2	1925	62
2	1925	437
2	1925	995
2	1927	450
2	1929	497
2	1930	286
2	1930	576
2	1930	755
2	1931	573
2	1931	879
2	1932	467
2	1932	678
2	1933	43
2	1933	165
2	1934	161
2	1934	735
2	1935	455
2	1935	933
2	1936	897
2	1937	597
2	1939	461
2	1939	914
2	1940	51
2	1940	205
2	1940	942
2	1942	114
2	1942	786
2	1943	736
2	1944	369
2	1944	536
2	1945	359
2	1945	996
2	1946	284
2	1947	301
2	1947	583
2	1947	738
2	1948	378
2	1948	546
2	1948	656
2	1948	954
2	1951	183
2	1951	337
2	1951	647
2	1953	61
2	1953	342
2	1953	484
2	1953	814
2	1955	757
2	1956	344
2	1956	555
2	1956	976
2	1957	358
2	1958	988
2	1961	540
2	1961	552
2	1962	105
2	1962	651
2	1964	343
2	1964	868
2	1965	748
2	1966	449
2	1966	645
2	1967	723
2	1968	128
2	1968	292
2	1968	424
2	1968	543
2	1968	853
2	1969	103
2	1969	595
2	1969	968
2	1973	280
2	1973	896
2	1975	82
2	1975	272
2	1975	522
2	1975	861
2	1976	339
2	1979	973
2	1980	14
2	1980	657
2	1981	622
2	1982	488
2	1986	223
2	1988	915
2	1991	256
2	1991	750
2	1991	978
2	1993	192
2	1995	26
2	1995	777
2	1995	885
2	1996	276
2	1996	548
2	1997	118
2	1997	659
2	1999	625
2	2001	489
2	2001	967
2	2002	267
2	2002	893
2	2004	225
2	2007	699
2	2009	173
2	2009	356
2	2011	218
2	2012	419
2	2014	116
2	2015	470
2	2015	712
2	2016	132
2	2016	550
2	2016	781
2	2017	290
2	2017	409
2	2017	442
2	2018	574
2	2018	728
2	2018	730
2	2019	7
2	2019	95
2	2019	108
2	2019	158
2	2019	307
2	2019	491
2	2019	670
2	2020	81
2	2020	895
2	2021	668
2	2023	493
2	2023	641
2	2024	210
2	2024	706
2	2026	98
2	2026	171
2	2028	942
2	2030	792
2	2031	640
2	2032	367
2	2033	662
2	2033	769
2	2033	985
2	2034	92
2	2034	633
2	2034	759
2	2037	142
2	2037	271
2	2037	858
2	2038	713
2	2041	520
2	2042	382
2	2042	509
2	2043	196
2	2044	278
2	2046	554
2	2050	556
2	2051	238
2	2051	346
2	2051	925
2	2052	29
2	2052	617
2	2054	113
2	2055	400
2	2056	629
2	2057	295
2	2057	364
2	2057	393
2	2057	566
2	2058	404
2	2059	350
2	2059	535
2	2059	760
2	2060	257
2	2061	461
2	2061	644
2	2061	964
2	2063	117
2	2063	579
2	2063	590
2	2063	916
2	2063	940
2	2064	411
2	2065	512
2	2065	514
2	2065	755
2	2066	304
2	2066	747
2	2067	313
2	2067	765
2	2068	134
2	2068	478
2	2068	653
2	2068	987
2	2069	167
2	2069	174
2	2069	573
2	2072	283
2	2072	389
2	2072	735
2	2073	385
2	2074	377
2	2074	737
2	2075	450
2	2075	480
2	2076	44
2	2076	636
2	2076	866
2	2077	366
2	2078	360
2	2078	941
2	2079	434
2	2080	274
2	2080	741
2	2080	968
2	2082	252
2	2082	711
2	2083	28
2	2083	78
2	2083	672
2	2084	646
2	2085	602
2	2085	820
2	2086	198
2	2086	530
2	2087	503
2	2088	567
2	2089	150
2	2089	177
2	2089	219
2	2089	702
2	2090	289
2	2090	587
2	2090	742
2	2091	172
2	2092	188
2	2092	243
2	2094	244
2	2095	288
2	2096	314
2	2097	144
2	2097	396
2	2097	918
2	2098	72
2	2099	422
2	2099	873
2	2101	151
2	2101	184
2	2102	454
2	2103	979
2	2104	681
2	2104	727
2	2104	793
2	2106	163
2	2108	286
2	2109	399
2	2109	412
2	2109	650
2	2110	445
2	2111	168
2	2113	373
2	2114	432
2	2114	683
2	2115	124
2	2115	375
2	2116	58
2	2116	697
2	2117	208
2	2117	809
2	2119	261
2	2119	513
2	2120	264
2	2121	80
2	2122	157
2	2123	340
2	2123	911
2	2124	83
2	2127	180
2	2128	206
2	2128	482
2	2130	441
2	2131	691
2	2132	578
2	2133	114
2	2135	533
2	2137	970
2	2138	287
2	2138	372
2	2138	987
2	2139	426
2	2139	643
2	2139	979
2	2140	538
2	2141	326
2	2141	547
2	2143	138
2	2143	210
2	2143	343
2	2143	390
2	2144	47
2	2144	466
2	2144	473
2	2144	695
2	2147	221
2	2147	254
2	2147	600
2	2148	635
2	2149	94
2	2150	21
2	2150	439
2	2151	102
2	2152	924
2	2153	96
2	2155	240
2	2156	657
2	2157	983
2	2158	112
2	2158	584
2	2158	754
2	2158	837
2	2159	416
2	2159	753
2	2160	459
2	2160	633
2	2161	448
2	2161	468
2	2163	768
2	2164	428
2	2164	464
2	2166	709
2	2167	402
2	2167	655
2	2168	322
2	2170	762
2	2172	352
2	2174	318
2	2174	436
2	2175	623
2	2175	920
2	2176	342
2	2176	939
2	2179	118
2	2179	319
2	2181	475
2	2181	906
2	2181	968
2	2183	337
2	2184	253
2	2188	129
2	2188	764
2	2189	774
2	2190	437
2	2190	773
2	2192	36
2	2192	671
2	2194	419
2	2195	156
2	2195	716
2	2196	529
2	2197	33
2	2197	532
2	2198	60
2	2198	194
2	2198	362
2	2199	223
2	2200	660
2	2201	771
2	2202	673
2	2203	384
2	2204	717
2	2205	813
2	2206	654
2	2209	106
2	2209	363
2	2210	800
2	2210	852
2	2211	126
2	2211	328
2	2212	73
2	2213	856
2	2214	10
2	2214	701
2	2220	38
2	2221	876
2	2222	585
2	2226	365
2	2226	403
2	2227	611
2	2228	100
2	2228	466
2	2228	751
2	2229	809
2	2230	308
2	2231	234
2	2231	550
2	2233	241
2	2233	449
2	2234	46
2	2234	74
2	2237	301
2	2238	617
2	2238	906
2	2239	14
2	2239	227
2	2241	666
2	2241	834
2	2241	861
2	2243	66
2	2243	229
2	2243	561
2	2245	537
2	2245	731
2	2245	790
2	2246	386
2	2246	849
2	2247	472
2	2248	675
2	2249	613
2	2250	433
2	2250	461
2	2252	95
2	2252	323
2	2252	367
2	2252	670
2	2252	827
2	2252	862
2	2253	162
2	2253	232
2	2253	300
2	2253	463
2	2253	597
2	2253	806
2	2254	8
2	2254	23
2	2254	368
2	2254	575
2	2255	588
2	2256	59
2	2256	521
2	2256	918
2	2257	119
2	2258	516
2	2261	185
2	2261	652
2	2261	712
2	2262	85
2	2262	878
2	2264	630
2	2264	742
2	2264	901
2	2265	535
2	2267	996
2	2268	502
2	2268	765
2	2269	277
2	2269	444
2	2269	531
2	2270	238
2	2270	741
2	2270	946
2	2271	76
2	2272	255
2	2272	398
2	2273	621
2	2274	582
2	2275	329
2	2275	455
2	2276	441
2	2276	995
2	2278	333
2	2278	422
2	2278	526
2	2278	831
2	2279	509
2	2281	110
2	2281	265
2	2281	275
2	2281	845
2	2282	950
2	2284	728
2	2284	840
2	2284	927
2	2285	49
2	2287	917
2	2288	795
2	2289	52
2	2290	164
2	2292	705
2	2293	424
2	2294	310
2	2294	487
2	2295	581
2	2295	589
2	2295	646
2	2297	147
2	2297	631
2	2298	488
2	2298	842
2	2300	541
2	2300	551
2	2301	641
2	2303	750
2	2304	482
2	2306	369
2	2307	246
2	2308	64
2	2308	263
2	2309	495
2	2310	81
2	2310	109
2	2310	148
2	2310	412
2	2311	121
2	2312	149
2	2313	160
2	2315	536
2	2316	115
2	2317	789
2	2318	756
2	2318	779
2	2319	440
2	2321	929
2	2322	366
2	2323	292
2	2325	163
2	2327	191
2	2328	117
2	2330	280
2	2330	299
2	2330	608
2	2330	908
2	2332	212
2	2332	635
2	2334	242
2	2334	484
2	2336	520
2	2337	215
2	2337	473
2	2338	953
2	2339	82
2	2339	921
2	2340	196
2	2340	637
2	2341	205
2	2341	802
2	2343	129
2	2343	304
2	2344	696
2	2345	555
2	2345	677
2	2346	102
2	2346	182
2	2346	250
2	2346	303
2	2348	279
2	2348	672
2	2350	507
2	2351	276
2	2351	493
2	2352	20
2	2352	70
2	2353	529
2	2355	823
2	2356	94
2	2356	545
2	2358	453
2	2359	578
2	2360	105
2	2362	140
2	2363	278
2	2363	822
2	2364	54
2	2364	399
2	2365	694
2	2368	897
2	2370	97
2	2371	344
2	2371	698
2	2373	830
2	2375	498
2	2376	372
2	2376	611
2	2377	63
2	2378	293
2	2378	478
2	2378	584
2	2379	389
2	2379	524
2	2380	134
2	2380	600
2	2380	937
2	2382	233
2	2382	761
2	2383	67
2	2383	594
2	2383	974
2	2384	732
2	2386	965
2	2387	37
2	2387	374
2	2387	385
2	2387	419
2	2387	634
2	2388	285
2	2388	657
2	2389	479
2	2389	627
2	2389	665
2	2390	515
2	2391	490
2	2391	617
2	2392	157
2	2392	272
2	2392	459
2	2392	713
2	2393	36
2	2394	574
2	2394	595
2	2395	284
2	2395	777
2	2395	872
2	2396	173
2	2397	370
2	2398	326
2	2398	400
2	2398	452
2	2398	460
2	2398	615
2	2399	203
2	2399	351
2	2399	596
2	2399	683
2	2399	919
2	2402	316
2	2402	450
2	2403	653
2	2404	638
2	2405	256
2	2405	813
2	2406	722
2	2407	139
2	2407	972
2	2408	118
2	2408	861
2	2409	666
2	2412	387
2	2412	798
2	2415	417
2	2415	544
2	2416	480
2	2418	213
2	2419	953
2	2420	579
2	2423	77
2	2425	775
2	2426	128
2	2426	510
2	2426	540
2	2426	721
2	2427	19
2	2429	375
2	2431	343
2	2431	420
2	2431	546
2	2431	748
2	2431	994
2	2432	710
2	2433	741
2	2434	287
2	2436	358
2	2436	950
2	2437	165
2	2437	501
2	2438	577
2	2439	154
2	2439	271
2	2440	202
2	2440	716
2	2441	171
2	2443	123
2	2443	937
2	2444	850
2	2444	915
2	2445	887
2	2447	443
2	2449	240
2	2449	563
2	2449	658
2	2450	359
2	2450	386
2	2451	308
2	2451	708
2	2453	72
2	2453	693
2	2455	703
2	2456	39
2	2457	757
2	2458	335
2	2459	236
2	2461	121
2	2462	642
2	2463	104
2	2464	127
2	2465	846
2	2466	90
2	2466	347
2	2468	315
2	2468	752
2	2470	560
2	2470	567
2	2471	17
2	2471	505
2	2472	84
2	2475	336
2	2476	207
2	2476	442
2	2476	525
2	2477	251
2	2477	912
2	2478	820
2	2479	15
2	2480	259
2	2480	301
2	2481	998
2	2483	547
2	2483	877
2	2485	98
2	2485	426
2	2485	603
2	2487	145
2	2489	686
2	2489	982
2	2490	488
2	2491	286
2	2493	345
2	2493	687
2	2497	455
2	2498	731
2	2499	552
2	2500	11
2	2500	702
2	2501	2
2	2501	881
2	2502	446
2	2502	512
2	2503	217
2	2503	632
2	2503	763
2	2504	80
2	2504	209
2	2504	414
2	2504	799
2	2505	643
2	2505	679
2	2505	780
2	2506	327
2	2506	720
2	2506	994
2	2507	364
2	2508	314
2	2508	730
2	2509	349
2	2510	150
2	2511	216
2	2511	243
2	2513	111
2	2514	277
2	2514	380
2	2515	341
2	2515	542
2	2517	63
2	2517	818
2	2518	444
2	2519	265
2	2519	754
2	2521	373
2	2521	914
2	2522	437
2	2522	581
2	2523	382
2	2524	86
2	2524	480
2	2524	868
2	2525	357
2	2527	522
2	2531	40
2	2531	561
2	2533	56
2	2533	363
2	2534	550
2	2534	624
2	2536	627
2	2538	249
2	2538	401
2	2539	650
2	2541	122
2	2541	238
2	2541	500
2	2541	697
2	2542	205
2	2542	496
2	2543	295
2	2544	27
2	2545	621
2	2545	970
2	2546	425
2	2547	551
2	2547	647
2	2549	607
2	2550	366
2	2550	622
2	2551	586
2	2551	882
2	2551	971
2	2553	532
2	2554	787
2	2555	330
2	2555	740
2	2556	139
2	2556	212
2	2556	616
2	2558	288
2	2560	511
2	2563	42
2	2563	181
2	2563	219
2	2564	107
2	2564	675
2	2565	321
2	2565	685
2	2566	625
2	2569	714
2	2571	245
2	2572	751
2	2573	102
2	2573	361
2	2573	775
2	2574	322
2	2577	609
2	2578	76
2	2579	4
2	2580	906
2	2581	765
2	2582	355
2	2582	590
2	2582	939
2	2583	831
2	2583	945
2	2583	954
2	2584	546
2	2585	134
2	2585	214
2	2585	716
2	2589	48
2	2589	412
2	2589	757
2	2592	149
2	2592	312
2	2593	221
2	2594	108
2	2594	991
2	2595	749
2	2596	485
2	2597	37
2	2597	264
2	2597	600
2	2598	492
2	2599	428
2	2600	320
2	2600	368
2	2602	247
2	2602	665
2	2605	719
2	2605	734
2	2606	578
2	2606	674
2	2608	131
2	2608	394
2	2611	377
2	2611	619
2	2612	633
2	2614	101
2	2614	481
2	2614	575
2	2615	635
2	2616	210
2	2617	236
2	2618	415
2	2618	814
2	2619	94
2	2619	317
2	2620	753
2	2620	857
2	2620	962
2	2621	639
2	2622	746
2	2624	931
2	2625	381
2	2627	896
2	2628	735
2	2629	68
2	2629	116
2	2629	163
2	2629	507
2	2630	855
2	2634	933
2	2636	137
2	2638	16
2	2639	64
2	2639	184
2	2640	618
2	2642	284
2	2643	573
2	2645	638
2	2647	225
2	2648	545
2	2649	319
2	2650	852
2	2653	797
2	2656	154
2	2657	34
2	2657	220
2	2657	338
2	2657	509
2	2657	598
2	2658	161
2	2659	209
2	2659	677
2	2660	305
2	2663	515
2	2664	313
2	2664	723
2	2665	23
2	2665	180
2	2667	389
2	2667	799
2	2670	118
2	2670	773
2	2670	882
2	2671	291
2	2673	73
2	2673	145
2	2673	610
2	2673	742
2	2673	955
2	2676	270
2	2676	587
2	2680	513
2	2680	722
2	2681	223
2	2682	358
2	2682	988
2	2684	142
2	2684	208
2	2684	591
2	2685	371
2	2685	565
2	2685	758
2	2687	297
2	2687	613
2	2688	105
2	2688	675
2	2689	390
2	2689	982
2	2690	189
2	2690	771
2	2691	232
2	2691	365
2	2692	301
2	2692	883
2	2693	46
2	2693	281
2	2693	331
2	2693	568
2	2694	54
2	2695	35
2	2695	50
2	2695	226
2	2695	298
2	2695	824
2	2696	265
2	2698	311
2	2699	185
2	2699	409
2	2699	668
2	2699	956
2	2699	1000
2	2700	931
2	2701	128
2	2702	202
2	2702	605
2	2702	895
2	2704	96
2	2705	845
2	2706	762
2	2707	66
2	2707	323
2	2707	806
2	2708	56
2	2708	83
2	2708	624
2	2708	704
2	2709	718
2	2710	553
2	2711	36
2	2712	229
2	2713	222
2	2713	533
2	2713	560
2	2714	127
2	2714	421
2	2714	544
2	2715	156
2	2715	496
2	2715	860
2	2715	990
2	2716	869
2	2717	165
2	2717	431
2	2718	186
2	2718	549
2	2719	130
2	2719	943
2	2720	178
2	2720	792
2	2721	166
2	2721	423
2	2723	916
2	2725	296
2	2725	580
2	2726	12
2	2726	44
2	2726	250
2	2726	336
2	2726	706
2	2726	787
2	2726	984
2	2728	547
2	2729	203
2	2729	403
2	2729	484
2	2730	8
2	2730	286
2	2730	406
2	2731	451
2	2732	135
2	2732	347
2	2732	501
2	2732	786
2	2734	337
2	2734	362
2	2734	640
2	2734	659
2	2735	345
2	2735	645
2	2736	519
2	2738	550
2	2739	763
2	2740	570
2	2741	315
2	2741	608
2	2741	816
2	2742	811
2	2743	126
2	2743	468
2	2743	710
2	2743	716
2	2743	896
2	2744	59
2	2744	187
2	2745	321
2	2746	460
2	2746	663
2	2747	379
2	2749	446
2	2749	500
2	2749	733
2	2755	245
2	2757	295
2	2758	115
2	2758	488
2	2758	741
2	2759	349
2	2760	363
2	2761	382
2	2761	494
2	2762	978
2	2765	149
2	2766	4
2	2766	530
2	2767	546
2	2774	55
2	2774	590
2	2775	456
2	2776	870
2	2777	339
2	2778	880
2	2780	626
2	2782	374
2	2782	480
2	2784	167
2	2785	572
2	2786	944
2	2787	472
2	2787	713
2	2788	414
2	2789	541
2	2791	172
2	2794	757
2	2795	928
2	2796	206
2	2797	746
2	2798	27
2	2798	688
2	2799	183
2	2800	738
2	2801	444
2	2802	441
2	2802	611
2	2803	695
2	2804	401
2	2805	967
2	2806	147
2	2806	643
2	2807	365
2	2810	577
2	2811	450
2	2813	200
2	2814	565
2	2814	798
2	2815	399
2	2816	85
2	2816	260
2	2816	521
2	2816	868
2	2817	244
2	2817	445
2	2819	210
2	2819	761
2	2820	777
2	2821	155
2	2822	326
2	2822	418
2	2824	234
2	2825	94
2	2825	371
2	2825	471
2	2825	620
2	2826	120
2	2829	483
2	2831	289
2	2832	389
2	2832	422
2	2832	476
2	2833	45
2	2835	277
2	2837	505
2	2837	520
2	2837	574
2	2838	607
2	2838	708
2	2838	765
2	2838	965
2	2839	396
2	2839	901
2	2840	672
2	2841	753
2	2842	385
2	2842	531
2	2842	780
2	2844	457
2	2846	116
2	2846	534
2	2846	689
2	2847	448
2	2848	614
2	2848	686
2	2849	267
2	2849	330
2	2850	919
2	2852	294
2	2853	437
2	2853	734
2	2855	502
2	2855	656
2	2855	740
2	2856	158
2	2857	18
2	2857	279
2	2857	332
2	2857	477
2	2857	646
2	2858	43
2	2858	195
2	2858	361
2	2859	268
2	2859	347
2	2859	725
2	2859	779
2	2860	754
2	2861	118
2	2861	597
2	2862	465
2	2862	599
2	2863	994
2	2864	16
2	2865	170
2	2865	292
2	2865	512
2	2865	969
2	2866	606
2	2866	854
2	2867	556
2	2869	878
2	2870	517
2	2871	331
2	2871	879
2	2872	908
2	2874	191
2	2874	828
2	2876	404
2	2877	276
2	2877	904
2	2878	101
2	2879	17
2	2883	537
2	2883	622
2	2883	894
2	2883	930
2	2884	851
2	2885	462
2	2885	526
2	2885	616
2	2885	690
2	2886	49
2	2887	823
2	2887	923
2	2888	248
2	2889	251
2	2891	860
2	2893	2
2	2893	64
2	2894	436
2	2894	987
2	2895	301
2	2895	435
2	2895	623
2	2895	756
2	2896	917
2	2897	704
2	2898	34
2	2898	176
2	2898	231
2	2898	952
2	2899	540
2	2899	968
2	2900	722
2	2903	177
2	2903	642
2	2903	781
2	2905	129
2	2905	918
2	2906	743
2	2906	895
2	2906	940
2	2907	346
2	2907	352
2	2908	567
2	2909	426
2	2909	443
2	2909	514
2	2910	322
2	2910	771
2	2912	87
2	2912	190
2	2912	406
2	2916	349
2	2916	513
2	2916	864
2	2917	284
2	2917	508
2	2917	920
2	2918	35
2	2918	658
2	2918	845
2	2919	773
2	2920	962
2	2921	290
2	2921	788
2	2923	350
2	2923	784
2	2924	586
2	2924	737
2	2926	7
2	2926	553
2	2927	415
2	2930	498
2	2930	634
2	2930	746
2	2931	236
2	2931	249
2	2931	976
2	2932	180
2	2932	700
2	2934	166
2	2935	302
2	2936	5
2	2936	142
2	2936	592
2	2936	651
2	2937	242
2	2937	630
2	2937	912
2	2938	703
2	2938	854
2	2939	380
2	2940	179
2	2940	271
2	2941	930
2	2941	939
2	2942	499
2	2944	935
2	2945	205
2	2945	778
2	2945	858
2	2945	911
2	2946	539
2	2950	360
2	2950	967
2	2951	729
2	2952	810
2	2953	433
2	2954	850
2	2956	561
2	2957	354
2	2957	469
2	2959	320
2	2960	931
2	2962	61
2	2962	662
2	2963	254
2	2963	670
2	2965	36
2	2965	762
2	2966	856
2	2966	857
2	2968	721
2	2968	963
2	2969	874
2	2970	538
2	2971	866
2	2976	19
2	2976	425
2	2979	519
2	2980	923
2	2981	617
2	2983	682
2	2984	102
2	2984	132
2	2984	140
2	2984	372
2	2985	789
2	2986	171
2	2986	252
2	2988	510
2	2988	625
2	2989	505
2	2990	550
2	2991	198
2	2991	253
2	2991	405
2	2992	84
2	2992	358
2	2992	416
2	2993	336
2	2994	407
2	2994	741
2	2994	747
2	2995	770
2	2996	29
2	2996	63
2	2996	939
2	2997	93
2	2997	105
2	2997	337
2	2997	757
2	2997	800
2	2998	111
2	2998	218
2	2998	468
2	2999	387
2	3000	504
2	3001	329
2	3001	650
2	3001	851
2	3002	385
2	3003	71
2	3003	243
2	3004	780
2	3006	92
2	3006	697
2	3007	275
2	3007	317
2	3007	772
2	3009	255
2	3010	739
2	3011	643
2	3011	740
2	3012	159
2	3013	161
2	3013	931
2	3013	992
2	3014	287
2	3015	282
2	3016	377
2	3016	442
2	3018	804
2	3018	973
2	3019	551
2	3019	867
2	3019	977
2	3020	941
2	3021	484
2	3022	56
2	3022	654
2	3022	916
2	3023	797
2	3027	451
2	3027	568
2	3028	13
2	3028	796
2	3029	15
2	3029	631
2	3029	683
2	3029	839
2	3030	327
2	3030	418
2	3031	731
2	3032	701
2	3034	90
2	3034	646
2	3034	754
2	3035	83
2	3035	257
2	3035	435
2	3037	96
2	3038	492
2	3038	497
2	3039	419
2	3040	480
2	3040	541
2	3041	106
2	3042	429
2	3042	989
2	3043	557
2	3043	674
2	3044	86
2	3044	455
2	3045	328
2	3045	400
2	3046	389
2	3048	669
2	3052	206
2	3052	366
2	3052	473
2	3052	491
2	3054	923
2	3056	347
2	3056	560
2	3056	612
2	3056	761
2	3056	826
2	3057	409
2	3058	581
2	3059	341
2	3061	305
2	3061	325
2	3064	120
2	3064	503
2	3064	768
2	3066	229
2	3066	289
2	3067	241
2	3070	184
2	3070	207
2	3070	509
2	3070	676
2	3070	838
2	3071	624
2	3072	622
2	3072	942
2	3074	100
2	3074	104
2	3075	128
2	3075	788
2	3076	97
2	3077	18
2	3077	41
2	3077	801
2	3079	246
2	3081	439
2	3082	376
2	3083	713
2	3084	302
2	3085	594
2	3086	67
2	3086	552
2	3087	374
2	3088	247
2	3088	719
2	3089	167
2	3090	272
2	3090	482
2	3091	10
2	3092	70
2	3092	217
2	3094	566
2	3095	763
2	3096	66
2	3096	430
2	3096	688
2	3096	862
2	3097	163
2	3098	180
2	3098	966
2	3099	150
2	3099	729
2	3101	214
2	3102	137
2	3102	956
2	3103	785
2	3104	420
2	3105	322
2	3105	629
2	3105	991
2	3106	222
2	3107	39
2	3107	906
2	3108	25
2	3108	265
2	3109	28
2	3109	312
2	3109	402
2	3111	88
2	3111	220
2	3115	597
2	3117	159
2	3117	673
2	3117	677
2	3118	73
2	3118	452
2	3119	544
2	3119	702
2	3120	197
2	3120	647
2	3121	51
2	3123	352
2	3123	362
2	3123	496
2	3124	123
2	3124	260
2	3124	579
2	3124	935
2	3125	782
2	3126	118
2	3126	304
2	3126	434
2	3126	466
2	3127	268
2	3128	483
2	3129	258
2	3129	837
2	3130	543
2	3132	663
2	3133	210
2	3134	781
2	3135	79
2	3136	835
2	3137	309
2	3137	336
2	3137	463
2	3138	12
2	3138	339
2	3139	189
2	3139	490
2	3141	960
2	3142	730
2	3144	200
2	3144	972
2	3145	428
2	3145	953
2	3146	771
2	3146	954
2	3147	208
2	3149	205
2	3149	613
2	3150	297
2	3150	357
2	3150	821
2	3152	760
2	3154	467
2	3154	628
2	3158	75
2	3158	743
2	3161	897
2	3162	602
2	3162	635
2	3164	659
2	3165	119
2	3165	745
2	3166	178
2	3167	343
2	3168	904
2	3170	221
2	3172	5
2	3174	638
2	3176	723
2	3177	686
2	3178	76
2	3178	251
2	3179	634
2	3180	274
2	3181	101
2	3181	368
2	3182	520
2	3184	808
2	3184	863
2	3185	422
2	3185	528
2	3185	828
2	3186	630
2	3187	306
2	3187	481
2	3187	550
2	3187	607
2	3190	784
2	3191	524
2	3192	110
2	3192	155
2	3194	645
2	3194	911
2	3195	165
2	3196	460
2	3196	943
2	3197	445
2	3198	386
2	3198	583
2	3199	814
2	3200	91
2	3201	327
2	3201	563
2	3201	693
2	3201	986
2	3203	168
2	3203	455
2	3203	595
2	3204	877
2	3205	747
2	3205	829
2	3206	140
2	3206	548
2	3206	994
2	3209	578
2	3211	145
2	3211	596
2	3212	459
2	3212	472
2	3212	507
2	3213	875
2	3214	696
2	3216	57
2	3218	308
2	3219	334
2	3221	576
2	3222	440
2	3222	570
2	3223	292
2	3223	718
2	3224	962
2	3225	770
2	3226	477
2	3226	656
2	3226	793
2	3227	561
2	3228	798
2	3229	151
2	3229	203
2	3229	920
2	3229	952
2	3231	831
2	3232	697
2	3233	716
2	3234	54
2	3236	11
2	3239	141
2	3239	913
2	3240	391
2	3240	427
2	3240	619
2	3241	52
2	3242	372
2	3242	856
2	3242	871
2	3243	475
2	3245	59
2	3245	751
2	3245	824
2	3246	183
2	3246	303
2	3247	17
2	3248	316
2	3248	736
2	3249	108
2	3249	525
2	3250	2
2	3251	461
2	3252	38
2	3252	430
2	3252	512
2	3252	788
2	3253	992
2	3254	731
2	3256	37
2	3256	955
2	3258	462
2	3259	380
2	3259	539
2	3259	902
2	3260	338
2	3260	407
2	3260	560
2	3261	318
2	3261	392
2	3263	127
2	3265	332
2	3265	562
2	3265	611
2	3265	631
2	3267	279
2	3268	92
2	3268	984
2	3269	423
2	3270	105
2	3270	331
2	3270	601
2	3270	680
2	3270	789
2	3271	36
2	3273	152
2	3274	256
2	3274	792
2	3275	264
2	3275	356
2	3275	491
2	3276	705
2	3277	360
2	3277	480
2	3277	571
2	3277	644
2	3277	737
2	3279	624
2	3279	733
2	3279	756
2	3280	715
2	3281	291
2	3281	642
2	3281	761
2	3283	93
2	3283	254
2	3285	148
2	3287	81
2	3287	230
2	3287	753
2	3288	347
2	3290	457
2	3290	559
2	3290	617
2	3290	719
2	3291	358
2	3291	768
2	3292	669
2	3292	702
2	3295	243
2	3295	610
2	3296	222
2	3296	263
2	3296	620
2	3297	357
2	3297	453
2	3297	998
2	3298	195
2	3298	211
2	3301	255
2	3301	277
2	3302	632
2	3302	649
2	3302	741
2	3302	786
2	3302	806
2	3304	185
2	3304	272
2	3305	974
2	3306	874
2	3308	18
2	3308	241
2	3308	311
2	3308	615
2	3309	734
2	3309	846
2	3311	315
2	3312	25
2	3313	209
2	3313	225
2	3313	868
2	3316	793
2	3316	906
2	3317	88
2	3317	294
2	3318	247
2	3319	830
2	3320	572
2	3320	574
2	3320	579
2	3323	397
2	3323	504
2	3323	682
2	3326	529
2	3326	781
2	3327	522
2	3331	296
2	3331	410
2	3331	513
2	3331	961
2	3332	489
2	3332	665
2	3337	324
2	3337	458
2	3337	795
2	3337	968
2	3338	668
2	3338	713
2	3338	920
2	3338	973
2	3339	352
2	3339	552
2	3340	865
2	3341	873
2	3342	914
2	3342	925
2	3343	643
2	3344	419
2	3344	769
2	3344	833
2	3345	378
2	3345	582
2	3345	746
2	3345	853
2	3345	986
2	3346	721
2	3347	79
2	3349	524
2	3350	136
2	3350	676
2	3351	206
2	3351	816
2	3351	989
2	3353	155
2	3353	710
2	3354	302
2	3355	589
2	3356	674
2	3357	73
2	3357	85
2	3359	794
2	3360	701
2	3361	231
2	3361	897
2	3362	725
2	3362	783
2	3363	341
2	3364	555
2	3364	851
2	3365	762
2	3366	167
2	3367	67
2	3367	162
2	3367	248
2	3368	883
2	3368	954
2	3368	987
2	3369	28
2	3369	137
2	3369	691
2	3369	992
2	3370	9
2	3370	749
2	3371	99
2	3371	300
2	3371	519
2	3372	280
2	3373	133
2	3373	779
2	3374	413
2	3375	523
2	3375	806
2	3376	320
2	3376	706
2	3377	224
2	3377	637
2	3378	827
2	3380	964
2	3383	289
2	3383	321
2	3384	739
2	3386	120
2	3389	261
2	3389	514
2	3390	740
2	3391	113
2	3391	213
2	3391	337
2	3391	389
2	3391	463
2	3392	169
2	3392	430
2	3392	765
2	3393	567
2	3394	72
2	3394	273
2	3394	369
2	3394	845
2	3395	131
2	3396	259
2	3396	473
2	3396	592
2	3397	61
2	3397	750
2	3398	387
2	3398	607
2	3398	957
2	3399	439
2	3400	286
2	3400	295
2	3400	698
2	3402	866
2	3403	102
2	3404	343
2	3404	381
2	3404	437
2	3405	160
2	3406	422
2	3406	967
2	3407	16
2	3408	597
2	3408	890
2	3408	982
2	3409	715
2	3409	847
2	3410	373
2	3410	623
2	3411	345
2	3413	766
2	3414	244
2	3415	605
2	3416	404
2	3416	484
2	3416	490
2	3416	535
2	3417	156
2	3417	728
2	3417	877
2	3418	207
2	3420	95
2	3420	279
2	3420	346
2	3420	349
2	3420	457
2	3421	635
2	3422	333
2	3422	380
2	3423	103
2	3425	84
2	3425	932
2	3426	587
2	3426	621
2	3428	316
2	3429	506
2	3430	754
2	3431	7
2	3431	452
2	3432	658
2	3434	308
2	3434	487
2	3435	486
2	3435	548
2	3435	598
2	3436	517
2	3438	559
2	3439	208
2	3439	603
2	3439	651
2	3440	361
2	3440	368
2	3440	454
2	3440	991
2	3441	446
2	3441	730
2	3442	309
2	3442	411
2	3442	618
2	3442	696
2	3443	940
2	3445	780
2	3446	201
2	3446	742
2	3448	646
2	3449	2
2	3449	269
2	3449	470
2	3453	92
2	3454	441
2	3454	516
2	3455	934
2	3457	530
2	3457	946
2	3458	680
2	3459	105
2	3459	402
2	3459	558
2	3461	843
2	3463	301
2	3463	538
2	3463	916
2	3463	967
2	3463	989
2	3464	511
2	3465	153
2	3466	148
2	3466	551
2	3466	734
2	3467	157
2	3468	491
2	3468	974
2	3469	419
2	3469	761
2	3470	176
2	3470	186
2	3470	396
2	3471	239
2	3471	342
2	3471	922
2	3472	86
2	3472	304
2	3473	27
2	3473	171
2	3473	575
2	3474	732
2	3474	756
2	3475	173
2	3475	652
2	3476	205
2	3476	445
2	3477	194
2	3477	246
2	3477	521
2	3478	268
2	3478	386
2	3478	877
2	3479	636
2	3479	804
2	3479	824
2	3481	569
2	3481	714
2	3482	926
2	3483	480
2	3485	398
2	3485	542
2	3486	242
2	3487	326
2	3488	233
2	3488	830
2	3488	957
2	3489	595
2	3489	609
2	3490	47
2	3490	379
2	3490	935
2	3491	35
2	3492	831
2	3493	223
2	3493	360
2	3493	472
2	3493	475
2	3494	394
2	3494	638
2	3494	928
2	3496	513
2	3498	729
2	3498	731
2	3499	767
2	3500	385
2	3500	758
2	3500	923
2	3501	75
2	3501	803
2	3502	192
2	3502	778
2	3503	285
2	3503	997
2	3504	685
2	3505	545
2	3506	438
2	3506	493
2	3506	737
2	3509	60
2	3509	228
2	3509	547
2	3509	785
2	3509	862
2	3510	374
2	3510	914
2	3511	67
2	3511	707
2	3512	720
2	3512	867
2	3513	704
2	3515	553
2	3516	492
2	3516	770
2	3519	576
2	3520	278
2	3521	733
2	3522	353
2	3524	391
2	3524	461
2	3527	216
2	3527	583
2	3527	827
2	3527	903
2	3528	254
2	3531	84
2	3532	601
2	3533	362
2	3535	190
2	3535	401
2	3536	468
2	3536	810
2	3537	657
2	3537	919
2	3538	364
2	3538	561
2	3538	765
2	3539	596
2	3540	760
2	3540	768
2	3540	940
2	3541	55
2	3542	539
2	3543	293
2	3543	669
2	3544	315
2	3545	118
2	3545	375
2	3545	466
2	3546	119
2	3547	653
2	3550	146
2	3550	195
2	3550	232
2	3550	571
2	3550	898
2	3551	489
2	3554	64
2	3555	541
2	3555	554
2	3556	290
2	3556	377
2	3557	546
2	3557	924
2	3558	459
2	3559	872
2	3560	345
2	3561	126
2	3561	998
2	3563	214
2	3563	711
2	3564	123
2	3566	518
2	3569	641
2	3571	592
2	3571	870
2	3572	931
2	3574	599
2	3575	333
2	3576	477
2	3576	482
2	3576	792
2	3578	563
2	3578	694
2	3580	250
2	3580	801
2	3582	935
2	3583	972
2	3584	363
2	3584	382
2	3585	329
2	3585	705
2	3587	844
2	3588	49
2	3588	871
2	3589	426
2	3590	574
2	3590	655
2	3590	817
2	3592	451
2	3593	376
2	3594	211
2	3594	310
2	3595	823
2	3596	340
2	3597	620
2	3598	249
2	3601	443
2	3603	141
2	3603	219
2	3603	262
2	3603	645
2	3604	291
2	3604	440
2	3606	929
2	3607	73
2	3611	637
2	3611	968
2	3613	127
2	3613	613
2	3613	643
2	3614	101
2	3615	578
2	3615	935
2	3616	92
2	3616	313
2	3616	325
2	3616	337
2	3618	631
2	3619	994
2	3620	270
2	3624	234
2	3625	187
2	3626	453
2	3626	622
2	3627	276
2	3627	471
2	3627	915
2	3627	959
2	3628	743
2	3628	789
2	3629	807
2	3630	13
2	3630	460
2	3631	805
2	3632	355
2	3633	181
2	3633	462
2	3633	581
2	3633	584
2	3635	183
2	3636	312
2	3636	381
2	3636	787
2	3636	881
2	3640	418
2	3640	562
2	3640	831
2	3642	3
2	3642	125
2	3642	603
2	3642	755
2	3643	566
2	3643	623
2	3645	184
2	3645	796
2	3645	877
2	3646	111
2	3649	672
2	3650	434
2	3651	70
2	3651	692
2	3651	921
2	3652	447
2	3652	876
2	3653	685
2	3654	568
2	3655	416
2	3657	24
2	3657	327
2	3658	233
2	3660	540
2	3661	104
2	3661	305
2	3661	346
2	3663	148
2	3664	984
2	3665	732
2	3668	287
2	3670	436
2	3670	516
2	3671	1000
2	3675	266
2	3676	61
2	3676	502
2	3676	528
2	3678	388
2	3678	474
2	3681	359
2	3681	560
2	3681	582
2	3681	742
2	3682	431
2	3682	437
2	3682	665
2	3683	520
2	3683	771
2	3683	909
2	3684	482
2	3685	86
2	3685	151
2	3685	163
2	3687	107
2	3688	439
2	3691	674
2	3692	50
2	3692	403
2	3692	492
2	3693	425
2	3693	452
2	3693	481
2	3693	681
2	3694	113
2	3694	274
2	3694	739
2	3695	469
2	3696	56
2	3696	93
2	3696	466
2	3697	226
2	3698	472
2	3699	15
2	3700	494
2	3701	538
2	3702	321
2	3702	349
2	3702	512
2	3702	532
2	3705	409
2	3707	63
2	3709	822
2	3711	208
2	3711	825
2	3712	364
2	3712	393
2	3712	457
2	3713	225
2	3713	510
2	3714	2
2	3714	216
2	3715	419
2	3717	145
2	3717	967
2	3719	413
2	3719	734
2	3720	17
2	3720	975
2	3721	162
2	3721	224
2	3721	703
2	3721	998
2	3723	463
2	3723	521
2	3723	608
2	3725	543
2	3725	558
2	3726	695
2	3728	401
2	3730	200
2	3730	362
2	3731	31
2	3731	594
2	3733	433
2	3734	335
2	3735	618
2	3735	625
2	3735	753
2	3736	737
2	3739	48
2	3739	370
2	3739	609
2	3740	308
2	3740	714
2	3740	782
2	3742	198
2	3742	691
2	3742	724
2	3744	143
2	3744	235
2	3744	955
2	3745	343
2	3746	559
2	3746	928
2	3748	69
2	3748	380
2	3748	661
2	3749	79
2	3750	253
2	3750	646
2	3751	421
2	3753	721
2	3755	293
2	3755	587
2	3755	666
2	3757	218
2	3758	246
2	3758	786
2	3759	134
2	3760	265
2	3760	549
2	3761	352
2	3762	177
2	3762	617
2	3763	678
2	3764	387
2	3764	550
2	3766	881
2	3769	203
2	3769	255
2	3769	615
2	3772	297
2	3772	716
2	3774	133
2	3775	168
2	3775	468
2	3775	708
2	3777	220
2	3777	602
2	3778	283
2	3779	518
2	3782	43
2	3782	53
2	3782	366
2	3786	95
2	3786	595
2	3786	762
2	3786	882
2	3788	57
2	3789	547
2	3791	40
2	3791	271
2	3791	522
2	3791	858
2	3792	435
2	3792	627
2	3793	191
2	3793	417
2	3794	238
2	3794	392
2	3795	217
2	3795	630
2	3796	798
2	3798	307
2	3798	672
2	3798	962
2	3799	88
2	3799	731
2	3801	314
2	3802	14
2	3802	137
2	3803	115
2	3804	62
2	3804	320
2	3805	685
2	3806	73
2	3806	341
2	3807	444
2	3810	386
2	3811	83
2	3811	109
2	3811	130
2	3812	533
2	3812	698
2	3812	774
2	3813	369
2	3813	391
2	3813	925
2	3814	77
2	3814	113
2	3814	337
2	3814	719
2	3815	794
2	3816	610
2	3818	526
2	3818	645
2	3818	1000
2	3819	25
2	3819	409
2	3820	743
2	3821	20
2	3821	139
2	3821	412
2	3822	126
2	3822	531
2	3823	663
2	3825	96
2	3825	211
2	3826	231
2	3826	622
2	3826	635
2	3826	943
2	3827	67
2	3827	840
2	3828	100
2	3828	207
2	3828	702
2	3830	990
2	3831	440
2	3831	853
2	3832	418
2	3832	641
2	3833	75
2	3833	514
2	3833	517
2	3833	539
2	3834	212
2	3834	761
2	3835	19
2	3835	298
2	3836	674
2	3836	760
2	3837	114
2	3837	232
2	3837	284
2	3837	819
2	3837	924
2	3838	346
2	3838	571
2	3838	792
2	3839	306
2	3839	330
2	3840	482
2	3841	311
2	3841	349
2	3841	402
2	3842	371
2	3842	429
2	3843	356
2	3843	897
2	3844	50
2	3844	167
2	3844	464
2	3844	577
2	3844	842
2	3845	176
2	3847	99
2	3848	654
2	3848	810
2	3848	913
2	3849	246
2	3851	677
2	3851	775
2	3855	122
2	3855	252
2	3859	861
2	3860	206
2	3860	614
2	3862	906
2	3863	958
2	3864	84
2	3864	804
2	3866	790
2	3867	313
2	3869	819
2	3870	413
2	3871	165
2	3871	834
2	3872	310
2	3876	304
2	3876	488
2	3877	950
2	3877	953
2	3879	154
2	3881	384
2	3882	161
2	3882	506
2	3885	56
2	3886	590
2	3887	230
2	3887	248
2	3887	871
2	3889	303
2	3890	569
2	3890	928
2	3891	228
2	3893	509
2	3893	628
2	3894	98
2	3894	416
2	3894	914
2	3895	397
2	3895	780
2	3896	135
2	3896	850
2	3896	975
2	3897	866
2	3899	477
2	3900	952
2	3901	343
2	3902	117
2	3904	90
2	3906	649
2	3907	423
2	3908	909
2	3909	400
2	3910	101
2	3911	922
2	3912	838
2	3918	52
2	3918	291
2	3919	156
2	3920	933
2	3921	29
2	3923	64
2	3924	22
2	3924	829
2	3928	236
2	3929	565
2	3929	904
2	3931	462
2	3931	542
2	3932	58
2	3933	59
2	3933	659
2	3933	762
2	3934	811
2	3935	694
2	3936	797
2	3937	251
2	3938	20
2	3938	157
2	3938	373
2	3938	484
2	3939	608
2	3939	783
2	3940	266
2	3940	728
2	3941	473
2	3941	749
2	3942	229
2	3942	326
2	3943	667
2	3943	931
2	3945	621
2	3946	474
2	3949	18
2	3949	144
2	3949	827
2	3949	854
2	3951	4
2	3951	939
2	3952	740
2	3954	37
2	3955	125
2	3957	871
2	3960	177
2	3960	264
2	3961	401
2	3961	901
2	3962	118
2	3963	88
2	3964	832
2	3964	868
2	3968	249
2	3968	633
2	3968	850
2	3969	38
2	3970	952
2	3971	257
2	3972	744
2	3974	212
2	3974	572
2	3975	796
2	3975	976
2	3977	261
2	3977	593
2	3977	645
2	3978	568
2	3978	808
2	3979	287
2	3980	585
2	3980	895
2	3981	49
2	3982	108
2	3982	746
2	3983	222
2	3984	74
2	3984	338
2	3985	141
2	3987	206
2	3987	232
2	3988	354
2	3988	905
2	3989	463
2	3990	643
2	3991	220
2	3991	581
2	3991	869
2	3992	204
2	3992	631
2	3993	224
2	3994	296
2	3994	657
2	3994	706
2	3995	75
2	3996	324
2	3997	131
2	3997	145
2	3997	318
2	3997	684
2	3998	21
2	3999	234
2	3999	280
2	4000	31
2	4000	620
2	4001	170
2	4001	214
2	4001	483
2	4002	686
2	4003	546
2	4003	726
2	4004	527
2	4004	717
2	4004	965
2	4005	256
2	4005	263
2	4006	426
2	4007	81
2	4007	610
2	4007	831
2	4007	858
2	4008	693
2	4008	785
2	4008	865
2	4009	277
2	4010	574
2	4010	829
2	4011	136
2	4011	259
2	4011	986
2	4011	988
2	4012	69
2	4012	534
2	4013	297
2	4013	774
2	4014	219
2	4014	594
2	4015	129
2	4015	299
2	4016	67
2	4016	745
2	4017	334
2	4017	868
2	4018	335
2	4019	606
2	4019	753
2	4019	957
2	4020	155
2	4022	661
2	4022	841
2	4022	877
2	4023	103
2	4023	241
2	4024	928
2	4025	85
2	4025	358
2	4025	508
2	4025	752
2	4026	402
2	4028	210
2	4028	498
2	4028	624
2	4030	556
2	4031	195
2	4031	347
2	4033	385
2	4033	721
2	4034	293
2	4034	403
2	4034	436
2	4034	490
2	4039	697
2	4040	213
2	4040	409
2	4040	494
2	4040	699
2	4041	77
2	4041	881
2	4042	602
2	4042	896
2	4043	28
2	4043	557
2	4043	595
2	4044	544
2	4044	853
2	4045	313
2	4045	965
2	4046	86
2	4046	178
2	4046	217
2	4046	285
2	4047	42
2	4047	218
2	4047	398
2	4047	626
2	4050	446
2	4050	479
2	4051	461
2	4051	899
2	4052	891
2	4058	211
2	4059	360
2	4060	161
2	4060	503
2	4060	829
2	4062	655
2	4063	386
2	4064	729
2	4068	8
2	4068	964
2	4069	532
2	4069	927
2	4070	186
2	4072	151
2	4072	764
2	4072	817
2	4073	191
2	4074	673
2	4074	691
2	4075	597
2	4077	493
2	4078	132
2	4078	180
2	4079	275
2	4080	999
2	4081	784
2	4084	351
2	4085	374
2	4085	447
2	4085	715
2	4086	660
2	4086	890
2	4087	15
2	4087	228
2	4087	957
2	4089	636
2	4090	105
2	4091	567
2	4092	635
2	4093	414
2	4093	514
2	4094	921
2	4095	121
2	4097	607
2	4100	612
2	4101	22
2	4101	311
2	4101	340
2	4102	269
2	4103	133
2	4104	146
2	4104	230
2	4105	449
2	4107	647
2	4107	664
2	4107	731
2	4107	754
2	4108	555
2	4108	982
2	4109	119
2	4110	549
2	4111	55
2	4111	541
2	4112	883
2	4113	513
2	4113	916
2	4114	76
2	4115	240
2	4115	272
2	4115	536
2	4115	632
2	4116	130
2	4116	416
2	4116	690
2	4117	518
2	4117	564
2	4118	288
2	4118	943
2	4120	868
2	4122	208
2	4122	242
2	4122	543
2	4124	254
2	4124	320
2	4124	758
2	4125	341
2	4128	168
2	4128	258
2	4130	83
2	4130	115
2	4130	500
2	4130	550
2	4135	75
2	4135	377
2	4136	889
2	4137	432
2	4138	703
2	4141	909
2	4142	787
2	4144	30
2	4144	723
2	4148	62
2	4148	252
2	4148	629
2	4150	499
2	4152	93
2	4153	776
2	4155	350
2	4156	492
2	4157	537
2	4158	344
2	4159	692
2	4160	205
2	4162	3
2	4162	184
2	4162	421
2	4162	433
2	4162	471
2	4163	192
2	4163	900
2	4166	294
2	4166	378
2	4167	97
2	4167	891
2	4170	104
2	4170	301
2	4170	303
2	4170	630
2	4170	869
2	4171	182
2	4171	676
2	4171	826
2	4172	713
2	4174	685
2	4174	765
2	4175	80
2	4176	438
2	4177	79
2	4179	9
2	4181	427
2	4181	686
2	4183	67
2	4183	766
2	4184	92
2	4184	906
2	4185	954
2	4186	19
2	4187	163
2	4187	791
2	4187	922
2	4188	108
2	4190	122
2	4193	972
2	4194	262
2	4194	545
2	4194	792
2	4195	547
2	4195	738
2	4195	950
2	4197	671
2	4200	778
2	4201	306
2	4203	325
2	4206	154
2	4206	255
2	4207	442
2	4208	901
2	4209	996
2	4210	339
2	4210	469
2	4210	746
2	4211	23
2	4212	203
2	4212	283
2	4212	476
2	4214	384
2	4215	256
2	4215	689
2	4218	882
2	4220	64
2	4221	836
2	4221	893
2	4222	465
2	4223	583
2	4224	48
2	4224	185
2	4225	551
2	4228	620
2	4232	371
2	4233	96
2	4233	533
2	4233	595
2	4235	390
2	4236	66
2	4236	381
2	4236	788
2	4236	895
2	4237	213
2	4239	372
2	4239	805
2	4240	321
2	4240	837
2	4242	7
2	4243	611
2	4243	781
2	4244	158
2	4244	417
2	4244	521
2	4244	528
2	4246	312
2	4246	380
2	4247	216
2	4247	808
2	4248	81
2	4248	536
2	4250	591
2	4251	379
2	4251	724
2	4251	756
2	4251	974
2	4252	141
2	4252	948
2	4253	181
2	4253	221
2	4254	152
2	4254	669
2	4255	170
2	4255	826
2	4258	90
2	4259	779
2	4261	65
2	4261	334
2	4261	763
2	4261	777
2	4262	512
2	4264	569
2	4264	819
2	4265	495
2	4265	626
2	4266	451
2	4266	481
2	4267	694
2	4268	815
2	4269	348
2	4274	488
2	4274	503
2	4274	899
2	4276	489
2	4276	700
2	4278	801
2	4280	593
2	4281	450
2	4283	516
2	4284	716
2	4285	508
2	4285	621
2	4286	260
2	4286	410
2	4287	305
2	4288	38
2	4290	519
2	4291	323
2	4292	644
2	4293	8
2	4293	537
2	4295	434
2	4296	703
2	4297	849
2	4297	967
2	4298	53
2	4298	167
2	4299	404
2	4302	531
2	4304	707
2	4306	391
2	4308	616
2	4310	61
2	4310	224
2	4312	298
2	4312	333
2	4315	523
2	4317	988
2	4318	767
2	4319	456
2	4319	834
2	4320	970
2	4323	148
2	4323	624
2	4323	961
2	4324	413
2	4326	280
2	4328	752
2	4329	175
2	4329	355
2	4329	541
2	4330	487
2	4330	878
2	4331	98
2	4332	233
2	4333	144
2	4333	579
2	4334	565
2	4335	647
2	4336	286
2	4336	343
2	4340	240
2	4341	619
2	4343	538
2	4343	613
2	4344	195
2	4344	699
2	4345	37
2	4346	200
2	4347	534
2	4348	120
2	4348	338
2	4348	425
2	4349	190
2	4349	599
2	4349	602
2	4349	1000
2	4351	358
2	4351	394
2	4353	243
2	4354	237
2	4355	52
2	4355	69
2	4355	786
2	4356	412
2	4356	623
2	4358	86
2	4358	385
2	4360	606
2	4360	678
2	4362	464
2	4363	653
2	4364	693
2	4365	677
2	4365	810
2	4366	105
2	4366	518
2	4367	94
2	4367	448
2	4369	479
2	4369	852
2	4373	296
2	4373	371
2	4373	639
2	4374	302
2	4374	547
2	4375	262
2	4375	780
2	4376	228
2	4379	252
2	4379	826
2	4380	43
2	4380	414
2	4380	871
2	4382	257
2	4382	673
2	4383	199
2	4385	157
2	4386	133
2	4386	186
2	4386	357
2	4387	407
2	4389	990
2	4390	301
2	4392	362
2	4392	515
2	4393	208
2	4396	497
2	4397	132
2	4397	203
2	4398	510
2	4399	281
2	4399	463
2	4400	115
2	4401	320
2	4402	578
2	4404	3
2	4406	93
2	4406	142
2	4406	219
2	4406	908
2	4411	783
2	4413	35
2	4413	113
2	4413	218
2	4414	9
2	4415	40
2	4415	491
2	4415	691
2	4416	576
2	4416	600
2	4418	743
2	4419	168
2	4419	172
2	4420	27
2	4421	810
2	4422	196
2	4422	217
2	4422	408
2	4422	692
2	4423	849
2	4423	872
2	4424	337
2	4424	396
2	4429	745
2	4429	766
2	4430	582
2	4431	596
2	4432	604
2	4433	386
2	4434	682
2	4435	247
2	4435	499
2	4435	808
2	4436	566
2	4436	873
2	4436	881
2	4438	411
2	4438	828
2	4439	185
2	4439	231
2	4439	435
2	4439	641
2	4440	500
2	4441	705
2	4443	501
2	4443	854
2	4444	687
2	4445	589
2	4446	176
2	4446	213
2	4446	763
2	4446	888
2	4447	330
2	4447	550
2	4447	903
2	4448	183
2	4449	551
2	4451	798
2	4452	121
2	4452	271
2	4455	117
2	4455	317
2	4456	694
2	4457	129
2	4457	216
2	4459	432
2	4460	57
2	4461	6
2	4461	324
2	4462	167
2	4462	644
2	4463	393
2	4463	513
2	4463	865
2	4464	246
2	4464	306
2	4464	423
2	4464	769
2	4466	826
2	4467	15
2	4467	55
2	4467	379
2	4467	796
2	4469	590
2	4469	726
2	4470	480
2	4471	775
2	4471	776
2	4472	333
2	4472	698
2	4473	77
2	4473	92
2	4473	762
2	4475	153
2	4475	764
2	4477	309
2	4477	790
2	4478	492
2	4478	711
2	4479	191
2	4481	124
2	4482	234
2	4483	130
2	4483	630
2	4484	284
2	4484	597
2	4484	598
2	4486	242
2	4488	689
2	4490	841
2	4491	83
2	4491	419
2	4492	107
2	4493	646
2	4493	721
2	4494	342
2	4497	97
2	4497	145
2	4500	5
2	4500	68
2	4500	155
2	4500	360
2	4500	939
2	4501	926
2	4502	255
2	4502	623
2	4504	661
2	4504	892
2	4505	546
2	4505	607
2	4506	662
2	4507	364
2	4508	7
2	4509	14
2	4510	335
2	4512	627
2	4513	63
2	4514	648
2	4514	719
2	4515	462
2	4517	250
2	4520	331
2	4521	865
2	4521	947
2	4522	720
2	4523	584
2	4526	725
2	4526	884
2	4527	173
2	4528	280
2	4530	138
2	4530	403
2	4533	410
2	4537	2
2	4537	936
2	4538	20
2	4538	160
2	4538	562
2	4539	245
2	4540	249
2	4540	981
2	4542	457
2	4545	392
2	4545	450
2	4545	820
2	4547	172
2	4547	431
2	4547	704
2	4548	118
2	4548	222
2	4548	789
2	4549	163
2	4551	702
2	4552	980
2	4554	470
2	4554	519
2	4554	756
2	4555	359
2	4556	548
2	4556	632
2	4557	695
2	4558	469
2	4561	31
2	4561	751
2	4562	633
2	4562	947
2	4563	76
2	4563	365
2	4563	605
2	4564	125
2	4565	572
2	4565	859
2	4566	101
2	4566	865
2	4567	983
2	4568	602
2	4573	430
2	4574	737
2	4575	53
2	4576	486
2	4577	778
2	4578	152
2	4578	585
2	4578	642
2	4578	965
2	4579	219
2	4580	396
2	4582	882
2	4584	226
2	4584	771
2	4585	618
2	4588	368
2	4589	754
2	4590	84
2	4591	412
2	4591	714
2	4591	903
2	4592	709
2	4593	467
2	4594	201
2	4594	615
2	4594	814
2	4594	820
2	4595	686
2	4595	843
2	4596	351
2	4598	190
2	4598	270
2	4599	302
2	4600	19
2	4600	22
2	4601	579
2	4601	723
2	4603	131
2	4603	897
2	4604	453
2	4606	275
2	4606	449
2	4606	505
2	4606	910
2	4607	746
2	4607	957
2	4609	312
2	4610	787
2	4610	923
2	4612	781
2	4613	144
2	4613	329
2	4613	812
2	4614	459
2	4615	441
2	4615	742
2	4616	327
2	4616	423
2	4617	538
2	4617	857
2	4621	265
2	4621	580
2	4621	718
2	4622	137
2	4623	42
2	4624	218
2	4626	492
2	4626	609
2	4628	571
2	4631	170
2	4631	953
2	4633	262
2	4633	409
2	4633	779
2	4633	803
2	4634	315
2	4634	758
2	4636	24
2	4638	343
2	4638	823
2	4638	860
2	4638	898
2	4639	278
2	4639	404
2	4640	693
2	4641	524
2	4641	564
2	4642	209
2	4643	373
2	4643	525
2	4643	853
2	4644	202
2	4644	963
2	4646	792
2	4647	550
2	4647	955
2	4649	573
2	4649	612
2	4650	268
2	4650	279
2	4651	348
2	4651	354
2	4651	892
2	4653	452
2	4654	196
2	4654	956
2	4654	976
2	4656	224
2	4656	581
2	4657	207
2	4657	629
2	4662	285
2	4662	883
2	4663	919
2	4665	660
2	4669	171
2	4670	176
2	4671	360
2	4672	150
2	4672	407
2	4672	639
2	4673	127
2	4674	298
2	4676	685
2	4676	981
2	4677	162
2	4677	426
2	4678	780
2	4679	27
2	4680	266
2	4680	616
2	4680	849
2	4682	669
2	4682	704
2	4684	485
2	4684	619
2	4685	130
2	4685	659
2	4686	907
2	4686	925
2	4689	753
2	4690	583
2	4690	587
2	4690	670
2	4692	82
2	4693	80
2	4693	613
2	4694	66
2	4695	442
2	4697	291
2	4697	769
2	4698	357
2	4698	456
2	4698	484
2	4698	497
2	4698	696
2	4699	509
2	4699	596
2	4701	489
2	4702	476
2	4702	523
2	4703	796
2	4704	532
2	4705	64
2	4705	985
2	4706	903
2	4707	515
2	4707	915
2	4709	376
2	4709	400
2	4710	39
2	4710	828
2	4711	331
2	4711	647
2	4712	473
2	4713	56
2	4713	110
2	4713	322
2	4713	341
2	4714	588
2	4714	829
2	4714	996
2	4716	955
2	4717	526
2	4717	815
2	4717	867
2	4718	67
2	4718	375
2	4718	445
2	4719	367
2	4719	873
2	4720	250
2	4721	260
2	4721	628
2	4723	987
2	4725	382
2	4725	534
2	4726	565
2	4726	923
2	4727	35
2	4727	999
2	4728	256
2	4728	554
2	4728	731
2	4729	211
2	4730	154
2	4730	558
2	4730	712
2	4730	960
2	4731	448
2	4733	632
2	4734	15
2	4734	853
2	4736	225
2	4736	971
2	4738	830
2	4739	92
2	4740	253
2	4741	380
2	4741	866
2	4743	231
2	4745	405
2	4745	421
2	4745	716
2	4747	230
2	4747	679
2	4747	692
2	4749	227
2	4749	537
2	4750	175
2	4750	324
2	4751	451
2	4751	605
2	4752	585
2	4752	990
2	4753	454
2	4754	728
2	4755	284
2	4757	461
2	4760	677
2	4760	740
2	4762	715
2	4763	675
2	4766	2
2	4767	115
2	4768	133
2	4768	338
2	4768	724
2	4769	506
2	4769	552
2	4772	597
2	4773	709
2	4774	86
2	4775	1000
2	4776	38
2	4776	210
2	4777	691
2	4777	949
2	4779	384
2	4783	142
2	4784	390
2	4784	892
2	4787	878
2	4788	30
2	4788	332
2	4789	32
2	4789	556
2	4791	756
2	4792	25
2	4792	334
2	4792	355
2	4792	889
2	4796	168
2	4796	707
2	4797	43
2	4797	349
2	4798	374
2	4798	462
2	4799	394
2	4799	413
2	4799	694
2	4800	170
2	4800	578
2	4802	437
2	4804	128
2	4804	396
2	4805	222
2	4806	255
2	4807	263
2	4808	978
2	4809	89
2	4810	412
2	4812	890
2	4814	427
2	4816	303
2	4817	14
2	4817	241
2	4817	511
2	4818	269
2	4819	459
2	4819	564
2	4820	498
2	4821	197
2	4821	688
2	4822	8
2	4822	26
2	4823	487
2	4826	268
2	4827	65
2	4827	119
2	4827	181
2	4829	11
2	4829	458
2	4829	776
2	4830	77
2	4830	841
2	4830	980
2	4831	101
2	4831	399
2	4831	755
2	4833	164
2	4833	938
2	4834	753
2	4834	770
2	4835	262
2	4836	195
2	4836	440
2	4837	234
2	4837	623
2	4837	657
2	4840	942
2	4841	96
2	4842	221
2	4842	746
2	4843	61
2	4843	298
2	4843	727
2	4844	555
2	4846	570
2	4847	121
2	4848	3
2	4848	226
2	4848	522
2	4849	53
2	4851	99
2	4851	718
2	4852	446
2	4852	473
2	4852	616
2	4852	940
2	4853	6
2	4853	335
2	4853	610
2	4854	636
2	4855	561
2	4856	9
2	4856	356
2	4856	800
2	4856	849
2	4857	866
2	4859	368
2	4861	978
2	4862	118
2	4862	261
2	4862	994
2	4863	480
2	4863	950
2	4864	641
2	4865	88
2	4866	23
2	4869	588
2	4869	910
2	4870	387
2	4871	587
2	4871	974
2	4872	285
2	4872	326
2	4872	736
2	4872	979
2	4873	78
2	4873	762
2	4875	21
2	4875	423
2	4875	580
2	4876	287
2	4877	81
2	4877	102
2	4877	817
2	4878	205
2	4878	702
2	4879	344
2	4881	510
2	4881	690
2	4882	695
2	4883	223
2	4883	433
2	4885	246
2	4885	361
2	4885	858
2	4885	990
2	4886	630
2	4886	837
2	4887	13
2	4887	359
2	4887	444
2	4887	501
2	4887	787
2	4888	243
2	4890	450
2	4890	560
2	4890	926
2	4892	316
2	4894	305
2	4894	306
2	4894	483
2	4894	814
2	4895	505
2	4895	833
2	4896	18
2	4897	496
2	4899	617
2	4899	654
2	4901	543
2	4901	652
2	4902	460
2	4902	803
2	4903	198
2	4903	750
2	4905	257
2	4905	426
2	4907	208
2	4908	470
2	4910	244
2	4910	292
2	4913	962
2	4914	281
2	4914	640
2	4915	504
2	4916	365
2	4916	463
2	4917	651
2	4919	117
2	4919	204
2	4922	403
2	4922	909
2	4923	717
2	4925	385
2	4926	178
2	4926	615
2	4926	734
2	4926	735
2	4929	389
2	4929	999
2	4930	392
2	4931	712
2	4932	72
2	4932	76
2	4932	431
2	4933	248
2	4933	730
2	4934	229
2	4934	716
2	4934	982
2	4936	1
2	4936	741
2	4937	804
2	4938	425
2	4938	663
2	4940	22
2	4940	345
2	4940	429
2	4942	2
2	4942	987
2	4943	520
2	4944	677
2	4945	633
2	4945	786
2	4946	109
2	4946	453
2	4946	889
2	4946	978
2	4947	684
2	4947	928
2	4948	182
2	4949	92
2	4949	159
2	4952	201
2	4952	678
2	4953	169
2	4953	247
2	4955	130
2	4955	482
2	4955	854
2	4960	348
2	4960	639
2	4961	161
2	4961	256
2	4961	284
2	4961	803
2	4961	815
2	4962	472
2	4963	490
2	4966	810
2	4969	643
2	4970	667
2	4970	756
2	4971	993
2	4973	977
2	4975	502
2	4976	108
2	4976	342
2	4976	765
2	4977	360
2	4979	152
2	4979	880
2	4981	600
2	4982	155
2	4982	598
2	4983	398
2	4983	683
2	4984	486
2	4985	579
2	4986	397
2	4987	315
2	4987	638
2	4987	875
2	4988	646
2	4989	215
2	4989	575
2	4990	571
2	4990	764
2	4991	668
2	4991	836
2	4992	322
2	4992	475
2	4992	608
2	4992	763
2	4993	265
2	4994	23
2	4994	723
2	4994	886
2	4998	304
2	4999	420
2	5000	138
