2	-1	0
2	2	187
2	2	234
2	4	498
2	5	192
2	6	761
2	6	801
2	7	231
2	7	345
2	7	702
2	9	253
2	12	417
2	13	578
2	13	639
2	14	162
2	14	400
2	14	807
2	14	809
2	16	124
2	16	306
2	17	974
2	18	628
2	18	890
2	19	203
2	19	409
2	21	263
2	23	739
2	23	926
2	25	328
2	26	122
2	26	992
2	27	404
2	28	383
2	29	557
2	29	754
2	30	141
2	30	564
2	31	979
2	34	6
2	34	439
2	35	673
2	36	554
2	39	147
2	39	661
2	39	835
2	40	374
2	40	482
2	40	789
2	41	350
2	41	785
2	42	104
2	44	372
2	45	798
2	46	749
2	47	771
2	48	922
2	48	985
2	50	9
2	50	115
2	50	463
2	50	512
2	50	586
2	52	99
2	53	307
2	53	688
2	54	592
2	55	159
2	55	610
2	56	618
2	56	860
2	57	437
2	59	560
2	59	599
2	62	424
2	62	668
2	63	112
2	63	935
2	64	133
2	64	168
2	65	590
2	68	974
2	69	95
2	69	595
2	70	190
2	70	855
2	71	261
2	71	510
2	73	784
2	74	34
2	74	436
2	75	303
2	75	736
2	77	165
2	77	228
2	78	107
2	78	726
2	79	46
2	79	258
2	80	265
2	80	638
2	83	891
2	84	29
2	85	956
2	86	656
2	86	734
2	86	774
2	88	308
2	88	572
2	88	685
2	89	444
2	90	136
2	90	233
2	90	354
2	92	117
2	93	91
2	93	775
2	94	766
2	94	772
2	96	148
2	97	539
2	98	550
2	98	834
2	99	295
2	100	28
2	101	340
2	104	196
2	104	405
2	105	74
2	106	244
2	106	654
2	107	346
2	110	129
2	110	385
2	111	11
2	112	704
2	114	248
2	114	744
2	115	72
2	115	710
2	116	301
2	116	826
2	118	132
2	120	470
2	120	488
2	120	491
2	120	858
2	121	874
2	122	339
2	123	123
2	123	182
2	124	687
2	126	77
2	126	545
2	126	993
2	128	751
2	128	861
2	129	604
2	131	355
2	131	409
2	133	505
2	135	421
2	137	724
2	138	2
2	138	240
2	138	762
2	140	745
2	143	358
2	143	983
2	144	609
2	145	106
2	145	179
2	145	801
2	146	414
2	147	116
2	147	245
2	148	164
2	149	300
2	149	420
2	150	483
2	151	636
2	153	664
2	154	816
2	155	875
2	156	410
2	157	96
2	157	455
2	157	707
2	158	119
2	159	44
2	162	750
2	163	36
2	163	352
2	163	876
2	164	680
2	164	730
2	166	332
2	166	360
2	166	694
2	166	909
2	167	458
2	167	675
2	167	879
2	168	780
2	170	709
2	171	657
2	171	866
2	172	105
2	172	626
2	172	831
2	173	799
2	175	486
2	175	690
2	176	264
2	176	309
2	177	78
2	177	517
2	177	790
2	178	126
2	179	206
2	179	809
2	180	970
2	184	315
2	188	45
2	188	485
2	188	576
2	189	570
2	190	347
2	191	558
2	192	581
2	194	677
2	195	729
2	196	789
2	196	950
2	197	172
2	197	503
2	198	239
2	199	290
2	199	461
2	201	243
2	201	508
2	202	122
2	203	351
2	203	523
2	203	826
2	205	835
2	206	297
2	208	812
2	209	637
2	209	776
2	210	60
2	210	100
2	211	85
2	211	317
2	211	992
2	212	279
2	212	649
2	214	131
2	214	390
2	216	625
2	219	621
2	219	651
2	219	792
2	221	52
2	221	333
2	221	578
2	222	111
2	222	236
2	225	770
2	227	713
2	227	952
2	228	398
2	230	600
2	231	210
2	232	70
2	232	155
2	232	480
2	232	898
2	233	163
2	234	728
2	235	619
2	236	669
2	237	721
2	238	530
2	239	149
2	239	631
2	240	500
2	241	393
2	242	160
2	242	406
2	242	425
2	243	981
2	244	50
2	244	796
2	246	395
2	248	708
2	249	88
2	249	574
2	249	714
2	249	798
2	250	363
2	251	143
2	251	411
2	252	430
2	253	6
2	255	396
2	256	95
2	256	125
2	256	147
2	256	249
2	256	504
2	257	559
2	257	633
2	261	522
2	262	414
2	262	598
2	266	68
2	266	501
2	267	926
2	268	449
2	268	467
2	269	845
2	270	192
2	270	362
2	271	223
2	272	546
2	274	382
2	274	596
2	276	49
2	276	663
2	276	852
2	277	782
2	277	818
2	278	107
2	280	394
2	281	54
2	281	466
2	283	767
2	283	856
2	285	19
2	285	150
2	285	174
2	285	536
2	285	810
2	286	140
2	286	583
2	287	300
2	288	142
2	288	439
2	289	563
2	289	815
2	290	774
2	290	891
2	292	645
2	292	808
2	293	265
2	293	498
2	295	295
2	295	318
2	295	490
2	295	608
2	297	460
2	300	103
2	300	685
2	301	105
2	302	181
2	302	307
2	302	405
2	302	710
2	303	91
2	306	670
2	307	16
2	307	389
2	308	280
2	310	244
2	310	655
2	311	7
2	314	365
2	314	477
2	314	683
2	314	987
2	315	901
2	316	61
2	316	876
2	317	671
2	317	786
2	319	515
2	320	253
2	320	734
2	321	199
2	322	305
2	323	292
2	324	281
2	327	883
2	328	691
2	328	903
2	330	694
2	331	415
2	331	723
2	332	867
2	333	779
2	335	495
2	337	357
2	337	377
2	339	628
2	341	927
2	342	344
2	343	66
2	343	267
2	343	397
2	344	715
2	345	384
2	346	763
2	347	302
2	347	662
2	350	70
2	350	90
2	350	303
2	351	69
2	352	368
2	353	102
2	354	744
2	355	234
2	356	743
2	358	578
2	358	677
2	358	916
2	359	171
2	359	627
2	360	312
2	360	514
2	361	225
2	361	304
2	362	17
2	362	118
2	362	185
2	362	707
2	363	283
2	363	635
2	363	752
2	363	932
2	363	998
2	364	764
2	365	261
2	366	197
2	366	801
2	367	226
2	367	873
2	368	112
2	368	114
2	368	413
2	369	705
2	369	813
2	370	867
2	371	584
2	371	986
2	372	989
2	373	56
2	373	753
2	373	820
2	374	33
2	374	71
2	374	783
2	375	531
2	375	639
2	376	120
2	377	273
2	378	129
2	379	212
2	380	286
2	383	680
2	383	688
2	383	913
2	384	220
2	384	299
2	384	875
2	385	496
2	386	714
2	387	57
2	387	630
2	387	644
2	387	720
2	388	237
2	388	542
2	389	76
2	390	355
2	390	535
2	393	144
2	393	289
2	395	938
2	396	95
2	396	411
2	396	465
2	397	445
2	398	327
2	399	30
2	400	100
2	401	278
2	402	154
2	402	333
2	402	534
2	402	865
2	403	395
2	405	969
2	407	247
2	407	308
2	408	173
2	408	827
2	408	895
2	409	345
2	409	385
2	410	879
2	411	160
2	411	172
2	413	35
2	413	306
2	413	587
2	414	930
2	415	343
2	416	733
2	417	219
2	417	420
2	419	136
2	419	601
2	419	692
2	421	232
2	422	386
2	425	361
2	426	493
2	426	506
2	428	288
2	428	602
2	430	678
2	431	80
2	431	198
2	433	201
2	433	545
2	434	659
2	436	176
2	437	115
2	437	254
2	437	263
2	437	771
2	438	366
2	439	332
2	439	338
2	439	422
2	440	434
2	440	557
2	441	453
2	441	976
2	442	298
2	444	735
2	445	178
2	445	633
2	446	39
2	446	277
2	446	435
2	447	190
2	447	264
2	447	519
2	448	124
2	448	316
2	448	727
2	450	379
2	450	392
2	450	770
2	451	570
2	451	700
2	452	632
2	454	242
2	454	988
2	455	933
2	457	325
2	458	569
2	458	769
2	459	121
2	459	418
2	460	827
2	463	134
2	464	222
2	468	341
2	468	362
2	469	469
2	470	732
2	471	589
2	471	596
2	471	649
2	472	788
2	473	696
2	473	760
2	474	441
2	475	119
2	476	22
2	476	371
2	477	653
2	478	106
2	478	303
2	478	790
2	478	954
2	480	227
2	480	796
2	481	195
2	483	780
2	483	921
2	484	365
2	484	658
2	485	594
2	487	194
2	488	211
2	489	590
2	490	1
2	490	192
2	491	661
2	492	3
2	492	556
2	494	610
2	495	63
2	495	92
2	495	161
2	495	936
2	496	533
2	496	683
2	497	104
2	497	109
2	497	504
2	497	736
2	498	380
2	498	544
2	498	730
2	499	425
2	499	826
2	500	400
2	501	374
2	501	452
2	502	164
2	502	693
2	503	764
2	504	83
2	504	850
2	505	13
2	505	208
2	506	340
2	507	293
2	507	825
2	507	995
2	508	130
2	508	454
2	508	759
2	508	851
2	509	11
2	510	256
2	511	744
2	512	888
2	513	59
2	513	398
2	513	934
2	514	407
2	514	662
2	515	122
2	515	215
2	515	272
2	516	987
2	517	676
2	518	573
2	518	628
2	519	19
2	520	78
2	520	473
2	521	776
2	522	28
2	523	580
2	523	892
2	527	446
2	527	962
2	528	576
2	529	241
2	529	630
2	532	67
2	532	571
2	532	781
2	535	330
2	536	165
2	536	685
2	537	551
2	537	897
2	538	403
2	539	34
2	541	147
2	541	329
2	544	324
2	544	763
2	545	510
2	546	492
2	546	512
2	548	566
2	551	376
2	551	957
2	552	489
2	552	838
2	553	60
2	553	70
2	553	782
2	554	593
2	555	529
2	556	199
2	556	351
2	556	433
2	556	497
2	559	348
2	560	368
2	560	703
2	561	143
2	561	516
2	561	800
2	564	719
2	564	733
2	566	595
2	566	625
2	568	766
2	569	756
2	570	463
2	570	517
2	572	71
2	572	172
2	572	377
2	572	785
2	573	248
2	574	792
2	575	444
2	576	317
2	576	337
2	576	464
2	578	14
2	579	145
2	582	45
2	582	704
2	583	171
2	585	945
2	586	367
2	586	417
2	587	382
2	588	666
2	591	745
2	593	746
2	594	228
2	594	318
2	595	98
2	595	237
2	595	716
2	597	177
2	597	271
2	598	297
2	598	399
2	599	620
2	601	404
2	601	915
2	602	206
2	602	607
2	603	40
2	604	343
2	605	17
2	605	526
2	606	429
2	606	448
2	607	29
2	607	146
2	607	668
2	607	674
2	607	713
2	608	563
2	608	799
2	611	239
2	611	370
2	612	416
2	612	968
2	613	347
2	613	490
2	614	946
2	615	142
2	615	494
2	616	364
2	616	948
2	617	128
2	618	125
2	619	860
2	621	587
2	624	4
2	624	268
2	625	453
2	626	390
2	627	438
2	628	762
2	629	342
2	629	616
2	633	100
2	633	156
2	638	710
2	640	307
2	643	442
2	643	906
2	646	9
2	649	77
2	650	276
2	650	553
2	650	887
2	652	21
2	652	534
2	652	582
2	652	760
2	653	653
2	653	739
2	655	352
2	656	408
2	656	905
2	656	961
2	657	651
2	658	149
2	658	684
2	660	105
2	661	301
2	661	591
2	661	779
2	661	796
2	662	542
2	662	741
2	662	768
2	663	456
2	664	50
2	665	139
2	665	182
2	665	914
2	666	291
2	666	543
2	667	798
2	668	316
2	669	286
2	669	722
2	669	747
2	669	870
2	670	32
2	670	564
2	670	828
2	672	168
2	672	197
2	672	602
2	673	477
2	673	536
2	674	226
2	674	462
2	675	52
2	678	904
2	679	488
2	679	567
2	679	629
2	681	86
2	681	647
2	681	784
2	683	266
2	683	385
2	685	333
2	685	757
2	686	233
2	686	608
2	686	810
2	687	181
2	688	308
2	689	67
2	689	577
2	690	210
2	690	750
2	692	537
2	695	173
2	696	770
2	697	626
2	698	743
2	700	58
2	700	717
2	702	96
2	702	127
2	702	288
2	702	493
2	702	690
2	702	887
2	703	605
2	704	622
2	705	217
2	705	246
2	707	459
2	707	617
2	709	439
2	710	491
2	710	766
2	710	953
2	712	196
2	712	487
2	713	908
2	713	912
2	715	240
2	715	985
2	716	677
2	717	13
2	717	123
2	721	10
2	721	849
2	721	972
2	722	362
2	722	759
2	723	435
2	725	186
2	726	201
2	726	256
2	726	351
2	727	269
2	727	299
2	727	657
2	728	533
2	729	613
2	729	940
2	730	369
2	730	598
2	730	775
2	731	272
2	731	808
2	732	195
2	732	319
2	732	671
2	733	131
2	734	672
2	735	193
2	735	463
2	735	466
2	735	702
2	735	811
2	735	838
2	736	37
2	736	99
2	737	711
2	738	778
2	739	686
2	739	771
2	740	208
2	741	505
2	742	243
2	743	321
2	743	322
2	745	475
2	745	630
2	745	669
2	746	300
2	747	341
2	748	382
2	749	627
2	750	53
2	750	569
2	750	927
2	751	803
2	751	977
2	753	381
2	756	514
2	756	780
2	756	944
2	757	504
2	759	287
2	759	359
2	759	925
2	760	754
2	761	93
2	762	280
2	762	852
2	765	138
2	765	527
2	766	330
2	767	115
2	768	167
2	768	247
2	768	501
2	768	518
2	770	962
2	771	293
2	771	583
2	771	616
2	771	746
2	771	802
2	773	872
2	773	992
2	775	178
2	775	465
2	775	570
2	776	150
2	776	251
2	778	921
2	779	84
2	780	625
2	785	33
2	785	645
2	787	294
2	787	408
2	788	458
2	788	592
2	788	693
2	789	701
2	790	274
2	792	136
2	792	866
2	793	374
2	794	182
2	794	665
2	794	674
2	795	902
2	796	714
2	797	284
2	797	523
2	798	609
2	798	769
2	799	116
2	799	544
2	800	422
2	800	965
2	801	659
2	801	719
2	802	28
2	802	224
2	802	857
2	806	468
2	807	106
2	809	380
2	810	234
2	810	582
2	810	670
2	811	2
2	811	472
2	812	154
2	813	989
2	814	373
2	814	856
2	815	678
2	817	117
2	817	761
2	818	114
2	818	550
2	819	511
2	819	593
2	820	6
2	820	667
2	820	798
2	821	323
2	822	354
2	822	905
2	824	275
2	824	653
2	824	692
2	824	870
2	825	449
2	825	676
2	825	839
2	826	958
2	828	611
2	829	642
2	829	724
2	830	303
2	830	366
2	831	377
2	832	326
2	832	762
2	833	308
2	834	420
2	834	895
2	835	75
2	836	331
2	836	682
2	837	22
2	837	170
2	838	821
2	839	47
2	839	897
2	840	444
2	843	664
2	844	64
2	844	389
2	846	404
2	850	8
2	850	814
2	851	998
2	852	793
2	853	282
2	854	786
2	855	922
2	856	430
2	856	750
2	857	400
2	858	568
2	858	666
2	862	586
2	863	923
2	864	232
2	864	399
2	864	410
2	864	797
2	867	561
2	868	979
2	868	993
2	870	119
2	870	720
2	873	882
2	873	896
2	875	160
2	875	397
2	876	712
2	877	278
2	879	388
2	879	608
2	880	681
2	882	453
2	883	470
2	885	34
2	885	751
2	886	507
2	886	782
2	887	869
2	887	967
2	889	49
2	889	699
2	889	706
2	890	340
2	890	575
2	892	342
2	892	415
2	893	702
2	893	803
2	894	335
2	895	195
2	897	15
2	897	236
2	897	437
2	897	737
2	898	159
2	899	395
2	900	794
2	902	631
2	903	175
2	903	318
2	904	855
2	905	734
2	906	343
2	906	450
2	906	700
2	906	745
2	907	356
2	908	140
2	908	547
2	909	51
2	909	288
2	910	133
2	911	151
2	911	518
2	913	10
2	913	319
2	914	168
2	914	802
2	914	930
2	914	984
2	917	215
2	918	257
2	918	359
2	918	725
2	918	998
2	919	677
2	920	689
2	922	112
2	922	531
2	923	111
2	923	237
2	923	421
2	923	457
2	924	19
2	925	283
2	926	565
2	929	228
2	929	378
2	929	414
2	930	900
2	931	46
2	931	489
2	931	528
2	931	898
2	932	521
2	934	150
2	934	964
2	936	207
2	936	532
2	936	558
2	937	253
2	938	698
2	938	757
2	938	847
2	940	694
2	941	35
2	941	87
2	942	56
2	942	479
2	944	798
2	944	990
2	945	241
2	947	411
2	947	806
2	947	811
2	948	233
2	948	468
2	949	546
2	950	220
2	951	295
2	953	153
2	954	23
2	954	145
2	955	707
2	956	455
2	957	276
2	957	433
2	957	676
2	960	469
2	962	135
2	963	234
2	963	766
2	964	393
2	964	972
2	967	44
2	967	564
2	967	912
2	967	967
2	968	527
2	971	536
2	971	562
2	972	723
2	973	25
2	974	551
2	976	711
2	977	726
2	978	95
2	978	271
2	978	802
2	982	979
2	983	114
2	985	281
2	986	157
2	986	715
2	987	407
2	989	268
2	990	632
2	990	714
2	990	872
2	993	243
2	995	775
2	996	785
2	997	201
2	999	92
2	999	647
2	1000	587
2	1000	846
2	1001	67
2	1001	954
2	1002	966
2	1003	394
2	1003	545
2	1003	627
2	1003	767
2	1006	146
2	1006	687
2	1007	193
2	1007	522
2	1009	830
2	1011	172
2	1011	252
2	1011	835
2	1011	874
2	1012	129
2	1012	245
2	1012	749
2	1013	662
2	1014	230
2	1015	610
2	1016	181
2	1016	304
2	1016	481
2	1016	616
2	1016	881
2	1017	425
2	1017	649
2	1017	765
2	1018	94
2	1018	355
2	1018	370
2	1018	525
2	1018	667
2	1019	284
2	1021	216
2	1021	240
2	1021	321
2	1021	615
2	1021	655
2	1022	501
2	1023	463
2	1025	64
2	1025	185
2	1025	436
2	1025	750
2	1026	450
2	1027	120
2	1027	396
2	1027	643
2	1028	254
2	1028	494
2	1029	149
2	1029	859
2	1031	592
2	1031	948
2	1033	61
2	1034	104
2	1034	444
2	1035	144
2	1035	439
2	1035	498
2	1036	131
2	1037	237
2	1037	708
2	1038	453
2	1038	517
2	1038	882
2	1041	305
2	1041	420
2	1042	375
2	1042	391
2	1043	581
2	1044	347
2	1044	705
2	1047	143
2	1047	310
2	1047	363
2	1047	802
2	1048	938
2	1049	626
2	1049	634
2	1050	227
2	1051	3
2	1052	307
2	1053	76
2	1053	680
2	1054	303
2	1054	514
2	1054	628
2	1054	645
2	1055	752
2	1057	301
2	1057	558
2	1058	791
2	1059	110
2	1059	141
2	1060	413
2	1061	358
2	1062	646
2	1063	332
2	1063	579
2	1064	467
2	1064	538
2	1064	544
2	1065	703
2	1065	865
2	1065	984
2	1066	148
2	1066	246
2	1066	293
2	1066	348
2	1066	751
2	1067	540
2	1068	71
2	1068	837
2	1070	384
2	1070	630
2	1071	167
2	1071	456
2	1072	79
2	1072	359
2	1072	589
2	1073	773
2	1074	127
2	1074	134
2	1074	415
2	1075	569
2	1076	912
2	1077	231
2	1078	224
2	1078	900
2	1078	992
2	1079	360
2	1079	657
2	1081	195
2	1081	288
2	1081	691
2	1083	270
2	1083	300
2	1083	320
2	1083	909
2	1083	990
2	1084	841
2	1086	126
2	1086	433
2	1086	780
2	1088	472
2	1089	534
2	1089	660
2	1090	108
2	1090	794
2	1094	520
2	1095	244
2	1095	406
2	1096	132
2	1096	735
2	1097	905
2	1098	322
2	1098	663
2	1099	353
2	1099	704
2	1099	710
2	1100	862
2	1101	698
2	1104	235
2	1104	283
2	1104	507
2	1104	714
2	1105	169
2	1105	697
2	1107	315
2	1107	864
2	1108	739
2	1108	879
2	1111	566
2	1112	417
2	1117	1
2	1117	488
2	1118	175
2	1119	10
2	1120	594
2	1121	109
2	1122	222
2	1123	12
2	1123	835
2	1125	250
2	1126	535
2	1126	560
2	1127	273
2	1127	806
2	1129	70
2	1129	527
2	1130	546
2	1130	563
2	1130	656
2	1131	160
2	1134	464
2	1134	743
2	1136	87
2	1136	779
2	1137	362
2	1137	763
2	1138	14
2	1139	972
2	1140	379
2	1140	886
2	1141	51
2	1141	266
2	1141	268
2	1141	449
2	1142	33
2	1142	650
2	1143	435
2	1144	329
2	1144	822
2	1145	20
2	1145	212
2	1145	911
2	1147	609
2	1147	803
2	1149	483
2	1150	292
2	1150	573
2	1150	924
2	1151	310
2	1152	775
2	1154	428
2	1154	556
2	1156	46
2	1156	311
2	1156	784
2	1157	399
2	1157	440
2	1157	518
2	1158	182
2	1160	22
2	1160	90
2	1160	280
2	1160	426
2	1160	638
2	1160	724
2	1161	43
2	1161	746
2	1162	742
2	1163	77
2	1163	263
2	1165	219
2	1165	673
2	1166	295
2	1167	251
2	1167	429
2	1170	233
2	1170	448
2	1170	595
2	1171	61
2	1171	96
2	1171	289
2	1171	934
2	1172	317
2	1173	34
2	1174	194
2	1176	260
2	1176	582
2	1177	653
2	1178	45
2	1179	129
2	1179	651
2	1181	885
2	1183	643
2	1184	553
2	1185	541
2	1185	666
2	1186	525
2	1188	200
2	1189	599
2	1189	690
2	1191	66
2	1191	80
2	1191	502
2	1191	597
2	1192	425
2	1193	97
2	1193	153
2	1193	207
2	1200	297
2	1201	542
2	1202	655
2	1203	728
2	1204	973
2	1206	23
2	1207	476
2	1208	172
2	1208	678
2	1208	738
2	1208	982
2	1209	691
2	1209	805
2	1211	745
2	1212	622
2	1213	267
2	1213	718
2	1216	164
2	1216	414
2	1218	151
2	1218	683
2	1218	701
2	1218	906
2	1220	236
2	1221	6
2	1223	466
2	1223	555
2	1223	610
2	1223	625
2	1227	173
2	1228	602
2	1228	693
2	1229	954
2	1231	52
2	1232	195
2	1232	279
2	1233	293
2	1237	210
2	1239	116
2	1239	509
2	1240	74
2	1240	132
2	1240	457
2	1240	485
2	1240	561
2	1240	637
2	1240	752
2	1242	754
2	1243	640
2	1246	635
2	1246	636
2	1248	480
2	1249	98
2	1249	799
2	1250	320
2	1250	629
2	1250	703
2	1252	38
2	1252	663
2	1252	765
2	1252	773
2	1253	688
2	1254	50
2	1254	521
2	1255	374
2	1255	696
2	1256	47
2	1256	389
2	1256	436
2	1256	601
2	1256	606
2	1256	820
2	1256	932
2	1257	197
2	1257	577
2	1259	985
2	1260	904
2	1261	381
2	1261	871
2	1261	998
2	1263	268
2	1263	658
2	1264	346
2	1264	729
2	1265	443
2	1265	624
2	1266	189
2	1267	762
2	1269	368
2	1269	562
2	1269	778
2	1271	798
2	1272	128
2	1274	105
2	1274	565
2	1275	250
2	1276	657
2	1276	793
2	1277	40
2	1277	397
2	1277	538
2	1278	124
2	1279	519
2	1280	455
2	1283	364
2	1284	71
2	1284	75
2	1284	366
2	1284	727
2	1285	203
2	1285	309
2	1285	769
2	1286	227
2	1286	574
2	1287	82
2	1287	824
2	1288	848
2	1288	928
2	1289	84
2	1289	158
2	1289	401
2	1289	809
2	1290	9
2	1292	88
2	1292	685
2	1293	107
2	1293	335
2	1293	722
2	1293	832
2	1294	899
2	1295	114
2	1297	620
2	1299	18
2	1299	119
2	1301	913
2	1303	486
2	1305	123
2	1305	418
2	1306	576
2	1308	148
2	1309	265
2	1309	539
2	1310	819
2	1312	771
2	1313	821
2	1314	409
2	1315	756
2	1316	375
2	1316	398
2	1319	501
2	1321	111
2	1322	201
2	1322	587
2	1322	739
2	1324	223
2	1324	433
2	1326	777
2	1328	461
2	1329	467
2	1330	343
2	1330	733
2	1331	489
2	1332	142
2	1332	586
2	1333	369
2	1333	567
2	1334	579
2	1334	800
2	1336	981
2	1337	118
2	1337	614
2	1338	546
2	1338	779
2	1340	421
2	1340	603
2	1341	113
2	1341	373
2	1341	631
2	1342	247
2	1342	675
2	1344	177
2	1344	283
2	1344	589
2	1345	266
2	1345	354
2	1346	152
2	1346	179
2	1346	359
2	1346	949
2	1347	2
2	1347	183
2	1347	254
2	1347	272
2	1347	413
2	1347	514
2	1348	380
2	1349	357
2	1350	915
2	1351	319
2	1351	601
2	1351	897
2	1351	918
2	1353	438
2	1353	551
2	1355	306
2	1355	532
2	1356	431
2	1357	205
2	1357	217
2	1358	338
2	1359	86
2	1360	393
2	1361	783
2	1362	966
2	1363	133
2	1364	435
2	1364	865
2	1365	12
2	1369	641
2	1369	781
2	1371	281
2	1372	290
2	1373	803
2	1375	862
2	1376	497
2	1376	745
2	1376	930
2	1379	153
2	1379	198
2	1380	600
2	1381	572
2	1382	805
2	1383	819
2	1384	322
2	1384	804
2	1385	723
2	1387	260
2	1387	331
2	1388	767
2	1390	66
2	1391	734
2	1392	94
2	1392	693
2	1393	834
2	1394	57
2	1395	332
2	1395	341
2	1396	814
2	1398	100
2	1398	534
2	1398	948
2	1399	662
2	1400	858
2	1401	92
2	1401	425
2	1402	602
2	1403	22
2	1403	131
2	1403	694
2	1403	997
2	1405	127
2	1406	664
2	1407	33
2	1407	262
2	1409	668
2	1410	463
2	1412	392
2	1412	712
2	1412	945
2	1414	37
2	1414	761
2	1415	536
2	1416	171
2	1416	692
2	1418	854
2	1419	76
2	1419	182
2	1419	347
2	1419	545
2	1420	725
2	1423	318
2	1423	406
2	1423	471
2	1423	813
2	1424	249
2	1424	432
2	1425	401
2	1425	624
2	1426	25
2	1427	495
2	1427	919
2	1427	937
2	1428	120
2	1429	522
2	1431	204
2	1431	351
2	1432	578
2	1432	584
2	1433	676
2	1434	218
2	1434	839
2	1434	935
2	1435	213
2	1435	594
2	1435	607
2	1436	122
2	1437	358
2	1437	479
2	1437	487
2	1437	548
2	1438	301
2	1439	512
2	1439	524
2	1440	575
2	1440	698
2	1440	867
2	1442	900
2	1443	93
2	1444	52
2	1445	54
2	1445	468
2	1445	488
2	1446	11
2	1446	353
2	1446	629
2	1446	971
2	1447	119
2	1447	161
2	1447	428
2	1447	687
2	1448	654
2	1448	667
2	1448	838
2	1449	112
2	1449	469
2	1450	13
2	1450	121
2	1452	175
2	1452	644
2	1453	70
2	1453	193
2	1453	404
2	1453	555
2	1454	489
2	1454	544
2	1455	8
2	1455	251
2	1456	411
2	1457	684
2	1457	793
2	1458	55
2	1458	923
2	1459	686
2	1460	633
2	1460	663
2	1460	950
2	1461	295
2	1462	261
2	1462	612
2	1463	558
2	1464	405
2	1465	625
2	1466	515
2	1466	763
2	1467	751
2	1468	556
2	1468	593
2	1469	117
2	1470	124
2	1471	114
2	1472	21
2	1472	275
2	1472	691
2	1473	36
2	1473	47
2	1473	276
2	1474	72
2	1474	367
2	1474	942
2	1475	278
2	1475	287
2	1475	325
2	1475	754
2	1475	762
2	1475	775
2	1476	400
2	1476	649
2	1477	64
2	1477	809
2	1478	130
2	1478	200
2	1478	956
2	1479	436
2	1479	720
2	1479	771
2	1479	891
2	1480	65
2	1480	520
2	1480	614
2	1481	104
2	1481	265
2	1482	420
2	1482	905
2	1485	111
2	1485	402
2	1486	636
2	1487	156
2	1487	187
2	1487	448
2	1487	589
2	1487	648
2	1487	677
2	1489	481
2	1490	189
2	1490	206
2	1490	892
2	1491	202
2	1492	16
2	1493	345
2	1493	394
2	1493	994
2	1494	199
2	1495	77
2	1495	869
2	1496	453
2	1496	965
2	1497	894
2	1498	784
2	1499	702
2	1500	85
2	1500	210
2	1500	574
2	1501	418
2	1502	288
2	1502	293
2	1503	31
2	1507	371
2	1508	17
2	1508	178
2	1508	741
2	1510	937
2	1511	154
2	1511	553
2	1514	862
2	1516	185
2	1516	982
2	1519	142
2	1519	311
2	1519	790
2	1521	753
2	1522	48
2	1522	443
2	1524	455
2	1527	819
2	1527	863
2	1528	399
2	1528	837
2	1530	186
2	1530	221
2	1530	537
2	1531	56
2	1531	362
2	1532	365
2	1535	998
2	1537	342
2	1538	582
2	1540	410
2	1541	482
2	1542	695
2	1543	282
2	1545	867
2	1546	96
2	1546	828
2	1550	177
2	1551	304
2	1551	475
2	1551	692
2	1552	173
2	1552	257
2	1553	731
2	1554	263
2	1554	354
2	1555	277
2	1556	631
2	1559	350
2	1559	470
2	1559	844
2	1560	118
2	1562	307
2	1563	149
2	1563	890
2	1564	521
2	1564	780
2	1565	752
2	1565	920
2	1567	495
2	1567	504
2	1568	533
2	1569	878
2	1570	431
2	1570	929
2	1571	115
2	1571	315
2	1571	826
2	1574	901
2	1575	313
2	1576	958
2	1577	724
2	1577	856
2	1580	54
2	1580	461
2	1581	136
2	1581	894
2	1582	476
2	1584	713
2	1585	34
2	1585	747
2	1586	989
2	1587	474
2	1588	127
2	1590	43
2	1590	151
2	1593	433
2	1593	568
2	1595	488
2	1597	859
2	1598	217
2	1598	253
2	1598	725
2	1598	995
2	1599	588
2	1600	283
2	1602	305
2	1603	18
2	1605	174
2	1605	251
2	1605	486
2	1607	386
2	1607	511
2	1607	767
2	1608	473
2	1609	545
2	1609	739
2	1610	322
2	1610	348
2	1610	429
2	1611	297
2	1611	589
2	1611	777
2	1612	357
2	1612	627
2	1613	138
2	1613	205
2	1613	245
2	1613	286
2	1613	612
2	1614	559
2	1616	601
2	1616	893
2	1617	484
2	1618	45
2	1619	664
2	1619	854
2	1620	27
2	1620	231
2	1620	380
2	1620	737
2	1621	323
2	1621	576
2	1622	331
2	1622	803
2	1623	110
2	1623	290
2	1623	689
2	1624	155
2	1624	249
2	1624	281
2	1624	659
2	1626	24
2	1626	208
2	1626	262
2	1627	583
2	1628	361
2	1629	61
2	1629	229
2	1630	662
2	1632	141
2	1632	534
2	1633	402
2	1633	740
2	1633	958
2	1635	378
2	1635	726
2	1637	522
2	1637	541
2	1639	663
2	1640	445
2	1640	472
2	1640	514
2	1641	74
2	1642	465
2	1642	723
2	1643	411
2	1644	600
2	1645	447
2	1645	874
2	1646	520
2	1646	683
2	1646	750
2	1646	934
2	1648	637
2	1650	899
2	1651	59
2	1651	159
2	1651	769
2	1655	26
2	1656	481
2	1658	805
2	1659	244
2	1660	524
2	1660	618
2	1661	531
2	1662	342
2	1662	853
2	1662	961
2	1664	336
2	1664	665
2	1665	727
2	1667	139
2	1667	272
2	1667	642
2	1667	757
2	1667	994
2	1668	844
2	1669	200
2	1669	632
2	1671	552
2	1672	32
2	1672	103
2	1672	970
2	1673	175
2	1674	669
2	1675	503
2	1675	620
2	1676	423
2	1676	878
2	1677	23
2	1677	412
2	1678	267
2	1678	728
2	1679	886
2	1680	374
2	1680	546
2	1680	595
2	1681	452
2	1681	745
2	1682	53
2	1682	222
2	1684	187
2	1684	606
2	1685	221
2	1685	351
2	1685	422
2	1685	703
2	1686	6
2	1686	29
2	1686	804
2	1688	982
2	1689	259
2	1691	280
2	1691	396
2	1691	417
2	1692	153
2	1692	628
2	1694	610
2	1695	232
2	1695	582
2	1695	841
2	1696	399
2	1697	812
2	1698	258
2	1698	717
2	1698	754
2	1700	82
2	1700	248
2	1700	640
2	1704	898
2	1706	57
2	1706	176
2	1707	64
2	1707	469
2	1707	781
2	1708	430
2	1708	695
2	1709	549
2	1710	414
2	1710	653
2	1711	204
2	1711	991
2	1715	381
2	1715	901
2	1717	535
2	1719	69
2	1719	206
2	1719	438
2	1719	630
2	1721	672
2	1723	440
2	1723	489
2	1726	60
2	1726	339
2	1726	556
2	1727	843
2	1729	114
2	1729	477
2	1731	124
2	1731	450
2	1731	898
2	1733	385
2	1733	455
2	1734	273
2	1735	219
2	1738	668
2	1739	99
2	1740	133
2	1740	519
2	1740	688
2	1740	716
2	1740	927
2	1743	406
2	1744	25
2	1745	387
2	1746	4
2	1746	97
2	1748	77
2	1748	571
2	1749	235
2	1750	899
2	1751	457
2	1752	710
2	1753	588
2	1754	736
2	1755	174
2	1756	16
2	1756	421
2	1756	604
2	1756	789
2	1758	95
2	1758	305
2	1758	461
2	1758	874
2	1759	692
2	1760	313
2	1760	393
2	1760	840
2	1761	169
2	1762	199
2	1762	343
2	1763	38
2	1766	76
2	1766	911
2	1769	299
2	1771	85
2	1771	370
2	1773	296
2	1773	314
2	1776	140
2	1778	164
2	1778	809
2	1780	711
2	1782	72
2	1783	550
2	1783	730
2	1786	667
2	1786	948
2	1787	110
2	1787	348
2	1789	456
2	1789	787
2	1793	607
2	1793	808
2	1793	901
2	1794	379
2	1795	539
2	1797	173
2	1797	400
2	1797	814
2	1797	957
2	1798	501
2	1798	518
2	1799	292
2	1799	415
2	1799	472
2	1801	289
2	1801	353
2	1801	573
2	1802	211
2	1802	739
2	1803	5
2	1803	648
2	1803	662
2	1804	462
2	1804	682
2	1805	320
2	1806	125
2	1806	317
2	1807	65
2	1807	123
2	1808	598
2	1809	293
2	1811	499
2	1811	720
2	1811	955
2	1812	352
2	1812	395
2	1812	627
2	1812	947
2	1813	75
2	1813	587
2	1813	735
2	1814	767
2	1815	744
2	1816	369
2	1819	336
2	1819	464
2	1819	535
2	1821	886
2	1822	521
2	1822	530
2	1823	465
2	1824	391
2	1824	509
2	1825	192
2	1825	392
2	1825	790
2	1827	61
2	1827	304
2	1827	726
2	1828	386
2	1828	578
2	1828	1000
2	1829	478
2	1830	575
2	1832	361
2	1833	83
2	1833	665
2	1833	867
2	1834	435
2	1834	602
2	1834	832
2	1835	286
2	1835	407
2	1836	297
2	1837	341
2	1838	170
2	1839	146
2	1840	384
2	1844	707
2	1844	749
2	1844	976
2	1845	931
2	1846	195
2	1847	101
2	1847	887
2	1848	786
2	1848	875
2	1850	761
2	1852	243
2	1852	510
2	1852	543
2	1852	606
2	1852	929
2	1855	555
2	1855	684
2	1856	55
2	1856	657
2	1856	858
2	1857	203
2	1857	725
2	1858	333
2	1859	337
2	1860	14
2	1860	218
2	1860	239
2	1860	740
2	1861	222
2	1862	190
2	1862	413
2	1862	574
2	1863	43
2	1863	288
2	1864	246
2	1865	436
2	1865	609
2	1866	504
2	1866	934
2	1867	84
2	1867	753
2	1868	95
2	1868	237
2	1870	326
2	1870	615
2	1870	641
2	1871	958
2	1873	184
2	1874	233
2	1874	494
2	1876	865
2	1877	163
2	1880	177
2	1880	207
2	1880	432
2	1880	583
2	1881	857
2	1882	442
2	1882	719
2	1883	632
2	1884	254
2	1884	425
2	1886	90
2	1887	360
2	1887	451
2	1889	71
2	1889	634
2	1891	610
2	1891	664
2	1893	156
2	1893	486
2	1893	920
2	1894	28
2	1894	342
2	1894	512
2	1894	861
2	1894	914
2	1895	129
2	1895	623
2	1895	936
2	1896	277
2	1896	313
2	1896	319
2	1897	622
2	1898	209
2	1898	421
2	1898	692
2	1898	776
2	1899	191
2	1899	659
2	1899	766
2	1900	388
2	1900	618
2	1901	864
2	1902	722
2	1904	457
2	1904	950
2	1905	224
2	1905	493
2	1905	519
2	1906	561
2	1908	850
2	1908	871
2	1909	546
2	1911	206
2	1912	962
2	1913	721
2	1914	558
2	1914	599
2	1917	560
2	1918	185
2	1919	109
2	1919	147
2	1919	686
2	1920	295
2	1920	611
2	1921	362
2	1921	649
2	1922	791
2	1923	280
2	1923	823
2	1926	750
2	1927	205
2	1928	128
2	1928	579
2	1930	263
2	1930	503
2	1930	941
2	1931	323
2	1931	577
2	1931	873
2	1933	53
2	1934	643
2	1934	890
2	1935	991
2	1936	517
2	1936	712
2	1936	801
2	1936	968
2	1937	306
2	1938	39
2	1938	578
2	1938	763
2	1939	42
2	1941	105
2	1941	120
2	1941	214
2	1943	679
2	1944	270
2	1944	591
2	1945	594
2	1945	784
2	1947	556
2	1947	884
2	1948	488
2	1949	271
2	1950	187
2	1950	703
2	1950	893
2	1951	331
2	1951	374
2	1951	747
2	1953	349
2	1953	746
2	1955	743
2	1956	307
2	1956	446
2	1956	848
2	1957	116
2	1959	87
2	1960	158
2	1960	321
2	1960	958
2	1961	229
2	1962	68
2	1963	144
2	1963	383
2	1965	475
2	1966	89
2	1968	225
2	1970	255
2	1970	354
2	1971	41
2	1971	631
2	1973	366
2	1974	514
2	1975	57
2	1976	168
2	1976	305
2	1978	220
2	1979	440
2	1980	192
2	1982	500
2	1982	798
2	1983	275
2	1985	487
2	1985	589
2	1986	311
2	1986	330
2	1986	541
2	1987	557
2	1988	467
2	1989	895
2	1991	34
2	1991	466
2	1991	484
2	1991	628
2	1991	966
2	1992	182
2	1992	653
2	1992	970
2	1993	290
2	1995	420
2	1996	468
2	1996	840
2	1998	150
2	1998	717
2	1999	422
2	1999	793
2	2000	933
2	2001	322
2	2002	240
2	2002	758
2	2004	119
2	2006	303
2	2008	552
2	2008	702
2	2008	997
2	2009	454
2	2012	385
2	2012	600
2	2013	640
2	2014	328
2	2014	774
2	2016	176
2	2016	428
2	2017	601
2	2017	873
2	2018	911
2	2019	983
2	2020	619
2	2020	909
2	2021	751
2	2022	781
2	2026	407
2	2027	211
2	2028	431
2	2030	882
2	2031	338
2	2032	348
2	2032	682
2	2032	924
2	2033	913
2	2035	550
2	2035	898
2	2035	949
2	2036	770
2	2037	977
2	2039	603
2	2040	503
2	2041	257
2	2042	83
2	2042	524
2	2043	186
2	2044	236
2	2044	718
2	2045	145
2	2045	320
2	2045	656
2	2046	141
2	2047	181
2	2048	435
2	2048	566
2	2048	595
2	2050	244
2	2050	516
2	2051	559
2	2051	734
2	2051	853
2	2053	251
2	2053	300
2	2054	459
2	2054	630
2	2055	481
2	2055	509
2	2055	623
2	2055	749
2	2056	535
2	2057	943
2	2057	995
2	2058	30
2	2058	371
2	2058	777
2	2059	361
2	2060	213
2	2060	373
2	2060	725
2	2060	872
2	2061	157
2	2062	122
2	2062	241
2	2062	794
2	2063	16
2	2063	69
2	2064	347
2	2065	281
2	2065	790
2	2065	931
2	2066	324
2	2066	394
2	2066	504
2	2066	847
2	2067	490
2	2067	512
2	2068	288
2	2069	63
2	2069	114
2	2069	136
2	2069	521
2	2069	673
2	2069	722
2	2069	952
2	2070	634
2	2070	946
2	2071	273
2	2071	355
2	2071	887
2	2072	76
2	2072	869
2	2073	291
2	2074	528
2	2074	560
2	2075	636
2	2076	936
2	2077	124
2	2077	372
2	2077	743
2	2077	838
2	2078	138
2	2080	151
2	2083	424
2	2083	483
2	2083	517
2	2084	563
2	2085	391
2	2086	791
2	2087	38
2	2087	260
2	2087	513
2	2089	668
2	2089	845
2	2090	579
2	2090	844
2	2092	780
2	2093	143
2	2093	417
2	2094	530
2	2095	36
2	2095	650
2	2096	58
2	2096	991
2	2097	335
2	2097	666
2	2099	20
2	2099	132
2	2100	87
2	2100	139
2	2100	748
2	2101	756
2	2101	928
2	2104	153
2	2105	728
2	2106	747
2	2107	529
2	2108	140
2	2108	538
2	2110	307
2	2111	259
2	2111	448
2	2111	464
2	2112	556
2	2112	675
2	2113	663
2	2114	165
2	2114	695
2	2117	316
2	2117	842
2	2117	858
2	2119	502
2	2121	771
2	2122	386
2	2122	405
2	2123	129
2	2123	250
2	2123	337
2	2124	444
2	2126	148
2	2126	359
2	2127	256
2	2130	568
2	2130	932
2	2131	493
2	2132	172
2	2133	212
2	2133	832
2	2135	19
2	2136	246
2	2139	24
2	2139	271
2	2141	308
2	2141	379
2	2141	480
2	2141	491
2	2143	561
2	2144	155
2	2145	270
2	2145	621
2	2146	301
2	2146	702
2	2146	937
2	2147	99
2	2147	297
2	2147	438
2	2147	693
2	2147	933
2	2150	351
2	2150	886
2	2153	421
2	2153	662
2	2154	248
2	2154	458
2	2155	6
2	2155	28
2	2156	396
2	2159	201
2	2159	341
2	2159	542
2	2162	724
2	2163	674
2	2165	52
2	2166	449
2	2166	472
2	2167	41
2	2167	215
2	2167	640
2	2168	487
2	2168	931
2	2169	196
2	2170	110
2	2170	657
2	2170	903
2	2171	416
2	2171	581
2	2171	604
2	2173	221
2	2173	626
2	2173	642
2	2173	744
2	2174	669
2	2175	283
2	2175	655
2	2175	901
2	2178	280
2	2179	274
2	2179	732
2	2179	844
2	2180	204
2	2180	286
2	2181	389
2	2182	810
2	2184	209
2	2184	733
2	2185	597
2	2185	939
2	2186	809
2	2187	44
2	2187	369
2	2187	876
2	2187	896
2	2188	759
2	2188	797
2	2189	680
2	2191	77
2	2192	694
2	2193	262
2	2193	426
2	2194	934
2	2195	233
2	2195	892
2	2196	288
2	2197	924
2	2198	86
2	2198	596
2	2198	999
2	2201	21
2	2201	237
2	2201	651
2	2205	14
2	2206	474
2	2208	607
2	2208	686
2	2208	774
2	2209	503
2	2210	403
2	2211	62
2	2211	616
2	2212	302
2	2215	150
2	2215	152
2	2215	158
2	2215	245
2	2215	428
2	2218	287
2	2218	310
2	2218	997
2	2219	899
2	2220	525
2	2221	969
2	2222	896
2	2223	187
2	2223	406
2	2223	574
2	2224	393
2	2225	553
2	2225	630
2	2225	933
2	2228	81
2	2228	481
2	2230	371
2	2231	295
2	2231	757
2	2231	841
2	2232	533
2	2232	983
2	2235	114
2	2235	432
2	2236	265
2	2238	306
2	2238	610
2	2240	213
2	2240	356
2	2241	109
2	2241	401
2	2242	627
2	2243	175
2	2245	4
2	2245	760
2	2246	698
2	2247	451
2	2247	708
2	2248	354
2	2248	490
2	2249	251
2	2249	531
2	2251	26
2	2251	239
2	2254	89
2	2254	526
2	2254	544
2	2255	634
2	2255	889
2	2257	853
2	2257	930
2	2258	249
2	2258	328
2	2259	658
2	2260	975
2	2261	147
2	2261	365
2	2261	425
2	2263	720
2	2264	117
2	2264	289
2	2264	431
2	2264	524
2	2265	613
2	2267	435
2	2268	643
2	2268	922
2	2268	948
2	2269	348
2	2269	867
2	2270	282
2	2271	172
2	2271	179
2	2271	937
2	2272	105
2	2272	221
2	2272	385
2	2272	624
2	2273	161
2	2273	198
2	2273	953
2	2274	357
2	2274	361
2	2275	715
2	2277	666
2	2278	126
2	2279	747
2	2280	316
2	2280	742
2	2280	839
2	2282	523
2	2284	789
2	2285	657
2	2286	200
2	2286	479
2	2287	682
2	2288	261
2	2289	647
2	2290	37
2	2292	990
2	2294	241
2	2296	148
2	2297	705
2	2299	34
2	2299	419
2	2300	312
2	2300	670
2	2301	741
2	2302	164
2	2302	704
2	2303	538
2	2304	869
2	2305	256
2	2305	446
2	2306	688
2	2307	442
2	2307	665
2	2308	279
2	2308	940
2	2309	603
2	2309	736
2	2313	433
2	2314	377
2	2314	969
2	2316	776
2	2320	900
2	2321	796
2	2322	252
2	2323	51
2	2323	465
2	2323	946
2	2324	547
2	2324	825
2	2325	103
2	2326	397
2	2326	873
2	2327	15
2	2328	231
2	2328	884
2	2329	42
2	2329	793
2	2329	993
2	2330	154
2	2330	414
2	2330	635
2	2332	28
2	2332	507
2	2333	63
2	2333	163
2	2334	21
2	2334	927
2	2335	387
2	2336	512
2	2337	259
2	2337	474
2	2340	391
2	2340	462
2	2340	814
2	2340	920
2	2341	75
2	2342	287
2	2343	464
2	2345	110
2	2345	600
2	2346	319
2	2347	140
2	2348	78
2	2348	463
2	2348	975
2	2350	12
2	2351	762
2	2351	976
2	2353	408
2	2355	69
2	2356	327
2	2356	335
2	2358	181
2	2359	417
2	2359	558
2	2360	457
2	2360	578
2	2360	711
2	2363	130
2	2363	641
2	2364	339
2	2364	456
2	2364	689
2	2364	754
2	2365	237
2	2365	599
2	2367	274
2	2367	546
2	2368	66
2	2368	207
2	2368	476
2	2368	974
2	2369	29
2	2369	860
2	2371	332
2	2371	492
2	2372	173
2	2372	525
2	2373	193
2	2373	216
2	2376	448
2	2376	903
2	2377	532
2	2379	475
2	2379	756
2	2380	373
2	2380	480
2	2381	331
2	2381	342
2	2382	127
2	2382	142
2	2382	338
2	2382	595
2	2383	262
2	2387	695
2	2388	113
2	2389	176
2	2389	798
2	2389	927
2	2390	375
2	2392	118
2	2395	873
2	2396	43
2	2398	646
2	2399	516
2	2402	409
2	2402	893
2	2403	383
2	2403	588
2	2405	11
2	2405	107
2	2405	165
2	2405	461
2	2405	843
2	2407	281
2	2409	215
2	2410	401
2	2410	471
2	2410	585
2	2410	846
2	2412	728
2	2413	230
2	2418	222
2	2418	819
2	2419	561
2	2419	644
2	2419	964
2	2420	638
2	2421	143
2	2422	288
2	2423	527
2	2423	605
2	2425	100
2	2426	309
2	2427	250
2	2428	242
2	2428	888
2	2429	434
2	2430	474
2	2431	970
2	2431	980
2	2433	46
2	2434	667
2	2435	836
2	2436	608
2	2438	659
2	2443	590
2	2443	693
2	2443	736
2	2445	748
2	2446	244
2	2447	517
2	2450	670
2	2451	67
2	2451	126
2	2452	620
2	2453	347
2	2453	420
2	2459	799
2	2460	190
2	2460	344
2	2463	149
2	2464	601
2	2464	997
2	2465	24
2	2465	510
2	2466	217
2	2466	861
2	2467	23
2	2467	245
2	2467	493
2	2468	557
2	2468	679
2	2470	983
2	2471	989
2	2472	146
2	2472	529
2	2473	88
2	2473	131
2	2473	266
2	2474	220
2	2475	249
2	2475	715
2	2475	821
2	2475	951
2	2476	551
2	2477	133
2	2477	500
2	2478	637
2	2479	515
2	2479	633
2	2479	735
2	2480	212
2	2481	380
2	2481	781
2	2482	540
2	2482	596
2	2483	134
2	2484	15
2	2484	303
2	2485	147
2	2486	91
2	2487	833
2	2488	70
2	2489	742
2	2490	391
2	2491	738
2	2491	916
2	2492	476
2	2495	968
2	2496	264
2	2497	41
2	2497	318
2	2497	417
2	2497	683
2	2498	16
2	2498	151
2	2498	184
2	2498	630
2	2499	566
2	2500	127
2	2501	195
2	2501	237
2	2501	413
2	2502	486
2	2504	520
2	2504	724
2	2504	734
2	2507	674
2	2507	944
2	2508	221
2	2509	232
2	2509	800
2	2511	355
2	2511	499
2	2511	682
2	2511	749
2	2513	123
2	2514	880
2	2516	129
2	2516	463
2	2517	625
2	2517	751
2	2519	284
2	2520	555
2	2520	592
2	2522	5
2	2522	561
2	2523	183
2	2524	273
2	2525	859
2	2527	512
2	2527	769
2	2528	829
2	2529	513
2	2530	361
2	2530	718
2	2530	846
2	2531	340
2	2533	18
2	2533	114
2	2534	65
2	2534	86
2	2534	128
2	2534	159
2	2534	396
2	2535	632
2	2535	976
2	2536	581
2	2537	275
2	2537	328
2	2538	99
2	2538	432
2	2538	643
2	2539	928
2	2540	762
2	2541	145
2	2542	767
2	2542	889
2	2542	975
2	2545	51
2	2546	424
2	2548	978
2	2549	262
2	2550	560
2	2551	381
2	2552	517
2	2552	772
2	2555	524
2	2555	536
2	2555	599
2	2556	158
2	2556	323
2	2556	662
2	2558	492
2	2559	6
2	2560	135
2	2560	509
2	2561	285
2	2561	329
2	2562	271
2	2562	464
2	2562	583
2	2563	698
2	2564	40
2	2564	157
2	2564	216
2	2564	887
2	2565	106
2	2565	411
2	2565	558
2	2565	721
2	2566	58
2	2566	650
2	2566	653
2	2568	241
2	2570	39
2	2570	511
2	2570	600
2	2570	819
2	2571	250
2	2571	756
2	2571	996
2	2572	177
2	2572	648
2	2573	688
2	2573	748
2	2574	202
2	2574	326
2	2575	142
2	2575	364
2	2576	773
2	2577	713
2	2577	914
2	2578	961
2	2579	426
2	2579	572
2	2580	863
2	2582	897
2	2583	20
2	2583	276
2	2589	753
2	2589	859
2	2590	120
2	2590	525
2	2591	38
2	2592	274
2	2592	747
2	2594	614
2	2595	445
2	2596	81
2	2597	243
2	2598	47
2	2598	406
2	2600	390
2	2600	628
2	2602	42
2	2603	76
2	2603	288
2	2604	269
2	2604	470
2	2604	776
2	2605	449
2	2605	518
2	2606	428
2	2607	268
2	2607	290
2	2607	538
2	2607	617
2	2608	261
2	2609	393
2	2609	474
2	2609	590
2	2610	885
2	2611	255
2	2611	638
2	2612	482
2	2613	199
2	2613	577
2	2613	578
2	2614	45
2	2615	281
2	2615	321
2	2615	818
2	2616	337
2	2616	395
2	2617	72
2	2618	574
2	2620	297
2	2620	472
2	2620	527
2	2621	529
2	2621	559
2	2622	36
2	2623	408
2	2624	379
2	2626	50
2	2626	150
2	2628	370
2	2628	399
2	2629	543
2	2629	731
2	2629	859
2	2630	100
2	2630	904
2	2631	9
2	2631	840
2	2632	963
2	2633	542
2	2634	568
2	2636	465
2	2637	115
2	2638	671
2	2639	468
2	2640	277
2	2640	928
2	2641	585
2	2642	456
2	2646	725
2	2647	739
2	2648	214
2	2651	95
2	2651	481
2	2654	25
2	2654	405
2	2654	766
2	2655	419
2	2658	34
2	2659	332
2	2659	439
2	2660	204
2	2661	993
2	2662	586
2	2663	233
2	2663	997
2	2664	358
2	2665	532
2	2665	565
2	2665	598
2	2667	539
2	2668	583
2	2669	741
2	2669	985
2	2670	755
2	2671	164
2	2671	922
2	2672	33
2	2673	530
2	2675	98
2	2675	311
2	2675	643
2	2676	167
2	2676	168
2	2676	401
2	2677	102
2	2679	52
2	2679	871
2	2680	510
2	2681	421
2	2682	149
2	2682	152
2	2682	170
2	2682	541
2	2682	576
2	2682	608
2	2685	700
2	2686	249
2	2686	409
2	2686	571
2	2687	189
2	2687	624
2	2687	663
2	2687	696
2	2687	723
2	2689	761
2	2690	751
2	2690	894
2	2691	31
2	2693	494
2	2693	556
2	2696	783
2	2697	312
2	2697	506
2	2698	304
2	2698	592
2	2698	637
2	2700	272
2	2700	441
2	2700	773
2	2701	118
2	2701	429
2	2701	545
2	2701	645
2	2702	847
2	2703	607
2	2703	988
2	2705	237
2	2706	986
2	2707	327
2	2708	10
2	2708	44
2	2708	416
2	2708	695
2	2709	315
2	2709	918
2	2710	544
2	2711	366
2	2711	626
2	2712	757
2	2712	891
2	2714	278
2	2714	309
2	2715	328
2	2717	32
2	2718	101
2	2718	528
2	2719	208
2	2719	841
2	2721	462
2	2721	635
2	2723	347
2	2723	475
2	2723	547
2	2724	143
2	2724	824
2	2725	68
2	2725	322
2	2725	350
2	2725	786
2	2726	380
2	2726	724
2	2728	912
2	2729	103
2	2730	745
2	2730	781
2	2731	135
2	2732	331
2	2732	610
2	2732	903
2	2733	985
2	2734	123
2	2734	579
2	2734	603
2	2734	797
2	2734	980
2	2736	464
2	2736	743
2	2737	345
2	2739	4
2	2739	989
2	2741	516
2	2741	901
2	2742	302
2	2742	323
2	2742	916
2	2744	244
2	2744	467
2	2744	982
2	2745	127
2	2746	445
2	2746	622
2	2747	754
2	2748	504
2	2749	58
2	2749	511
2	2752	194
2	2752	770
2	2753	246
2	2753	553
2	2754	450
2	2754	476
2	2754	639
2	2755	977
2	2756	89
2	2757	17
2	2757	546
2	2759	694
2	2760	414
2	2760	615
2	2761	388
2	2762	88
2	2762	207
2	2762	493
2	2763	295
2	2764	116
2	2766	90
2	2766	716
2	2767	91
2	2767	800
2	2769	382
2	2769	387
2	2771	96
2	2771	150
2	2771	523
2	2771	756
2	2772	187
2	2772	412
2	2773	719
2	2774	111
2	2774	521
2	2775	175
2	2775	266
2	2776	870
2	2777	326
2	2777	361
2	2777	591
2	2777	995
2	2778	634
2	2778	856
2	2779	589
2	2780	144
2	2780	148
2	2781	296
2	2781	643
2	2781	938
2	2782	320
2	2782	769
2	2784	336
2	2785	235
2	2785	812
2	2785	936
2	2786	60
2	2787	611
2	2787	942
2	2788	573
2	2788	582
2	2789	205
2	2789	451
2	2789	535
2	2792	673
2	2794	461
2	2794	536
2	2795	378
2	2795	928
2	2796	314
2	2797	436
2	2798	519
2	2799	222
2	2799	444
2	2801	423
2	2802	76
2	2805	795
2	2806	482
2	2806	646
2	2807	959
2	2808	159
2	2808	408
2	2809	134
2	2812	421
2	2812	815
2	2813	527
2	2816	729
2	2817	41
2	2817	752
2	2820	780
2	2821	209
2	2821	630
2	2821	822
2	2822	772
2	2826	370
2	2826	381
2	2827	271
2	2828	563
2	2828	693
2	2828	801
2	2831	109
2	2831	771
2	2832	107
2	2833	455
2	2836	138
2	2836	156
2	2836	559
2	2836	597
2	2837	221
2	2838	479
2	2838	763
2	2838	905
2	2839	112
2	2840	171
2	2841	54
2	2842	509
2	2843	185
2	2843	213
2	2843	379
2	2843	391
2	2844	583
2	2844	880
2	2845	147
2	2845	292
2	2845	984
2	2846	82
2	2846	844
2	2846	980
2	2848	43
2	2848	690
2	2848	831
2	2851	918
2	2851	928
2	2851	989
2	2852	790
2	2853	613
2	2853	616
2	2855	142
2	2856	260
2	2857	106
2	2857	110
2	2858	131
2	2859	69
2	2860	659
2	2862	750
2	2862	876
2	2863	471
2	2864	143
2	2864	684
2	2866	270
2	2866	814
2	2868	804
2	2869	505
2	2870	835
2	2871	8
2	2871	190
2	2873	47
2	2873	136
2	2875	57
2	2877	247
2	2878	993
2	2879	277
2	2880	434
2	2881	259
2	2881	340
2	2882	342
2	2883	599
2	2883	651
2	2883	872
2	2886	216
2	2886	353
2	2887	808
2	2888	399
2	2888	861
2	2890	236
2	2893	37
2	2893	95
2	2893	294
2	2896	227
2	2897	261
2	2897	398
2	2897	748
2	2898	645
2	2898	956
2	2900	45
2	2901	565
2	2901	731
2	2902	197
2	2902	279
2	2902	751
2	2904	415
2	2909	529
2	2910	550
2	2910	700
2	2911	465
2	2914	406
2	2914	596
2	2915	721
2	2918	129
2	2920	210
2	2920	526
2	2920	536
2	2920	544
2	2921	303
2	2922	425
2	2922	570
2	2922	603
2	2925	775
2	2926	60
2	2927	556
2	2927	884
2	2927	986
2	2928	225
2	2929	162
2	2929	215
2	2929	905
2	2930	13
2	2930	252
2	2930	331
2	2933	266
2	2934	374
2	2934	868
2	2935	545
2	2935	717
2	2937	196
2	2939	96
2	2939	818
2	2940	369
2	2942	30
2	2942	410
2	2942	543
2	2942	847
2	2945	699
2	2946	289
2	2946	591
2	2947	361
2	2947	680
2	2949	886
2	2950	268
2	2950	412
2	2950	569
2	2951	311
2	2951	581
2	2953	70
2	2953	547
2	2954	463
2	2954	516
2	2954	859
2	2955	100
2	2956	991
2	2957	93
2	2957	165
2	2957	532
2	2958	68
2	2960	642
2	2961	284
2	2961	622
2	2961	773
2	2961	970
2	2962	245
2	2963	401
2	2963	443
2	2964	223
2	2964	967
2	2965	502
2	2965	649
2	2965	907
2	2968	296
2	2969	111
2	2970	825
2	2974	242
2	2974	796
2	2975	285
2	2976	1000
2	2978	158
2	2978	271
2	2978	397
2	2979	476
2	2981	345
2	2981	346
2	2981	564
2	2981	710
2	2982	904
2	2983	759
2	2984	950
2	2986	64
2	2987	214
2	2987	243
2	2988	322
2	2988	774
2	2990	655
2	2992	454
2	2992	718
2	2995	715
2	2996	290
2	2996	461
2	2998	71
2	2999	567
2	3000	155
2	3000	772
2	3002	320
2	3005	127
2	3008	332
2	3008	432
2	3010	314
2	3010	634
2	3013	125
2	3013	435
2	3015	706
2	3015	754
2	3016	865
2	3017	453
2	3017	468
2	3019	66
2	3019	910
2	3020	58
2	3020	442
2	3021	491
2	3021	572
2	3022	7
2	3022	273
2	3024	780
2	3025	152
2	3026	420
2	3026	459
2	3027	365
2	3027	413
2	3028	157
2	3028	507
2	3030	685
2	3030	887
2	3031	494
2	3031	509
2	3031	756
2	3033	583
2	3033	686
2	3033	952
2	3034	108
2	3035	712
2	3035	767
2	3035	939
2	3037	270
2	3037	389
2	3037	460
2	3038	51
2	3039	955
2	3040	83
2	3040	527
2	3041	115
2	3041	898
2	3042	72
2	3043	105
2	3045	566
2	3045	815
2	3046	3
2	3047	25
2	3047	186
2	3047	871
2	3048	419
2	3050	313
2	3050	434
2	3051	81
2	3051	263
2	3051	734
2	3051	889
2	3053	95
2	3054	206
2	3056	149
2	3057	446
2	3057	726
2	3057	749
2	3057	926
2	3058	668
2	3059	80
2	3059	629
2	3059	766
2	3060	59
2	3060	626
2	3061	390
2	3062	676
2	3063	249
2	3063	701
2	3063	953
2	3064	902
2	3065	312
2	3065	813
2	3066	475
2	3067	593
2	3067	821
2	3069	131
2	3070	610
2	3071	693
2	3072	948
2	3073	711
2	3074	951
2	3075	220
2	3075	631
2	3075	672
2	3076	198
2	3077	903
2	3078	277
2	3078	421
2	3078	451
2	3079	28
2	3079	29
2	3079	392
2	3079	864
2	3080	230
2	3080	393
2	3080	725
2	3081	275
2	3082	652
2	3083	482
2	3083	653
2	3084	561
2	3086	264
2	3086	557
2	3087	433
2	3087	616
2	3087	632
2	3087	944
2	3089	457
2	3089	524
2	3090	15
2	3090	692
2	3090	771
2	3090	773
2	3091	636
2	3092	212
2	3092	740
2	3093	444
2	3093	650
2	3093	782
2	3094	381
2	3094	912
2	3096	640
2	3096	878
2	3097	126
2	3097	923
2	3098	11
2	3098	571
2	3098	694
2	3100	38
2	3100	326
2	3102	549
2	3102	812
2	3103	77
2	3103	758
2	3103	807
2	3103	818
2	3104	227
2	3104	563
2	3104	779
2	3105	776
2	3105	965
2	3108	659
2	3110	122
2	3110	856
2	3112	44
2	3112	683
2	3113	662
2	3113	671
2	3114	412
2	3117	90
2	3117	167
2	3117	333
2	3118	284
2	3119	595
2	3120	318
2	3120	328
2	3121	368
2	3123	19
2	3123	178
2	3123	955
2	3124	418
2	3125	281
2	3125	504
2	3125	599
2	3125	952
2	3125	987
2	3127	359
2	3127	529
2	3128	104
2	3128	173
2	3129	232
2	3129	528
2	3130	614
2	3132	71
2	3133	306
2	3133	414
2	3133	730
2	3134	88
2	3134	801
2	3136	709
2	3137	10
2	3138	24
2	3138	138
2	3138	666
2	3138	820
2	3139	86
2	3139	680
2	3139	884
2	3140	641
2	3141	329
2	3144	719
2	3144	816
2	3145	463
2	3145	502
2	3146	246
2	3146	254
2	3147	445
2	3147	953
2	3148	175
2	3148	437
2	3148	559
2	3148	765
2	3149	103
2	3149	316
2	3150	256
2	3150	431
2	3151	909
2	3152	321
2	3153	708
2	3153	737
2	3154	514
2	3154	710
2	3154	940
2	3155	48
2	3155	110
2	3155	594
2	3156	211
2	3158	141
2	3158	417
2	3158	474
2	3158	543
2	3158	586
2	3158	682
2	3158	787
2	3158	999
2	3159	545
2	3159	761
2	3160	6
2	3161	383
2	3162	406
2	3162	411
2	3162	580
2	3163	170
2	3163	564
2	3163	893
2	3163	928
2	3164	174
2	3164	247
2	3164	739
2	3164	791
2	3165	98
2	3165	280
2	3165	282
2	3166	795
2	3168	720
2	3169	287
2	3171	190
2	3171	355
2	3171	799
2	3171	982
2	3172	556
2	3173	525
2	3173	530
2	3173	887
2	3174	600
2	3175	54
2	3175	351
2	3175	994
2	3177	422
2	3180	358
2	3180	423
2	3180	695
2	3180	715
2	3184	63
2	3184	336
2	3185	403
2	3185	624
2	3185	838
2	3187	490
2	3190	395
2	3190	438
2	3191	508
2	3192	129
2	3192	150
2	3195	121
2	3196	394
2	3198	646
2	3199	447
2	3200	643
2	3201	936
2	3202	843
2	3203	257
2	3203	839
2	3204	225
2	3204	276
2	3204	366
2	3205	485
2	3206	777
2	3206	1000
2	3209	453
2	3210	205
2	3211	598
2	3211	627
2	3214	145
2	3214	721
2	3214	864
2	3215	119
2	3215	977
2	3217	703
2	3217	818
2	3218	61
2	3218	714
2	3219	91
2	3220	196
2	3220	215
2	3220	381
2	3222	42
2	3222	76
2	3222	148
2	3222	596
2	3223	644
2	3223	821
2	3225	229
2	3227	942
2	3228	152
2	3228	168
2	3228	302
2	3228	748
2	3231	978
2	3232	283
2	3233	248
2	3233	931
2	3234	550
2	3235	100
2	3235	158
2	3235	707
2	3235	742
2	3236	649
2	3237	43
2	3237	538
2	3237	702
2	3237	869
2	3238	157
2	3239	235
2	3239	265
2	3239	286
2	3239	499
2	3239	832
2	3241	537
2	3242	461
2	3242	601
2	3242	728
2	3243	937
2	3244	156
2	3244	971
2	3244	975
2	3246	954
2	3247	642
2	3247	677
2	3248	37
2	3248	95
2	3248	990
2	3249	200
2	3249	462
2	3249	501
2	3249	966
2	3251	186
2	3252	140
2	3252	903
2	3254	797
2	3255	617
2	3255	660
2	3256	27
2	3256	135
2	3256	271
2	3257	705
2	3258	90
2	3259	367
2	3259	706
2	3263	743
2	3264	301
2	3264	492
2	3266	340
2	3267	162
2	3268	93
2	3268	904
2	3269	332
2	3271	855
2	3272	1000
2	3273	905
2	3273	918
2	3274	717
2	3275	763
2	3279	96
2	3279	798
2	3280	34
2	3280	253
2	3283	722
2	3284	489
2	3284	760
2	3285	315
2	3285	364
2	3285	560
2	3285	583
2	3286	35
2	3286	306
2	3287	757
2	3288	58
2	3289	440
2	3289	767
2	3291	303
2	3292	759
2	3293	83
2	3293	933
2	3294	147
2	3298	269
2	3299	84
2	3299	372
2	3299	687
2	3300	817
2	3300	997
2	3302	85
2	3302	926
2	3302	975
2	3303	41
2	3305	278
2	3305	844
2	3306	82
2	3308	398
2	3311	344
2	3312	231
2	3313	1
2	3315	122
2	3315	237
2	3315	375
2	3315	859
2	3316	144
2	3318	75
2	3319	159
2	3320	609
2	3320	786
2	3323	382
2	3323	385
2	3324	607
2	3324	701
2	3325	112
2	3325	417
2	3325	788
2	3327	746
2	3328	606
2	3330	638
2	3330	663
2	3331	568
2	3332	518
2	3333	432
2	3333	495
2	3334	933
2	3335	625
2	3335	631
2	3336	299
2	3337	604
2	3338	160
2	3338	365
2	3339	195
2	3340	254
2	3340	351
2	3340	828
2	3340	866
2	3341	696
2	3341	778
2	3341	782
2	3341	909
2	3342	574
2	3343	916
2	3344	905
2	3345	572
2	3345	700
2	3346	32
2	3346	427
2	3347	161
2	3347	989
2	3349	18
2	3349	472
2	3350	44
2	3350	329
2	3350	548
2	3351	754
2	3352	72
2	3352	523
2	3352	555
2	3355	274
2	3356	223
2	3356	636
2	3356	729
2	3357	667
2	3358	164
2	3359	373
2	3360	389
2	3360	610
2	3360	904
2	3361	675
2	3361	800
2	3362	379
2	3363	601
2	3364	426
2	3365	113
2	3365	719
2	3367	414
2	3367	950
2	3367	954
2	3368	154
2	3369	590
2	3370	168
2	3370	176
2	3373	15
2	3373	97
2	3373	539
2	3373	783
2	3374	172
2	3374	809
2	3375	741
2	3375	824
2	3376	322
2	3376	771
2	3377	793
2	3378	126
2	3379	128
2	3380	42
2	3380	862
2	3381	450
2	3382	77
2	3382	87
2	3383	694
2	3383	753
2	3383	929
2	3384	554
2	3384	570
2	3385	416
2	3386	903
2	3387	36
2	3387	542
2	3387	905
2	3388	111
2	3389	622
2	3389	773
2	3391	163
2	3391	710
2	3394	309
2	3395	869
2	3395	962
2	3396	345
2	3397	27
2	3397	114
2	3397	791
2	3399	927
2	3400	635
2	3401	218
2	3401	723
2	3404	10
2	3404	490
2	3404	739
2	3405	975
2	3406	781
2	3409	127
2	3410	272
2	3411	591
2	3412	262
2	3412	889
2	3414	22
2	3414	997
2	3415	421
2	3415	573
2	3415	963
2	3416	109
2	3416	665
2	3416	766
2	3416	890
2	3417	50
2	3417	647
2	3420	157
2	3421	189
2	3422	680
2	3423	358
2	3423	425
2	3425	133
2	3425	342
2	3425	357
2	3426	451
2	3426	678
2	3430	368
2	3430	530
2	3430	734
2	3430	777
2	3431	538
2	3431	792
2	3434	300
2	3435	532
2	3436	230
2	3437	316
2	3438	690
2	3439	476
2	3441	683
2	3444	458
2	3445	123
2	3445	166
2	3446	420
2	3446	1000
2	3448	282
2	3448	602
2	3448	722
2	3449	619
2	3451	699
2	3451	718
2	3452	190
2	3452	355
2	3453	148
2	3454	16
2	3455	553
2	3455	600
2	3455	605
2	3456	227
2	3457	298
2	3457	470
2	3457	779
2	3458	778
2	3459	563
2	3460	374
2	3460	589
2	3461	534
2	3462	315
2	3462	716
2	3463	931
2	3464	720
2	3464	772
2	3465	144
2	3465	945
2	3466	634
2	3467	350
2	3467	776
2	3468	124
2	3469	264
2	3471	52
2	3474	339
2	3474	449
2	3474	691
2	3475	301
2	3475	858
2	3476	187
2	3476	273
2	3476	341
2	3476	409
2	3476	624
2	3477	75
2	3477	89
2	3477	142
2	3477	196
2	3478	461
2	3479	1
2	3480	207
2	3480	224
2	3480	551
2	3481	727
2	3482	193
2	3482	271
2	3485	516
2	3485	658
2	3489	986
2	3490	326
2	3491	495
2	3492	741
2	3493	105
2	3494	933
2	3495	6
2	3496	155
2	3497	623
2	3499	587
2	3499	896
2	3500	314
2	3500	395
2	3501	488
2	3502	423
2	3502	745
2	3504	3
2	3504	469
2	3505	349
2	3507	593
2	3507	768
2	3508	34
2	3508	231
2	3508	463
2	3509	329
2	3509	626
2	3509	746
2	3510	216
2	3510	670
2	3511	514
2	3511	988
2	3512	199
2	3512	208
2	3513	150
2	3516	353
2	3518	23
2	3518	960
2	3521	645
2	3522	882
2	3522	919
2	3524	268
2	3525	140
2	3527	182
2	3527	277
2	3528	400
2	3529	296
2	3529	337
2	3529	362
2	3531	11
2	3531	289
2	3532	132
2	3533	240
2	3534	681
2	3534	934
2	3536	79
2	3536	540
2	3536	597
2	3536	936
2	3537	192
2	3537	287
2	3539	666
2	3540	584
2	3542	198
2	3542	248
2	3542	751
2	3543	955
2	3545	825
2	3548	77
2	3549	684
2	3549	706
2	3550	711
2	3550	749
2	3551	364
2	3551	538
2	3552	232
2	3552	401
2	3555	410
2	3555	676
2	3557	435
2	3558	793
2	3559	86
2	3559	650
2	3559	800
2	3560	559
2	3560	837
2	3561	217
2	3563	84
2	3564	53
2	3565	943
2	3566	335
2	3566	396
2	3567	907
2	3568	358
2	3569	20
2	3573	577
2	3576	575
2	3577	175
2	3577	348
2	3578	581
2	3578	925
2	3580	363
2	3580	712
2	3584	51
2	3584	197
2	3584	295
2	3585	381
2	3585	832
2	3586	210
2	3586	236
2	3586	247
2	3588	866
2	3589	492
2	3590	586
2	3590	654
2	3591	110
2	3591	176
2	3591	376
2	3592	460
2	3593	464
2	3594	838
2	3595	258
2	3595	427
2	3597	318
2	3597	340
2	3598	631
2	3598	689
2	3599	601
2	3600	369
2	3600	373
2	3600	502
2	3601	39
2	3601	323
2	3602	897
2	3604	305
2	3605	525
2	3606	414
2	3606	951
2	3607	47
2	3607	108
2	3607	573
2	3607	722
2	3608	483
2	3608	987
2	3610	81
2	3610	592
2	3612	41
2	3612	249
2	3613	607
2	3614	413
2	3615	4
2	3615	19
2	3616	342
2	3617	111
2	3617	660
2	3618	276
2	3618	467
2	3618	535
2	3618	775
2	3619	609
2	3619	805
2	3621	732
2	3623	169
2	3623	190
2	3624	38
2	3624	61
2	3624	146
2	3624	269
2	3624	519
2	3624	761
2	3626	162
2	3626	388
2	3626	830
2	3626	894
2	3628	136
2	3628	406
2	3628	803
2	3629	856
2	3631	398
2	3632	895
2	3633	118
2	3634	639
2	3635	579
2	3636	444
2	3636	456
2	3638	982
2	3639	421
2	3640	465
2	3641	141
2	3641	862
2	3642	407
2	3643	439
2	3645	529
2	3646	594
2	3647	89
2	3647	307
2	3647	346
2	3647	674
2	3647	763
2	3648	596
2	3650	238
2	3651	393
2	3652	303
2	3654	125
2	3655	572
2	3656	116
2	3656	785
2	3656	900
2	3657	211
2	3657	582
2	3659	966
2	3660	922
2	3663	203
2	3663	251
2	3664	707
2	3665	714
2	3665	801
2	3666	696
2	3669	874
2	3670	624
2	3670	672
2	3670	988
2	3671	998
2	3674	353
2	3675	12
2	3675	967
2	3677	22
2	3677	487
2	3680	311
2	3680	770
2	3681	574
2	3682	134
2	3683	433
2	3683	619
2	3684	14
2	3684	159
2	3684	274
2	3684	494
2	3684	776
2	3686	131
2	3686	250
2	3689	196
2	3689	443
2	3689	797
2	3690	82
2	3690	205
2	3690	378
2	3690	496
2	3692	441
2	3693	478
2	3695	231
2	3695	265
2	3695	360
2	3696	617
2	3696	630
2	3697	168
2	3697	658
2	3697	821
2	3697	923
2	3698	751
2	3699	394
2	3700	180
2	3700	306
2	3700	698
2	3701	352
2	3701	405
2	3701	462
2	3702	671
2	3703	807
2	3705	119
2	3706	6
2	3706	135
2	3706	181
2	3706	565
2	3706	877
2	3707	716
2	3708	104
2	3709	437
2	3709	498
2	3710	501
2	3712	10
2	3713	426
2	3713	570
2	3714	241
2	3714	482
2	3714	616
2	3714	802
2	3716	272
2	3716	717
2	3717	571
2	3717	715
2	3717	783
2	3718	253
2	3720	156
2	3720	220
2	3720	281
2	3720	759
2	3721	105
2	3721	700
2	3721	792
2	3723	411
2	3723	436
2	3723	702
2	3724	351
2	3724	655
2	3725	158
2	3725	244
2	3726	319
2	3727	455
2	3727	713
2	3728	171
2	3728	528
2	3729	704
2	3729	744
2	3730	397
2	3731	49
2	3731	663
2	3732	182
2	3732	185
2	3732	521
2	3732	779
2	3732	933
2	3734	132
2	3734	628
2	3734	757
2	3736	381
2	3736	518
2	3738	69
2	3738	429
2	3738	618
2	3739	447
2	3739	745
2	3741	236
2	3742	573
2	3744	51
2	3744	359
2	3744	415
2	3745	384
2	3746	260
2	3746	645
2	3747	97
2	3750	626
2	3750	829
2	3750	870
2	3750	983
2	3751	723
2	3752	434
2	3753	625
2	3753	787
2	3753	993
2	3755	435
2	3756	476
2	3759	76
2	3759	634
2	3761	503
2	3763	188
2	3763	288
2	3763	732
2	3764	473
2	3766	42
2	3767	764
2	3772	623
2	3772	650
2	3773	18
2	3773	129
2	3773	805
2	3774	228
2	3774	358
2	3776	646
2	3776	800
2	3777	189
2	3777	225
2	3778	338
2	3778	377
2	3778	762
2	3778	765
2	3779	345
2	3780	382
2	3781	53
2	3781	243
2	3781	728
2	3781	966
2	3783	206
2	3783	413
2	3784	72
2	3784	301
2	3784	662
2	3784	703
2	3784	851
2	3785	219
2	3785	286
2	3785	739
2	3785	812
2	3786	894
2	3787	248
2	3787	773
2	3787	775
2	3788	54
2	3788	990
2	3789	197
2	3789	275
2	3789	665
2	3791	109
2	3792	313
2	3792	692
2	3794	475
2	3794	740
2	3795	307
2	3795	390
2	3796	262
2	3797	117
2	3798	155
2	3799	17
2	3799	409
2	3800	771
2	3801	48
2	3802	586
2	3806	968
2	3806	971
2	3807	83
2	3807	681
2	3808	86
2	3808	416
2	3808	509
2	3809	694
2	3810	335
2	3810	891
2	3811	289
2	3811	533
2	3811	808
2	3813	59
2	3815	782
2	3815	921
2	3818	770
2	3819	232
2	3820	388
2	3820	554
2	3824	868
2	3826	969
2	3827	303
2	3827	516
2	3828	585
2	3828	674
2	3829	967
2	3830	406
2	3831	271
2	3831	858
2	3836	450
2	3838	121
2	3839	407
2	3841	202
2	3841	247
2	3842	830
2	3844	452
2	3844	990
2	3845	282
2	3845	347
2	3845	612
2	3845	977
2	3846	302
2	3847	133
2	3847	350
2	3847	648
2	3850	417
2	3850	679
2	3851	67
2	3851	831
2	3852	297
2	3853	380
2	3854	974
2	3855	268
2	3856	419
2	3856	768
2	3857	89
2	3857	477
2	3857	478
2	3859	34
2	3859	218
2	3859	512
2	3859	790
2	3860	781
2	3861	43
2	3862	761
2	3863	41
2	3863	354
2	3863	396
2	3864	918
2	3865	207
2	3865	256
2	3865	707
2	3865	862
2	3866	135
2	3866	973
2	3867	329
2	3868	57
2	3868	266
2	3868	588
2	3868	906
2	3869	798
2	3870	341
2	3871	325
2	3871	326
2	3871	333
2	3872	265
2	3872	402
2	3873	754
2	3874	488
2	3874	563
2	3874	633
2	3875	55
2	3875	971
2	3876	581
2	3876	603
2	3878	557
2	3878	890
2	3879	589
2	3879	736
2	3879	813
2	3880	147
2	3880	204
2	3880	593
2	3881	141
2	3881	712
2	3882	517
2	3883	714
2	3884	544
2	3885	259
2	3885	439
2	3886	462
2	3887	294
2	3887	365
2	3888	300
2	3888	917
2	3889	374
2	3889	666
2	3890	310
2	3892	843
2	3893	689
2	3893	710
2	3893	743
2	3896	950
2	3898	242
2	3898	992
2	3899	483
2	3899	529
2	3899	797
2	3901	45
2	3901	538
2	3903	453
2	3903	854
2	3904	94
2	3906	793
2	3907	751
2	3914	30
2	3914	445
2	3914	749
2	3915	1
2	3917	246
2	3917	461
2	3917	653
2	3917	721
2	3917	875
2	3919	730
2	3920	530
2	3920	592
2	3922	490
2	3923	144
2	3923	841
2	3924	448
2	3925	248
2	3926	606
2	3926	810
2	3927	223
2	3927	229
2	3927	360
2	3928	715
2	3929	624
2	3929	696
2	3930	186
2	3930	609
2	3930	732
2	3931	733
2	3932	230
2	3932	559
2	3932	574
2	3933	320
2	3933	803
2	3933	897
2	3934	702
2	3935	117
2	3935	295
2	3935	656
2	3936	50
2	3936	81
2	3936	84
2	3936	327
2	3936	399
2	3936	441
2	3938	684
2	3939	309
2	3939	331
2	3939	664
2	3939	801
2	3939	976
2	3940	285
2	3940	442
2	3940	471
2	3940	955
2	3941	753
2	3942	110
2	3942	324
2	3942	832
2	3943	376
2	3943	821
2	3945	193
2	3945	929
2	3946	47
2	3947	281
2	3947	468
2	3947	508
2	3947	705
2	3947	886
2	3948	410
2	3948	774
2	3949	780
2	3949	945
2	3950	584
2	3951	414
2	3951	565
2	3952	269
2	3953	112
2	3954	642
2	3955	220
2	3955	497
2	3956	85
2	3957	701
2	3958	69
2	3958	989
2	3959	180
2	3959	467
2	3959	826
2	3960	158
2	3960	271
2	3960	369
2	3961	197
2	3961	456
2	3964	466
2	3964	572
2	3965	500
2	3965	523
2	3966	199
2	3967	777
2	3967	823
2	3968	784
2	3969	3
2	3969	245
2	3970	150
2	3970	349
2	3971	535
2	3971	931
2	3972	105
2	3972	469
2	3972	686
2	3974	70
2	3974	252
2	3974	747
2	3975	21
2	3975	25
2	3975	737
2	3975	866
2	3976	386
2	3976	567
2	3976	788
2	3977	897
2	3978	546
2	3979	278
2	3980	53
2	3980	198
2	3980	287
2	3980	330
2	3980	807
2	3982	232
2	3982	693
2	3985	236
2	3986	130
2	3987	217
2	3988	17
2	3989	134
2	3989	385
2	3990	241
2	3990	425
2	3991	270
2	3991	311
2	3991	522
2	3992	227
2	3993	222
2	3993	583
2	3994	390
2	3994	444
2	3994	671
2	3994	757
2	3997	421
2	3999	758
2	4000	759
2	4002	643
2	4003	155
2	4004	36
2	4004	77
2	4004	770
2	4005	752
2	4005	765
2	4007	213
2	4007	484
2	4009	307
2	4009	491
2	4010	652
2	4010	761
2	4010	962
2	4011	108
2	4011	600
2	4011	672
2	4011	891
2	4012	506
2	4012	657
2	4013	361
2	4013	422
2	4013	454
2	4013	510
2	4013	669
2	4014	900
2	4016	512
2	4018	924
2	4019	964
2	4021	194
2	4022	638
2	4025	111
2	4025	564
2	4026	568
2	4027	146
2	4027	525
2	4027	614
2	4028	542
2	4028	697
2	4028	917
2	4030	475
2	4031	162
2	4031	595
2	4031	803
2	4032	10
2	4032	71
2	4036	851
2	4037	191
2	4037	345
2	4037	741
2	4037	768
2	4038	196
2	4039	520
2	4039	853
2	4040	478
2	4041	762
2	4041	849
2	4041	871
2	4042	64
2	4042	605
2	4042	706
2	4042	967
2	4043	165
2	4044	608
2	4044	663
2	4045	86
2	4045	326
2	4047	246
2	4048	244
2	4049	185
2	4050	641
2	4051	260
2	4051	266
2	4051	322
2	4051	365
2	4051	694
2	4052	356
2	4052	632
2	4052	637
2	4053	172
2	4053	181
2	4053	431
2	4054	617
2	4055	772
2	4056	44
2	4057	42
2	4058	426
2	4059	243
2	4059	891
2	4059	913
2	4062	418
2	4063	119
2	4065	450
2	4065	623
2	4067	39
2	4068	167
2	4069	58
2	4069	753
2	4069	955
2	4071	561
2	4071	702
2	4073	52
2	4075	327
2	4080	188
2	4080	722
2	4081	73
2	4081	981
2	4082	35
2	4084	417
2	4084	592
2	4085	582
2	4089	404
2	4089	720
2	4090	78
2	4092	481
2	4093	581
2	4095	24
2	4095	126
2	4095	667
2	4097	221
2	4097	627
2	4098	284
2	4100	23
2	4100	206
2	4100	575
2	4101	4
2	4102	298
2	4102	943
2	4104	779
2	4105	571
2	4107	554
2	4107	776
2	4108	721
2	4109	149
2	4110	11
2	4111	804
2	4113	144
2	4116	65
2	4116	400
2	4117	153
2	4117	597
2	4118	41
2	4118	462
2	4119	439
2	4119	949
2	4120	876
2	4122	838
2	4123	95
2	4123	211
2	4124	6
2	4124	440
2	4124	807
2	4125	509
2	4125	882
2	4126	174
2	4127	164
2	4130	348
2	4131	189
2	4131	269
2	4132	619
2	4132	658
2	4132	813
2	4133	766
2	4137	46
2	4137	984
2	4140	865
2	4140	936
2	4141	237
2	4141	249
2	4143	916
2	4144	438
2	4144	939
2	4145	193
2	4145	372
2	4146	479
2	4147	14
2	4147	381
2	4147	584
2	4148	973
2	4149	539
2	4150	101
2	4152	70
2	4153	160
2	4153	337
2	4154	507
2	4157	128
2	4158	108
2	4159	459
2	4159	578
2	4160	914
2	4162	1
2	4162	37
2	4162	357
2	4162	807
2	4163	493
2	4164	347
2	4164	648
2	4167	382
2	4168	316
2	4169	209
2	4169	923
2	4170	367
2	4170	494
2	4172	40
2	4172	656
2	4172	683
2	4173	281
2	4173	353
2	4173	361
2	4173	589
2	4175	85
2	4175	407
2	4175	614
2	4176	399
2	4177	978
2	4179	207
2	4179	640
2	4180	8
2	4180	359
2	4180	813
2	4180	991
2	4181	725
2	4181	894
2	4182	139
2	4182	420
2	4182	611
2	4183	435
2	4183	820
2	4185	527
2	4186	113
2	4186	972
2	4187	567
2	4187	965
2	4187	996
2	4189	555
2	4190	239
2	4191	634
2	4192	76
2	4193	213
2	4193	830
2	4193	999
2	4194	680
2	4194	884
2	4195	536
2	4199	570
2	4202	235
2	4204	800
2	4205	118
2	4205	426
2	4206	786
2	4206	975
2	4208	148
2	4208	933
2	4209	408
2	4209	564
2	4209	971
2	4210	102
2	4211	301
2	4212	615
2	4212	693
2	4212	1000
2	4213	829
2	4214	130
2	4214	896
2	4216	633
2	4216	742
2	4217	121
2	4218	859
2	4223	566
2	4224	151
2	4224	511
2	4224	994
2	4225	186
2	4225	909
2	4230	94
2	4230	466
2	4230	666
2	4231	366
2	4233	216
2	4233	606
2	4234	335
2	4234	428
2	4236	30
2	4236	368
2	4236	663
2	4237	120
2	4237	152
2	4237	485
2	4240	147
2	4240	305
2	4240	952
2	4242	215
2	4242	241
2	4242	524
2	4243	296
2	4243	379
2	4244	528
2	4244	557
2	4245	748
2	4246	254
2	4246	270
2	4247	297
2	4247	520
2	4248	80
2	4249	6
2	4249	154
2	4250	92
2	4250	196
2	4250	424
2	4253	427
2	4253	612
2	4253	904
2	4254	327
2	4254	344
2	4255	560
2	4255	710
2	4256	9
2	4256	167
2	4256	419
2	4256	752
2	4256	976
2	4258	852
2	4259	747
2	4260	304
2	4262	171
2	4263	402
2	4263	778
2	4264	287
2	4266	44
2	4267	457
2	4269	15
2	4269	569
2	4269	774
2	4271	266
2	4272	708
2	4273	198
2	4273	475
2	4273	672
2	4273	998
2	4275	77
2	4277	135
2	4277	168
2	4277	765
2	4278	64
2	4278	145
2	4278	253
2	4278	534
2	4278	746
2	4281	264
2	4281	294
2	4281	374
2	4282	107
2	4282	210
2	4282	538
2	4282	732
2	4282	792
2	4283	386
2	4283	598
2	4284	164
2	4284	258
2	4285	228
2	4285	436
2	4285	437
2	4286	158
2	4286	537
2	4287	336
2	4288	878
2	4290	668
2	4290	733
2	4291	225
2	4291	445
2	4292	383
2	4293	119
2	4294	385
2	4295	314
2	4295	388
2	4295	500
2	4295	616
2	4295	995
2	4296	651
2	4297	487
2	4298	916
2	4299	480
2	4299	712
2	4300	56
2	4301	68
2	4302	645
2	4302	791
2	4304	654
2	4304	764
2	4304	879
2	4308	605
2	4310	676
2	4311	150
2	4312	57
2	4313	201
2	4314	413
2	4314	477
2	4314	526
2	4314	610
2	4314	646
2	4315	412
2	4316	423
2	4316	674
2	4319	889
2	4320	223
2	4321	439
2	4322	230
2	4323	432
2	4323	723
2	4325	384
2	4325	433
2	4326	331
2	4326	504
2	4327	641
2	4327	943
2	4330	776
2	4330	905
2	4331	636
2	4331	683
2	4331	834
2	4333	231
2	4334	351
2	4335	86
2	4335	396
2	4338	187
2	4339	976
2	4339	993
2	4340	87
2	4342	462
2	4343	518
2	4344	205
2	4344	542
2	4345	567
2	4346	136
2	4346	338
2	4348	828
2	4349	679
2	4350	224
2	4350	401
2	4352	292
2	4353	367
2	4353	420
2	4353	609
2	4354	284
2	4354	632
2	4356	618
2	4357	206
2	4358	757
2	4359	724
2	4359	912
2	4362	202
2	4362	750
2	4363	238
2	4363	327
2	4363	653
2	4364	310
2	4365	563
2	4366	581
2	4367	692
2	4368	438
2	4369	506
2	4369	647
2	4370	301
2	4370	979
2	4372	340
2	4372	444
2	4372	992
2	4374	756
2	4376	391
2	4376	517
2	4378	948
2	4379	131
2	4379	204
2	4380	213
2	4381	655
2	4381	775
2	4382	97
2	4383	244
2	4383	623
2	4383	684
2	4384	111
2	4384	369
2	4384	703
2	4384	782
2	4388	28
2	4389	199
2	4389	837
2	4389	910
2	4389	917
2	4390	96
2	4390	135
2	4390	290
2	4390	472
2	4390	476
2	4391	42
2	4391	714
2	4391	869
2	4392	283
2	4393	393
2	4394	268
2	4396	138
2	4396	329
2	4398	115
2	4398	252
2	4398	717
2	4399	67
2	4399	165
2	4399	430
2	4400	298
2	4400	348
2	4400	924
2	4401	418
2	4401	452
2	4401	744
2	4402	123
2	4403	503
2	4407	726
2	4408	373
2	4408	761
2	4408	774
2	4414	545
2	4415	220
2	4416	129
2	4416	177
2	4416	777
2	4417	670
2	4418	355
2	4418	484
2	4420	58
2	4420	245
2	4421	197
2	4423	161
2	4423	428
2	4424	537
2	4425	282
2	4426	728
2	4427	694
2	4429	389
2	4431	156
2	4432	574
2	4432	619
2	4433	442
2	4433	536
2	4433	541
2	4434	95
2	4434	236
2	4434	278
2	4434	316
2	4435	175
2	4438	124
2	4438	171
2	4438	690
2	4439	22
2	4439	513
2	4440	101
2	4440	912
2	4444	297
2	4444	621
2	4446	130
2	4446	192
2	4446	482
2	4447	624
2	4447	742
2	4448	500
2	4448	505
2	4449	737
2	4450	106
2	4450	458
2	4450	547
2	4451	397
2	4451	667
2	4452	180
2	4453	589
2	4455	799
2	4457	210
2	4457	661
2	4457	925
2	4458	345
2	4458	538
2	4459	380
2	4459	384
2	4459	446
2	4459	587
2	4460	727
2	4461	14
2	4461	181
2	4461	230
2	4461	275
2	4461	741
2	4463	19
2	4464	215
2	4465	232
2	4465	510
2	4465	666
2	4466	149
2	4466	672
2	4466	743
2	4466	927
2	4467	918
2	4468	405
2	4470	3
2	4471	20
2	4472	66
2	4473	504
2	4473	791
2	4474	60
2	4476	79
2	4477	166
2	4477	709
2	4480	477
2	4481	185
2	4481	315
2	4486	453
2	4488	146
2	4488	521
2	4491	37
2	4491	260
2	4492	71
2	4493	588
2	4493	1000
2	4494	134
2	4495	269
2	4495	863
2	4495	874
2	4496	107
2	4496	208
2	4496	678
2	4497	50
2	4499	725
2	4500	63
2	4500	392
2	4500	842
2	4500	875
2	4501	311
2	4501	532
2	4502	664
2	4502	794
2	4503	973
2	4504	244
2	4505	757
2	4508	391
2	4509	262
2	4509	644
2	4511	61
2	4511	883
2	4512	99
2	4513	915
2	4514	502
2	4515	663
2	4516	388
2	4517	218
2	4518	793
2	4519	70
2	4520	47
2	4520	150
2	4520	785
2	4520	917
2	4521	359
2	4521	795
2	4521	821
2	4522	623
2	4523	441
2	4523	896
2	4524	8
2	4524	241
2	4524	732
2	4525	191
2	4526	277
2	4526	659
2	4527	960
2	4528	290
2	4528	372
2	4528	467
2	4528	706
2	4529	586
2	4530	339
2	4531	144
2	4531	525
2	4531	920
2	4533	598
2	4535	357
2	4535	636
2	4535	677
2	4536	462
2	4536	804
2	4537	256
2	4537	264
2	4537	455
2	4537	555
2	4537	885
2	4538	139
2	4538	261
2	4538	470
2	4538	784
2	4539	182
2	4539	734
2	4543	382
2	4544	138
2	4545	512
2	4545	530
2	4546	837
2	4550	1
2	4551	401
2	4552	379
2	4554	806
2	4555	7
2	4555	23
2	4555	469
2	4556	219
2	4557	395
2	4558	874
2	4559	553
2	4560	187
2	4562	102
2	4562	414
2	4563	271
2	4565	89
2	4565	289
2	4566	159
2	4569	183
2	4569	322
2	4569	422
2	4570	110
2	4570	204
2	4570	506
2	4571	87
2	4571	876
2	4572	189
2	4573	151
2	4573	533
2	4575	605
2	4576	612
2	4576	759
2	4580	11
2	4580	556
2	4582	579
2	4583	214
2	4585	211
2	4585	282
2	4587	210
2	4587	385
2	4588	268
2	4588	418
2	4588	581
2	4591	64
2	4591	452
2	4592	695
2	4593	329
2	4593	933
2	4594	170
2	4594	444
2	4595	188
2	4595	942
2	4596	180
2	4596	484
2	4597	120
2	4598	826
2	4598	849
2	4599	438
2	4601	625
2	4604	107
2	4604	758
2	4604	926
2	4605	653
2	4608	352
2	4608	787
2	4608	866
2	4609	83
2	4610	160
2	4610	403
2	4610	604
2	4611	433
2	4612	983
2	4613	9
2	4613	71
2	4613	630
2	4613	862
2	4615	173
2	4615	483
2	4615	655
2	4616	768
2	4617	454
2	4618	304
2	4619	6
2	4619	407
2	4621	296
2	4622	156
2	4623	854
2	4624	809
2	4626	419
2	4626	945
2	4629	654
2	4630	203
2	4630	575
2	4630	588
2	4630	635
2	4632	516
2	4633	496
2	4633	959
2	4634	330
2	4634	356
2	4635	917
2	4636	715
2	4636	952
2	4639	693
2	4639	911
2	4640	49
2	4640	109
2	4640	845
2	4641	125
2	4641	404
2	4641	712
2	4642	765
2	4642	890
2	4646	597
2	4650	392
2	4650	860
2	4650	915
2	4650	916
2	4652	907
2	4654	253
2	4654	559
2	4655	26
2	4657	59
2	4658	606
2	4658	767
2	4660	658
2	4661	263
2	4661	774
2	4664	723
2	4665	229
2	4665	233
2	4665	488
2	4665	546
2	4665	789
2	4666	166
2	4666	246
2	4668	856
2	4669	122
2	4669	434
2	4669	468
2	4670	130
2	4670	609
2	4671	367
2	4671	780
2	4673	752
2	4674	127
2	4674	365
2	4675	50
2	4675	692
2	4675	762
2	4675	978
2	4675	989
2	4676	148
2	4676	549
2	4677	950
2	4678	273
2	4678	689
2	4679	276
2	4679	380
2	4680	209
2	4680	800
2	4680	836
2	4682	510
2	4682	806
2	4682	898
2	4683	62
2	4683	366
2	4683	524
2	4684	65
2	4685	76
2	4686	165
2	4687	585
2	4688	48
2	4689	208
2	4689	593
2	4689	766
2	4690	648
2	4690	720
2	4691	660
2	4692	690
2	4692	955
2	4693	603
2	4696	619
2	4697	200
2	4699	807
2	4701	897
2	4701	986
2	4702	262
2	4703	704
2	4703	892
2	4707	216
2	4707	750
2	4708	501
2	4708	716
2	4709	315
2	4709	389
2	4709	445
2	4709	651
2	4709	869
2	4711	238
2	4711	728
2	4712	93
2	4712	519
2	4713	895
2	4714	155
2	4715	327
2	4716	190
2	4719	194
2	4721	258
2	4721	396
2	4721	769
2	4722	446
2	4722	462
2	4723	67
2	4724	416
2	4724	623
2	4725	113
2	4726	885
2	4727	478
2	4727	652
2	4727	792
2	4728	589
2	4729	227
2	4730	540
2	4731	281
2	4732	41
2	4732	670
2	4735	279
2	4736	773
2	4737	506
2	4737	522
2	4738	584
2	4738	732
2	4743	643
2	4745	726
2	4747	470
2	4748	746
2	4749	353
2	4751	245
2	4751	362
2	4751	587
2	4752	837
2	4753	465
2	4753	481
2	4753	919
2	4758	356
2	4759	15
2	4759	199
2	4760	294
2	4760	772
2	4761	187
2	4762	564
2	4763	121
2	4763	288
2	4765	535
2	4767	511
2	4768	147
2	4768	736
2	4769	809
2	4771	134
2	4773	328
2	4773	706
2	4773	741
2	4774	373
2	4775	427
2	4775	757
2	4776	72
2	4776	136
2	4776	341
2	4776	742
2	4777	785
2	4779	629
2	4780	957
2	4781	993
2	4782	342
2	4782	946
2	4783	768
2	4784	299
2	4785	206
2	4785	222
2	4785	391
2	4785	782
2	4786	964
2	4787	368
2	4789	292
2	4791	184
2	4791	450
2	4794	379
2	4795	409
2	4795	573
2	4795	582
2	4797	102
2	4798	753
2	4800	63
2	4800	632
2	4800	649
2	4800	684
2	4802	275
2	4802	799
2	4803	43
2	4803	211
2	4804	19
2	4804	415
2	4804	547
2	4804	571
2	4806	685
2	4807	105
2	4808	735
2	4809	188
2	4809	680
2	4809	682
2	4809	698
2	4809	703
2	4809	879
2	4812	203
2	4812	808
2	4813	112
2	4813	463
2	4813	528
2	4814	60
2	4814	132
2	4814	170
2	4814	323
2	4815	711
2	4816	286
2	4816	350
2	4816	370
2	4816	410
2	4817	256
2	4817	403
2	4817	581
2	4817	853
2	4819	226
2	4819	320
2	4819	784
2	4820	110
2	4820	239
2	4820	241
2	4820	246
2	4820	588
2	4820	831
2	4821	411
2	4821	860
2	4822	449
2	4823	130
2	4823	962
2	4824	601
2	4825	442
2	4825	807
2	4826	406
2	4827	347
2	4827	390
2	4828	228
2	4828	363
2	4829	999
2	4833	579
2	4834	473
2	4835	151
2	4835	400
2	4837	277
2	4837	398
2	4837	734
2	4838	568
2	4838	569
2	4839	7
2	4839	65
2	4840	580
2	4842	2
2	4842	23
2	4843	87
2	4843	303
2	4843	435
2	4843	714
2	4843	953
2	4844	280
2	4844	801
2	4845	929
2	4847	293
2	4847	381
2	4849	418
2	4849	871
2	4849	926
2	4850	451
2	4853	221
2	4853	359
2	4855	749
2	4857	172
2	4859	167
2	4859	831
2	4860	61
2	4860	378
2	4860	934
2	4862	425
2	4862	888
2	4867	432
2	4868	767
2	4869	64
2	4871	654
2	4871	687
2	4872	283
2	4872	385
2	4873	3
2	4876	360
2	4876	444
2	4877	122
2	4877	157
2	4878	142
2	4878	334
2	4879	337
2	4879	356
2	4879	470
2	4879	611
2	4882	752
2	4882	852
2	4883	238
2	4884	548
2	4887	176
2	4887	825
2	4888	165
2	4888	168
2	4888	235
2	4889	593
2	4889	994
2	4890	464
2	4891	305
2	4891	935
2	4892	345
2	4893	31
2	4893	215
2	4893	285
2	4893	721
2	4894	100
2	4894	495
2	4895	878
2	4896	107
2	4896	630
2	4896	806
2	4897	6
2	4897	422
2	4897	511
2	4898	173
2	4898	713
2	4900	308
2	4901	662
2	4901	939
2	4902	415
2	4902	592
2	4903	668
2	4904	51
2	4904	391
2	4905	671
2	4906	666
2	4906	834
2	4907	414
2	4907	566
2	4907	814
2	4909	126
2	4910	437
2	4912	111
2	4912	493
2	4912	991
2	4915	397
2	4916	557
2	4916	914
2	4917	12
2	4918	349
2	4918	646
2	4921	377
2	4921	441
2	4922	643
2	4923	831
2	4924	531
2	4925	859
2	4925	909
2	4927	383
2	4927	844
2	4928	660
2	4929	62
2	4930	289
2	4931	969
2	4933	640
2	4935	903
2	4936	371
2	4936	446
2	4936	881
2	4940	992
2	4941	597
2	4942	504
2	4943	776
2	4944	144
2	4946	25
2	4950	530
2	4951	891
2	4953	484
2	4953	886
2	4956	667
2	4956	716
2	4957	457
2	4957	709
2	4958	156
2	4958	693
2	4959	202
2	4959	366
2	4962	175
2	4962	182
2	4962	419
2	4962	600
2	4963	434
2	4964	323
2	4964	771
2	4965	352
2	4966	396
2	4966	421
2	4966	664
2	4966	762
2	4967	384
2	4968	280
2	4968	372
2	4969	507
2	4970	55
2	4970	502
2	4970	516
2	4970	608
2	4970	648
2	4971	354
2	4971	645
2	4972	189
2	4972	216
2	4972	565
2	4973	661
2	4973	722
2	4974	316
2	4975	673
2	4975	951
2	4977	408
2	4977	636
2	4978	346
2	4978	678
2	4979	509
2	4981	746
2	4981	778
2	4982	824
2	4983	672
2	4986	17
2	4986	231
2	4986	570
2	4990	164
2	4990	835
2	4991	617
2	4991	770
2	4993	827
2	4995	76
2	4995	519
2	4997	139
2	4997	350
2	4997	641
2	4998	576
2	4998	820
2	4999	104
2	4999	166
2	4999	279
2	4999	798
2	5000	695
2	5000	994
