2	-1	0
2	1	30
2	2	573
2	6	858
2	7	230
2	8	679
2	8	878
2	9	973
2	11	383
2	13	997
2	14	144
2	15	874
2	17	291
2	18	675
2	19	588
2	22	282
2	25	285
2	26	262
2	29	862
2	31	147
2	31	376
2	35	631
2	37	612
2	38	821
2	38	998
2	39	868
2	40	572
2	41	34
2	43	403
2	43	535
2	44	16
2	45	447
2	45	620
2	46	932
2	47	345
2	47	785
2	49	212
2	49	448
2	50	501
2	51	794
2	51	883
2	53	46
2	53	609
2	53	787
2	54	189
2	54	657
2	57	171
2	57	574
2	58	765
2	59	334
2	60	178
2	60	404
2	60	420
2	61	277
2	61	563
2	62	121
2	63	257
2	65	511
2	65	585
2	66	590
2	68	509
2	68	729
2	69	611
2	70	390
2	71	912
2	72	384
2	72	632
2	73	597
2	73	600
2	75	610
2	75	788
2	76	55
2	76	510
2	77	673
2	77	740
2	78	491
2	78	752
2	79	596
2	80	348
2	80	614
2	80	744
2	82	60
2	82	177
2	84	947
2	86	62
2	87	507
2	88	84
2	90	125
2	90	149
2	90	339
2	90	349
2	90	562
2	90	715
2	90	902
2	92	529
2	94	79
2	94	695
2	95	111
2	96	954
2	97	797
2	98	484
2	99	25
2	99	819
2	100	526
2	102	328
2	102	773
2	103	35
2	104	463
2	104	909
2	105	47
2	106	698
2	106	807
2	107	13
2	108	223
2	113	126
2	115	453
2	115	537
2	117	158
2	118	628
2	119	240
2	120	691
2	121	287
2	121	990
2	122	38
2	122	616
2	122	751
2	123	20
2	123	568
2	124	438
2	125	372
2	126	686
2	128	355
2	128	395
2	130	368
2	131	704
2	132	726
2	133	61
2	133	515
2	133	766
2	136	206
2	136	460
2	137	713
2	137	789
2	137	844
2	138	130
2	140	721
2	140	989
2	142	292
2	142	592
2	142	671
2	143	57
2	143	461
2	145	327
2	145	702
2	146	767
2	147	165
2	148	425
2	148	546
2	148	733
2	149	220
2	151	367
2	151	829
2	151	836
2	152	776
2	153	19
2	153	259
2	153	746
2	155	21
2	155	544
2	158	822
2	159	468
2	159	624
2	160	73
2	160	543
2	163	58
2	163	310
2	163	452
2	163	717
2	163	724
2	164	642
2	164	905
2	165	36
2	166	41
2	166	357
2	168	397
2	169	267
2	169	301
2	170	236
2	170	433
2	170	481
2	170	550
2	173	92
2	173	207
2	173	793
2	174	627
2	174	669
2	175	781
2	176	992
2	177	558
2	177	968
2	178	861
2	179	224
2	179	656
2	180	561
2	182	762
2	183	549
2	185	375
2	186	322
2	187	603
2	188	94
2	188	361
2	189	599
2	192	139
2	192	406
2	193	95
2	193	527
2	194	859
2	195	545
2	196	654
2	197	365
2	197	922
2	198	78
2	198	192
2	198	219
2	199	424
2	200	239
2	201	83
2	201	208
2	201	297
2	203	358
2	203	731
2	203	756
2	203	846
2	204	137
2	206	494
2	207	185
2	207	191
2	207	323
2	207	605
2	207	792
2	208	996
2	209	342
2	209	677
2	210	268
2	210	353
2	210	362
2	210	499
2	212	186
2	213	699
2	213	826
2	213	914
2	214	772
2	215	113
2	215	423
2	215	684
2	215	690
2	216	589
2	217	211
2	217	238
2	217	441
2	218	697
2	219	394
2	221	501
2	221	608
2	221	622
2	222	107
2	223	170
2	223	630
2	226	127
2	226	169
2	226	237
2	226	352
2	226	664
2	227	336
2	227	498
2	228	376
2	228	643
2	229	531
2	229	595
2	230	426
2	231	152
2	232	391
2	232	421
2	233	308
2	233	476
2	233	503
2	233	668
2	233	993
2	234	348
2	235	364
2	235	446
2	236	532
2	237	448
2	238	90
2	238	122
2	238	761
2	240	5
2	242	658
2	243	667
2	243	738
2	244	68
2	244	88
2	245	81
2	245	526
2	246	10
2	246	747
2	247	302
2	248	398
2	249	312
2	251	277
2	251	469
2	252	99
2	252	141
2	252	522
2	253	247
2	254	489
2	255	488
2	255	580
2	258	121
2	259	289
2	259	758
2	260	195
2	260	333
2	260	676
2	261	82
2	261	880
2	261	989
2	262	963
2	263	166
2	263	411
2	264	250
2	265	25
2	265	142
2	265	759
2	266	178
2	266	602
2	267	253
2	269	418
2	269	461
2	270	725
2	271	576
2	271	678
2	273	616
2	273	830
2	274	435
2	275	625
2	275	811
2	277	91
2	277	368
2	278	429
2	279	685
2	281	52
2	281	653
2	281	670
2	282	143
2	284	462
2	285	123
2	285	181
2	286	464
2	287	416
2	287	487
2	287	959
2	288	301
2	288	568
2	289	26
2	289	34
2	289	783
2	290	153
2	290	583
2	291	763
2	292	694
2	293	521
2	293	736
2	294	37
2	294	586
2	294	700
2	294	960
2	296	850
2	298	147
2	298	979
2	299	29
2	299	414
2	299	623
2	299	648
2	302	194
2	302	945
2	303	114
2	303	340
2	304	197
2	305	120
2	305	866
2	306	222
2	307	27
2	307	112
2	307	128
2	307	163
2	307	385
2	309	271
2	310	771
2	312	177
2	313	167
2	313	844
2	314	347
2	314	935
2	315	223
2	315	520
2	315	816
2	316	159
2	316	351
2	316	696
2	316	910
2	317	138
2	317	612
2	320	325
2	321	808
2	322	254
2	322	492
2	323	470
2	323	868
2	323	922
2	324	440
2	326	298
2	327	358
2	327	614
2	328	393
2	329	30
2	329	51
2	329	466
2	329	632
2	329	988
2	330	218
2	332	454
2	333	219
2	333	381
2	333	772
2	334	209
2	335	346
2	335	805
2	337	810
2	338	47
2	342	663
2	343	287
2	343	541
2	344	335
2	344	645
2	348	490
2	349	895
2	350	14
2	350	548
2	350	646
2	357	788
2	359	574
2	359	792
2	360	987
2	361	306
2	361	405
2	362	560
2	365	364
2	365	482
2	365	620
2	365	777
2	366	598
2	367	72
2	368	260
2	368	310
2	369	382
2	370	508
2	371	721
2	373	354
2	374	245
2	374	275
2	374	841
2	375	371
2	376	106
2	376	321
2	376	665
2	376	719
2	378	46
2	378	498
2	378	920
2	380	786
2	381	94
2	381	964
2	384	478
2	387	8
2	388	383
2	388	459
2	390	468
2	390	656
2	390	834
2	391	676
2	392	909
2	393	626
2	395	705
2	395	765
2	396	76
2	396	238
2	397	370
2	398	815
2	399	745
2	399	898
2	399	991
2	401	83
2	402	741
2	403	9
2	404	366
2	404	774
2	406	202
2	406	649
2	407	828
2	409	304
2	410	796
2	411	288
2	411	355
2	412	272
2	413	411
2	415	536
2	415	559
2	416	227
2	417	240
2	417	545
2	419	124
2	419	558
2	420	295
2	420	481
2	421	912
2	422	48
2	423	724
2	424	154
2	424	882
2	426	554
2	429	274
2	429	361
2	429	686
2	430	236
2	430	726
2	432	435
2	433	122
2	434	23
2	436	423
2	437	73
2	437	431
2	437	484
2	437	594
2	438	453
2	442	174
2	442	269
2	443	870
2	445	74
2	445	735
2	446	427
2	446	847
2	448	3
2	449	220
2	449	634
2	451	59
2	451	625
2	452	880
2	453	199
2	456	512
2	458	505
2	459	28
2	459	413
2	460	474
2	461	105
2	461	266
2	463	249
2	464	362
2	464	723
2	464	871
2	464	884
2	466	17
2	471	63
2	472	876
2	473	823
2	474	43
2	475	4
2	478	165
2	478	298
2	479	11
2	480	262
2	482	40
2	483	848
2	484	226
2	484	234
2	485	429
2	486	29
2	486	405
2	487	267
2	488	80
2	488	887
2	488	922
2	489	206
2	489	624
2	489	667
2	490	128
2	490	182
2	490	424
2	493	731
2	494	215
2	494	252
2	494	466
2	495	54
2	495	681
2	496	461
2	496	544
2	496	817
2	498	434
2	499	201
2	499	265
2	499	952
2	500	449
2	501	6
2	501	100
2	501	489
2	502	695
2	503	617
2	504	923
2	505	553
2	506	158
2	506	581
2	506	900
2	507	313
2	507	675
2	507	770
2	507	795
2	508	86
2	508	181
2	509	243
2	510	92
2	510	246
2	514	522
2	514	586
2	515	134
2	515	357
2	516	66
2	516	359
2	516	507
2	516	927
2	518	480
2	518	616
2	519	784
2	520	106
2	521	241
2	521	285
2	521	798
2	521	821
2	522	501
2	523	190
2	523	848
2	524	397
2	524	509
2	524	775
2	525	920
2	526	251
2	526	446
2	527	45
2	527	437
2	528	156
2	528	271
2	529	93
2	530	5
2	530	79
2	530	104
2	530	403
2	530	729
2	531	140
2	532	237
2	532	535
2	534	308
2	534	310
2	534	396
2	535	223
2	536	115
2	536	495
2	537	71
2	537	351
2	539	207
2	539	426
2	541	133
2	541	564
2	543	422
2	543	685
2	543	907
2	545	353
2	545	546
2	545	550
2	546	458
2	547	248
2	547	559
2	547	760
2	548	225
2	549	599
2	550	292
2	550	384
2	550	421
2	550	515
2	551	650
2	552	20
2	552	263
2	552	360
2	554	131
2	555	301
2	556	98
2	556	211
2	556	602
2	556	652
2	556	753
2	556	834
2	557	499
2	558	945
2	559	463
2	560	678
2	560	948
2	562	75
2	563	127
2	563	759
2	564	277
2	564	448
2	565	701
2	566	471
2	566	912
2	567	575
2	568	622
2	568	661
2	569	452
2	570	648
2	571	837
2	572	247
2	572	800
2	573	261
2	574	469
2	575	425
2	576	587
2	578	339
2	580	610
2	580	739
2	580	804
2	580	893
2	582	280
2	583	299
2	583	689
2	585	286
2	586	436
2	587	788
2	588	210
2	588	481
2	588	577
2	591	963
2	593	108
2	593	273
2	593	718
2	594	125
2	595	217
2	600	212
2	600	253
2	600	282
2	601	482
2	601	761
2	602	679
2	602	733
2	603	635
2	603	647
2	605	327
2	605	873
2	608	149
2	608	295
2	608	856
2	609	342
2	611	242
2	611	297
2	614	401
2	615	69
2	616	558
2	617	639
2	619	444
2	620	147
2	620	361
2	621	663
2	623	662
2	624	612
2	625	31
2	626	343
2	626	743
2	628	235
2	629	592
2	630	33
2	631	573
2	632	536
2	633	164
2	634	187
2	634	532
2	635	584
2	636	668
2	637	666
2	637	895
2	638	609
2	639	370
2	639	992
2	640	984
2	641	378
2	641	746
2	642	276
2	642	318
2	643	322
2	643	455
2	644	23
2	646	102
2	646	143
2	646	376
2	646	475
2	648	141
2	648	734
2	648	806
2	649	387
2	649	857
2	650	460
2	651	367
2	652	386
2	652	798
2	652	985
2	653	619
2	653	726
2	654	61
2	654	506
2	655	239
2	657	262
2	659	76
2	660	65
2	660	466
2	661	548
2	662	152
2	662	328
2	663	385
2	663	979
2	664	596
2	664	902
2	665	285
2	666	627
2	667	74
2	667	132
2	667	291
2	667	462
2	668	293
2	671	216
2	671	699
2	671	789
2	672	427
2	675	16
2	675	757
2	676	871
2	677	483
2	677	637
2	677	772
2	678	507
2	679	307
2	680	146
2	680	183
2	680	797
2	680	832
2	680	975
2	681	56
2	681	653
2	682	51
2	682	144
2	682	218
2	682	530
2	683	145
2	685	431
2	685	440
2	686	27
2	687	11
2	687	197
2	687	504
2	687	537
2	689	373
2	689	603
2	689	690
2	690	555
2	690	843
2	690	879
2	692	310
2	692	357
2	692	465
2	692	980
2	693	674
2	694	200
2	695	320
2	695	889
2	695	934
2	696	8
2	696	613
2	696	640
2	697	598
2	698	1
2	698	691
2	698	790
2	702	71
2	702	524
2	702	991
2	703	740
2	703	930
2	705	551
2	706	77
2	706	416
2	707	229
2	708	529
2	709	289
2	709	332
2	709	338
2	709	356
2	709	968
2	710	394
2	710	474
2	712	112
2	713	493
2	714	389
2	715	84
2	715	414
2	715	420
2	716	92
2	716	586
2	717	193
2	717	519
2	718	728
2	719	224
2	719	526
2	722	97
2	722	233
2	722	442
2	722	737
2	723	21
2	723	217
2	723	274
2	723	337
2	725	86
2	725	438
2	726	350
2	726	380
2	726	574
2	727	81
2	727	546
2	727	713
2	728	697
2	729	910
2	729	990
2	730	89
2	730	495
2	731	523
2	732	319
2	732	668
2	733	105
2	734	743
2	734	805
2	736	470
2	736	702
2	737	972
2	738	191
2	738	606
2	740	913
2	741	273
2	741	369
2	741	870
2	743	588
2	743	778
2	744	10
2	744	35
2	744	486
2	747	511
2	748	669
2	749	174
2	749	358
2	749	632
2	750	303
2	751	961
2	754	816
2	755	12
2	757	94
2	759	626
2	760	98
2	761	472
2	763	100
2	763	841
2	764	204
2	764	268
2	765	212
2	766	68
2	766	397
2	768	386
2	768	415
2	769	542
2	769	752
2	770	316
2	770	717
2	771	449
2	771	592
2	772	239
2	774	18
2	775	620
2	776	459
2	776	583
2	777	390
2	778	43
2	778	248
2	779	902
2	782	93
2	783	780
2	784	339
2	784	502
2	784	849
2	785	41
2	785	83
2	786	226
2	786	343
2	786	718
2	787	20
2	787	539
2	788	53
2	789	435
2	790	206
2	790	345
2	790	706
2	790	912
2	790	915
2	792	393
2	793	271
2	793	447
2	796	107
2	801	794
2	801	862
2	802	157
2	805	977
2	806	533
2	806	749
2	806	824
2	807	304
2	808	461
2	810	485
2	810	701
2	811	272
2	813	258
2	813	521
2	813	614
2	813	833
2	813	984
2	815	354
2	815	375
2	815	514
2	816	980
2	817	684
2	817	829
2	818	137
2	819	657
2	820	600
2	820	957
2	821	659
2	822	120
2	823	610
2	823	901
2	824	317
2	824	674
2	825	522
2	826	195
2	827	547
2	828	812
2	829	91
2	829	348
2	830	9
2	830	164
2	830	636
2	831	443
2	831	723
2	831	995
2	832	821
2	833	892
2	834	330
2	834	709
2	837	129
2	838	590
2	838	648
2	839	658
2	839	986
2	840	58
2	840	402
2	841	52
2	841	244
2	841	363
2	842	7
2	842	344
2	842	475
2	842	604
2	842	619
2	842	799
2	843	282
2	843	353
2	843	726
2	843	880
2	844	401
2	845	681
2	846	371
2	846	625
2	846	745
2	847	25
2	847	235
2	847	913
2	849	257
2	849	613
2	849	703
2	850	346
2	850	801
2	850	805
2	851	327
2	852	156
2	853	45
2	853	484
2	853	518
2	853	593
2	854	469
2	854	964
2	855	160
2	855	763
2	855	779
2	855	897
2	855	953
2	858	760
2	858	762
2	859	599
2	860	630
2	861	80
2	861	342
2	862	135
2	862	666
2	863	366
2	867	175
2	867	382
2	867	693
2	868	292
2	868	807
2	870	26
2	871	488
2	873	817
2	875	891
2	876	296
2	876	791
2	877	605
2	877	923
2	878	111
2	878	434
2	878	639
2	881	541
2	881	685
2	883	411
2	883	898
2	884	456
2	885	68
2	887	663
2	887	721
2	888	133
2	889	368
2	893	147
2	893	300
2	894	325
2	894	550
2	894	702
2	895	425
2	895	737
2	895	957
2	896	33
2	897	252
2	897	558
2	898	32
2	899	679
2	899	767
2	901	167
2	901	783
2	902	504
2	903	1000
2	905	40
2	905	211
2	905	649
2	905	877
2	906	243
2	907	85
2	907	508
2	907	556
2	907	594
2	907	989
2	909	436
2	910	457
2	910	565
2	912	249
2	912	580
2	912	819
2	913	142
2	915	931
2	917	376
2	917	796
2	920	77
2	920	909
2	921	188
2	921	420
2	922	141
2	922	858
2	923	881
2	925	741
2	925	764
2	926	333
2	927	616
2	927	918
2	928	427
2	931	189
2	932	968
2	932	999
2	934	168
2	934	423
2	934	706
2	935	624
2	936	496
2	937	611
2	937	612
2	938	263
2	938	319
2	938	577
2	938	638
2	941	240
2	942	12
2	942	608
2	943	59
2	943	811
2	944	122
2	945	281
2	946	174
2	947	584
2	948	527
2	948	731
2	949	700
2	950	178
2	951	79
2	951	510
2	953	428
2	953	467
2	954	204
2	955	654
2	956	549
2	956	780
2	956	949
2	958	695
2	959	49
2	960	93
2	961	24
2	961	419
2	962	506
2	962	553
2	962	730
2	964	669
2	964	916
2	965	151
2	965	532
2	965	806
2	966	405
2	968	509
2	968	740
2	968	934
2	969	233
2	970	289
2	970	515
2	971	674
2	972	667
2	973	963
2	975	187
2	975	793
2	976	37
2	976	196
2	976	365
2	976	480
2	977	483
2	978	743
2	979	606
2	981	938
2	983	286
2	983	377
2	985	460
2	986	895
2	986	971
2	988	270
2	988	309
2	990	846
2	994	576
2	994	693
2	995	194
2	995	725
2	997	692
2	997	727
2	998	403
2	998	855
2	999	372
2	999	701
2	1002	358
2	1002	748
2	1004	42
2	1005	53
2	1008	552
2	1008	899
2	1009	355
2	1009	932
2	1011	132
2	1011	226
2	1011	268
2	1011	714
2	1012	282
2	1014	113
2	1017	244
2	1017	519
2	1018	28
2	1018	877
2	1019	768
2	1020	57
2	1020	235
2	1020	321
2	1020	396
2	1021	942
2	1024	559
2	1025	587
2	1025	696
2	1027	609
2	1027	663
2	1027	927
2	1031	254
2	1031	550
2	1032	680
2	1032	708
2	1033	176
2	1033	462
2	1034	193
2	1034	246
2	1034	710
2	1036	473
2	1037	746
2	1037	960
2	1038	70
2	1038	341
2	1039	951
2	1041	251
2	1043	212
2	1043	641
2	1043	683
2	1044	542
2	1045	425
2	1046	447
2	1046	752
2	1047	765
2	1048	229
2	1048	656
2	1049	97
2	1051	81
2	1051	446
2	1052	492
2	1053	448
2	1054	871
2	1055	330
2	1056	404
2	1057	622
2	1058	921
2	1060	800
2	1064	784
2	1064	963
2	1065	470
2	1065	790
2	1066	221
2	1067	23
2	1067	291
2	1067	360
2	1068	38
2	1070	183
2	1072	528
2	1072	557
2	1072	591
2	1073	225
2	1074	34
2	1074	198
2	1074	839
2	1075	35
2	1075	140
2	1075	426
2	1076	342
2	1077	200
2	1077	474
2	1078	416
2	1079	51
2	1081	124
2	1084	242
2	1084	350
2	1084	482
2	1084	997
2	1085	252
2	1085	742
2	1086	219
2	1087	783
2	1087	961
2	1087	977
2	1089	779
2	1090	49
2	1090	651
2	1090	991
2	1091	601
2	1091	756
2	1091	988
2	1092	101
2	1093	32
2	1094	114
2	1094	217
2	1095	24
2	1095	175
2	1097	346
2	1097	827
2	1098	275
2	1098	650
2	1099	261
2	1100	331
2	1101	728
2	1102	271
2	1102	821
2	1103	142
2	1105	395
2	1105	545
2	1105	759
2	1106	117
2	1108	763
2	1108	809
2	1109	808
2	1111	256
2	1111	296
2	1111	598
2	1112	106
2	1112	722
2	1114	77
2	1114	824
2	1116	228
2	1117	362
2	1117	939
2	1119	276
2	1119	976
2	1120	322
2	1120	612
2	1120	628
2	1121	849
2	1122	647
2	1122	902
2	1123	431
2	1123	511
2	1123	872
2	1124	832
2	1125	758
2	1126	630
2	1127	302
2	1128	684
2	1129	86
2	1131	203
2	1132	167
2	1133	453
2	1133	798
2	1134	323
2	1134	901
2	1134	999
2	1135	457
2	1135	780
2	1135	885
2	1136	438
2	1137	293
2	1137	586
2	1138	764
2	1139	359
2	1140	640
2	1141	82
2	1141	90
2	1141	343
2	1142	136
2	1142	597
2	1143	187
2	1144	484
2	1144	788
2	1145	5
2	1145	55
2	1145	209
2	1146	21
2	1146	801
2	1146	870
2	1149	490
2	1150	941
2	1152	726
2	1153	45
2	1153	881
2	1154	321
2	1154	590
2	1155	327
2	1155	574
2	1156	336
2	1157	775
2	1158	43
2	1158	751
2	1159	593
2	1160	461
2	1162	410
2	1162	602
2	1162	706
2	1163	913
2	1168	41
2	1169	226
2	1169	505
2	1169	876
2	1172	313
2	1172	383
2	1173	22
2	1173	353
2	1175	319
2	1175	466
2	1175	556
2	1175	657
2	1176	376
2	1177	95
2	1178	700
2	1178	938
2	1179	211
2	1181	273
2	1183	267
2	1183	406
2	1184	341
2	1185	159
2	1185	269
2	1185	477
2	1187	746
2	1192	965
2	1193	944
2	1194	577
2	1196	901
2	1199	324
2	1200	689
2	1201	139
2	1202	182
2	1202	224
2	1202	238
2	1203	133
2	1203	332
2	1203	716
2	1204	266
2	1205	363
2	1207	205
2	1209	140
2	1209	316
2	1209	571
2	1210	192
2	1212	352
2	1213	137
2	1213	503
2	1213	549
2	1213	702
2	1214	627
2	1215	601
2	1215	727
2	1216	253
2	1217	422
2	1219	475
2	1220	454
2	1220	843
2	1221	766
2	1222	442
2	1222	859
2	1223	260
2	1223	394
2	1223	690
2	1224	199
2	1226	805
2	1227	176
2	1227	303
2	1227	853
2	1229	214
2	1229	635
2	1230	131
2	1232	68
2	1233	149
2	1233	170
2	1233	220
2	1235	923
2	1236	222
2	1238	202
2	1238	947
2	1239	715
2	1240	464
2	1240	819
2	1242	17
2	1245	386
2	1246	354
2	1246	370
2	1246	614
2	1248	292
2	1248	501
2	1248	989
2	1250	536
2	1251	651
2	1252	262
2	1252	519
2	1253	721
2	1253	778
2	1257	841
2	1259	111
2	1259	345
2	1259	425
2	1259	445
2	1260	773
2	1260	786
2	1260	861
2	1260	903
2	1261	361
2	1261	739
2	1261	753
2	1263	917
2	1264	63
2	1264	375
2	1264	539
2	1264	742
2	1265	673
2	1266	58
2	1267	310
2	1267	915
2	1267	944
2	1269	191
2	1269	244
2	1271	433
2	1271	553
2	1272	419
2	1273	509
2	1275	235
2	1276	254
2	1276	573
2	1277	408
2	1278	301
2	1280	118
2	1281	632
2	1283	534
2	1283	770
2	1284	81
2	1284	333
2	1284	811
2	1284	818
2	1285	339
2	1285	455
2	1285	459
2	1286	283
2	1287	701
2	1288	508
2	1288	661
2	1289	792
2	1290	232
2	1290	259
2	1291	581
2	1291	585
2	1291	865
2	1292	396
2	1292	824
2	1292	858
2	1293	516
2	1295	258
2	1295	823
2	1295	913
2	1296	284
2	1297	708
2	1299	114
2	1299	378
2	1299	448
2	1301	215
2	1301	880
2	1302	150
2	1302	782
2	1303	219
2	1303	617
2	1303	619
2	1306	996
2	1308	134
2	1308	437
2	1308	545
2	1308	697
2	1309	322
2	1309	747
2	1310	768
2	1311	225
2	1314	184
2	1316	645
2	1317	34
2	1317	96
2	1317	400
2	1318	596
2	1320	129
2	1320	273
2	1321	167
2	1321	530
2	1321	572
2	1322	447
2	1323	135
2	1324	213
2	1325	707
2	1326	663
2	1327	328
2	1332	513
2	1332	750
2	1333	650
2	1334	635
2	1335	389
2	1335	904
2	1336	183
2	1337	288
2	1339	827
2	1340	490
2	1340	794
2	1342	160
2	1342	256
2	1342	334
2	1343	548
2	1344	451
2	1346	36
2	1346	101
2	1346	127
2	1346	463
2	1346	652
2	1347	193
2	1349	496
2	1349	676
2	1351	28
2	1351	293
2	1351	493
2	1351	759
2	1352	417
2	1352	630
2	1353	267
2	1354	436
2	1354	442
2	1356	119
2	1356	533
2	1357	465
2	1357	752
2	1357	898
2	1358	446
2	1358	824
2	1358	839
2	1359	90
2	1359	169
2	1359	416
2	1359	682
2	1360	165
2	1360	502
2	1360	711
2	1360	943
2	1361	379
2	1362	278
2	1362	580
2	1363	99
2	1363	578
2	1364	342
2	1365	74
2	1365	363
2	1365	692
2	1366	100
2	1367	921
2	1368	229
2	1368	250
2	1369	108
2	1369	654
2	1369	802
2	1370	543
2	1371	4
2	1372	12
2	1372	420
2	1372	829
2	1373	458
2	1375	965
2	1376	120
2	1376	272
2	1376	749
2	1376	863
2	1377	512
2	1378	589
2	1379	172
2	1379	660
2	1380	83
2	1380	181
2	1380	514
2	1382	190
2	1383	366
2	1383	556
2	1383	773
2	1384	665
2	1385	804
2	1385	960
2	1386	298
2	1386	668
2	1386	694
2	1386	915
2	1387	564
2	1388	524
2	1388	558
2	1388	722
2	1389	683
2	1392	158
2	1392	279
2	1392	775
2	1393	45
2	1393	309
2	1393	718
2	1394	313
2	1396	145
2	1396	531
2	1398	344
2	1398	744
2	1398	916
2	1399	485
2	1399	523
2	1399	998
2	1401	89
2	1401	224
2	1402	427
2	1402	632
2	1403	84
2	1404	321
2	1405	412
2	1405	672
2	1406	264
2	1406	430
2	1407	189
2	1407	282
2	1408	286
2	1408	666
2	1409	76
2	1409	197
2	1409	350
2	1409	384
2	1409	738
2	1410	87
2	1410	819
2	1411	37
2	1411	395
2	1411	535
2	1412	858
2	1413	487
2	1414	13
2	1414	540
2	1414	603
2	1414	726
2	1415	495
2	1418	92
2	1418	729
2	1420	121
2	1420	615
2	1420	871
2	1422	88
2	1422	433
2	1422	497
2	1423	117
2	1423	488
2	1423	777
2	1426	61
2	1426	135
2	1427	16
2	1427	242
2	1427	302
2	1427	360
2	1428	214
2	1428	326
2	1429	958
2	1430	385
2	1430	669
2	1431	31
2	1431	187
2	1432	276
2	1432	521
2	1433	368
2	1434	348
2	1436	616
2	1438	403
2	1438	610
2	1439	232
2	1439	714
2	1440	511
2	1441	541
2	1442	405
2	1444	608
2	1446	397
2	1447	534
2	1447	679
2	1448	69
2	1449	25
2	1449	146
2	1449	891
2	1450	41
2	1451	178
2	1451	280
2	1451	300
2	1452	443
2	1453	131
2	1453	343
2	1455	9
2	1455	260
2	1455	607
2	1457	424
2	1458	329
2	1460	44
2	1461	709
2	1461	745
2	1462	245
2	1463	215
2	1464	94
2	1464	225
2	1468	849
2	1469	253
2	1469	480
2	1470	149
2	1470	606
2	1470	619
2	1470	877
2	1473	268
2	1474	49
2	1474	157
2	1474	501
2	1476	346
2	1477	612
2	1479	361
2	1480	240
2	1481	180
2	1481	291
2	1481	460
2	1482	53
2	1482	440
2	1482	653
2	1483	122
2	1483	150
2	1483	712
2	1483	812
2	1483	915
2	1484	281
2	1485	283
2	1487	706
2	1488	292
2	1488	415
2	1488	644
2	1491	367
2	1491	664
2	1493	369
2	1494	64
2	1494	605
2	1495	171
2	1496	17
2	1496	655
2	1496	841
2	1496	883
2	1497	567
2	1498	835
2	1500	204
2	1502	72
2	1503	767
2	1503	815
2	1504	448
2	1504	811
2	1506	110
2	1508	33
2	1510	673
2	1511	364
2	1514	285
2	1515	549
2	1516	107
2	1516	316
2	1517	693
2	1517	750
2	1521	968
2	1522	713
2	1523	90
2	1523	702
2	1524	359
2	1525	510
2	1526	470
2	1527	478
2	1530	365
2	1530	371
2	1531	81
2	1531	554
2	1532	266
2	1533	573
2	1534	261
2	1536	35
2	1536	185
2	1538	318
2	1539	272
2	1539	375
2	1540	201
2	1542	700
2	1543	963
2	1547	205
2	1548	219
2	1548	389
2	1550	451
2	1551	421
2	1552	226
2	1554	650
2	1555	134
2	1555	665
2	1559	106
2	1560	336
2	1560	956
2	1561	3
2	1562	639
2	1562	825
2	1564	539
2	1567	10
2	1567	236
2	1568	162
2	1568	355
2	1568	889
2	1569	730
2	1570	11
2	1571	93
2	1572	130
2	1572	177
2	1572	839
2	1574	479
2	1574	884
2	1575	147
2	1576	225
2	1576	754
2	1576	817
2	1577	186
2	1577	323
2	1577	526
2	1577	737
2	1580	492
2	1580	592
2	1580	645
2	1582	235
2	1582	444
2	1582	790
2	1583	321
2	1584	218
2	1584	353
2	1585	99
2	1585	258
2	1586	287
2	1586	493
2	1586	947
2	1587	54
2	1587	800
2	1588	302
2	1588	688
2	1589	517
2	1590	176
2	1590	682
2	1590	890
2	1592	307
2	1592	641
2	1592	871
2	1592	883
2	1592	944
2	1592	959
2	1593	141
2	1593	398
2	1593	865
2	1594	109
2	1594	161
2	1594	507
2	1595	92
2	1595	270
2	1597	747
2	1598	964
2	1599	766
2	1601	294
2	1601	681
2	1602	407
2	1602	563
2	1605	277
2	1605	428
2	1605	631
2	1605	753
2	1606	455
2	1606	742
2	1607	65
2	1607	207
2	1607	544
2	1609	326
2	1609	600
2	1609	609
2	1610	697
2	1611	145
2	1611	437
2	1612	155
2	1613	542
2	1614	263
2	1615	28
2	1615	63
2	1615	83
2	1615	565
2	1615	577
2	1617	335
2	1617	626
2	1617	815
2	1620	854
2	1620	963
2	1621	486
2	1622	829
2	1623	857
2	1623	891
2	1624	166
2	1624	409
2	1624	578
2	1625	621
2	1627	51
2	1627	685
2	1632	216
2	1633	489
2	1634	46
2	1634	424
2	1635	111
2	1636	150
2	1638	324
2	1641	200
2	1642	583
2	1643	271
2	1645	300
2	1645	725
2	1645	788
2	1646	280
2	1646	873
2	1647	373
2	1647	395
2	1650	6
2	1651	791
2	1653	351
2	1653	812
2	1654	139
2	1654	782
2	1654	965
2	1655	208
2	1656	532
2	1657	383
2	1658	491
2	1658	904
2	1659	699
2	1661	430
2	1662	56
2	1662	390
2	1663	996
2	1664	973
2	1666	501
2	1666	646
2	1666	792
2	1667	618
2	1668	311
2	1672	306
2	1672	511
2	1673	519
2	1675	104
2	1675	197
2	1675	498
2	1675	562
2	1676	608
2	1679	934
2	1680	653
2	1680	837
2	1681	212
2	1681	374
2	1681	707
2	1682	193
2	1682	705
2	1684	192
2	1687	128
2	1687	233
2	1687	771
2	1688	654
2	1688	711
2	1690	86
2	1690	105
2	1692	759
2	1693	576
2	1693	798
2	1694	214
2	1694	656
2	1694	981
2	1696	37
2	1696	308
2	1696	581
2	1697	384
2	1697	799
2	1697	885
2	1698	574
2	1698	740
2	1699	756
2	1699	959
2	1700	82
2	1702	10
2	1702	276
2	1702	518
2	1705	528
2	1706	179
2	1707	527
2	1707	658
2	1708	899
2	1709	242
2	1711	4
2	1711	585
2	1712	785
2	1713	896
2	1714	506
2	1714	535
2	1716	70
2	1716	172
2	1716	392
2	1717	930
2	1719	461
2	1719	496
2	1720	332
2	1720	340
2	1720	386
2	1720	543
2	1723	781
2	1724	435
2	1725	755
2	1726	182
2	1726	895
2	1727	191
2	1727	297
2	1728	131
2	1728	540
2	1729	767
2	1730	38
2	1730	344
2	1732	84
2	1734	45
2	1734	637
2	1734	783
2	1734	850
2	1736	521
2	1736	735
2	1737	361
2	1738	227
2	1742	231
2	1744	794
2	1745	404
2	1745	958
2	1747	171
2	1747	619
2	1748	295
2	1750	196
2	1750	474
2	1753	211
2	1755	331
2	1755	538
2	1755	565
2	1755	687
2	1755	890
2	1755	903
2	1756	586
2	1758	419
2	1760	410
2	1760	449
2	1761	993
2	1762	795
2	1764	194
2	1764	247
2	1767	67
2	1767	547
2	1767	766
2	1768	846
2	1769	165
2	1769	473
2	1771	210
2	1771	299
2	1772	113
2	1772	154
2	1773	616
2	1775	469
2	1776	285
2	1777	620
2	1777	900
2	1778	195
2	1778	906
2	1779	87
2	1779	622
2	1779	722
2	1780	111
2	1780	757
2	1782	24
2	1784	549
2	1785	189
2	1786	228
2	1786	492
2	1788	380
2	1788	485
2	1788	668
2	1790	470
2	1792	563
2	1792	685
2	1794	557
2	1795	859
2	1795	861
2	1796	65
2	1796	112
2	1796	996
2	1797	362
2	1797	573
2	1799	98
2	1803	266
2	1804	320
2	1804	846
2	1805	304
2	1805	316
2	1808	198
2	1809	484
2	1809	609
2	1810	354
2	1812	769
2	1813	252
2	1813	256
2	1814	255
2	1814	303
2	1814	458
2	1815	400
2	1815	774
2	1816	447
2	1818	867
2	1819	144
2	1819	762
2	1820	148
2	1820	954
2	1821	160
2	1821	789
2	1822	36
2	1822	159
2	1822	888
2	1823	150
2	1823	479
2	1824	365
2	1825	868
2	1826	152
2	1826	933
2	1827	674
2	1828	217
2	1831	493
2	1832	242
2	1833	123
2	1833	153
2	1834	402
2	1834	841
2	1835	537
2	1835	651
2	1835	700
2	1836	633
2	1837	418
2	1838	279
2	1838	366
2	1841	721
2	1841	903
2	1842	553
2	1843	636
2	1844	157
2	1844	599
2	1845	682
2	1847	243
2	1847	448
2	1849	246
2	1849	508
2	1849	786
2	1850	264
2	1850	475
2	1850	533
2	1850	675
2	1852	370
2	1852	371
2	1852	525
2	1853	482
2	1854	899
2	1855	967
2	1856	361
2	1856	657
2	1860	124
2	1864	155
2	1865	85
2	1866	307
2	1866	698
2	1867	745
2	1869	230
2	1869	341
2	1870	641
2	1871	605
2	1873	138
2	1873	555
2	1874	570
2	1876	422
2	1877	368
2	1878	133
2	1878	265
2	1878	498
2	1879	433
2	1879	578
2	1879	618
2	1880	135
2	1880	375
2	1881	186
2	1882	12
2	1882	51
2	1882	772
2	1884	611
2	1884	910
2	1885	744
2	1886	116
2	1886	389
2	1886	696
2	1886	951
2	1887	665
2	1888	714
2	1888	884
2	1889	708
2	1889	813
2	1890	236
2	1891	656
2	1894	6
2	1894	754
2	1896	544
2	1897	454
2	1897	735
2	1898	105
2	1898	106
2	1899	235
2	1899	514
2	1900	247
2	1900	374
2	1901	694
2	1903	625
2	1903	669
2	1904	182
2	1904	209
2	1904	431
2	1905	183
2	1905	219
2	1905	480
2	1907	812
2	1910	180
2	1911	443
2	1911	870
2	1912	540
2	1912	978
2	1914	435
2	1914	522
2	1914	551
2	1915	417
2	1916	613
2	1917	718
2	1918	345
2	1918	1000
2	1919	340
2	1919	845
2	1920	64
2	1920	167
2	1920	238
2	1921	260
2	1921	384
2	1921	558
2	1921	963
2	1922	84
2	1922	214
2	1922	734
2	1923	53
2	1923	192
2	1924	301
2	1925	7
2	1925	491
2	1925	916
2	1926	671
2	1926	740
2	1927	397
2	1927	432
2	1928	227
2	1928	542
2	1929	719
2	1930	89
2	1930	467
2	1930	680
2	1931	126
2	1931	378
2	1931	586
2	1931	706
2	1933	517
2	1933	784
2	1934	945
2	1935	315
2	1935	330
2	1936	272
2	1938	196
2	1938	455
2	1938	619
2	1939	44
2	1939	76
2	1939	416
2	1939	535
2	1939	690
2	1940	631
2	1943	78
2	1943	782
2	1943	909
2	1944	445
2	1944	626
2	1944	747
2	1944	803
2	1945	666
2	1945	693
2	1946	717
2	1946	794
2	1948	275
2	1948	430
2	1948	462
2	1949	468
2	1950	244
2	1951	403
2	1951	507
2	1951	985
2	1952	623
2	1953	137
2	1953	256
2	1954	853
2	1955	278
2	1955	460
2	1955	761
2	1955	942
2	1957	785
2	1960	775
2	1961	104
2	1963	283
2	1963	582
2	1964	141
2	1964	213
2	1966	576
2	1970	676
2	1970	792
2	1971	110
2	1971	303
2	1972	683
2	1973	24
2	1973	188
2	1973	957
2	1978	120
2	1978	377
2	1979	130
2	1980	733
2	1981	249
2	1981	392
2	1981	807
2	1982	604
2	1982	808
2	1983	129
2	1984	387
2	1984	489
2	1984	871
2	1986	798
2	1987	136
2	1987	390
2	1987	920
2	1989	67
2	1989	311
2	1989	765
2	1990	225
2	1990	388
2	1992	293
2	1992	637
2	1993	702
2	1996	394
2	1996	649
2	1996	932
2	1999	267
2	2001	47
2	2002	486
2	2007	763
2	2007	764
2	2007	830
2	2008	433
2	2009	70
2	2009	159
2	2009	970
2	2010	722
2	2013	154
2	2014	185
2	2014	490
2	2014	749
2	2018	18
2	2018	65
2	2018	240
2	2018	844
2	2019	241
2	2019	502
2	2020	34
2	2020	904
2	2021	711
2	2023	71
2	2023	161
2	2024	49
2	2025	233
2	2025	788
2	2028	338
2	2028	446
2	2029	271
2	2029	589
2	2030	695
2	2031	92
2	2031	989
2	2033	726
2	2034	39
2	2034	774
2	2034	796
2	2036	672
2	2036	715
2	2038	96
2	2040	270
2	2041	309
2	2041	629
2	2042	277
2	2042	684
2	2042	691
2	2044	692
2	2044	885
2	2046	769
2	2048	101
2	2049	169
2	2049	352
2	2049	531
2	2049	585
2	2050	493
2	2050	521
2	2050	609
2	2051	119
2	2051	745
2	2052	343
2	2052	561
2	2053	216
2	2054	115
2	2054	442
2	2054	891
2	2055	362
2	2056	63
2	2057	160
2	2058	235
2	2058	475
2	2058	783
2	2059	190
2	2060	207
2	2061	832
2	2061	836
2	2062	220
2	2062	323
2	2063	62
2	2063	916
2	2064	128
2	2064	949
2	2065	654
2	2066	253
2	2066	648
2	2066	903
2	2067	224
2	2069	357
2	2070	317
2	2071	734
2	2072	197
2	2073	113
2	2073	204
2	2074	960
2	2075	482
2	2075	613
2	2077	358
2	2078	632
2	2078	938
2	2079	429
2	2080	787
2	2081	372
2	2081	402
2	2083	469
2	2083	800
2	2084	61
2	2084	150
2	2084	367
2	2084	834
2	2085	499
2	2085	919
2	2086	134
2	2086	215
2	2086	373
2	2087	593
2	2089	339
2	2090	74
2	2090	602
2	2091	268
2	2091	487
2	2092	174
2	2092	888
2	2093	869
2	2096	35
2	2096	209
2	2096	508
2	2096	678
2	2097	114
2	2097	412
2	2098	646
2	2099	145
2	2100	121
2	2101	227
2	2101	368
2	2102	739
2	2102	895
2	2103	409
2	2105	4
2	2106	246
2	2106	386
2	2107	544
2	2108	234
2	2108	825
2	2111	201
2	2111	537
2	2113	91
2	2114	454
2	2115	932
2	2116	108
2	2116	164
2	2116	594
2	2117	291
2	2117	294
2	2117	839
2	2118	406
2	2119	248
2	2121	525
2	2122	551
2	2123	69
2	2123	520
2	2123	724
2	2124	149
2	2125	265
2	2125	573
2	2126	307
2	2127	342
2	2127	555
2	2127	600
2	2128	7
2	2128	176
2	2129	326
2	2130	747
2	2132	19
2	2134	748
2	2135	321
2	2135	354
2	2135	434
2	2135	716
2	2136	760
2	2136	900
2	2142	391
2	2143	458
2	2143	541
2	2143	798
2	2144	14
2	2144	679
2	2145	818
2	2146	218
2	2147	99
2	2147	232
2	2149	494
2	2150	31
2	2152	488
2	2153	574
2	2153	610
2	2155	702
2	2156	380
2	2156	471
2	2157	820
2	2159	464
2	2160	605
2	2161	154
2	2161	636
2	2161	908
2	2161	934
2	2162	105
2	2162	547
2	2162	877
2	2163	415
2	2163	483
2	2164	95
2	2164	266
2	2166	260
2	2168	170
2	2168	903
2	2168	940
2	2169	305
2	2169	848
2	2169	912
2	2170	179
2	2170	479
2	2170	780
2	2172	385
2	2173	10
2	2173	25
2	2173	509
2	2173	751
2	2175	579
2	2177	20
2	2177	279
2	2177	580
2	2178	177
2	2178	254
2	2178	495
2	2178	670
2	2178	791
2	2178	888
2	2180	302
2	2182	592
2	2182	607
2	2183	104
2	2184	424
2	2185	96
2	2186	374
2	2189	231
2	2190	212
2	2190	423
2	2191	68
2	2191	88
2	2192	477
2	2192	507
2	2192	638
2	2194	287
2	2194	634
2	2194	735
2	2195	130
2	2196	239
2	2196	571
2	2197	22
2	2197	503
2	2197	819
2	2198	781
2	2199	510
2	2199	733
2	2200	295
2	2200	613
2	2201	208
2	2201	359
2	2201	369
2	2202	140
2	2202	448
2	2202	812
2	2203	603
2	2204	135
2	2204	647
2	2207	84
2	2207	263
2	2208	694
2	2208	761
2	2208	779
2	2209	244
2	2210	226
2	2210	372
2	2211	398
2	2212	203
2	2212	474
2	2213	565
2	2214	278
2	2214	620
2	2217	159
2	2217	377
2	2218	180
2	2218	595
2	2218	865
2	2219	94
2	2220	601
2	2220	612
2	2221	428
2	2222	845
2	2222	922
2	2223	77
2	2223	480
2	2225	943
2	2226	543
2	2228	451
2	2229	157
2	2229	782
2	2230	633
2	2231	110
2	2231	124
2	2231	959
2	2232	336
2	2233	331
2	2235	884
2	2236	676
2	2237	364
2	2238	250
2	2238	355
2	2238	505
2	2238	701
2	2238	784
2	2239	173
2	2239	220
2	2240	388
2	2240	598
2	2241	619
2	2241	706
2	2241	746
2	2242	442
2	2242	744
2	2243	238
2	2244	146
2	2244	506
2	2244	617
2	2244	906
2	2245	78
2	2245	378
2	2245	881
2	2246	65
2	2246	187
2	2247	581
2	2247	851
2	2248	112
2	2248	308
2	2248	384
2	2248	418
2	2248	637
2	2248	921
2	2250	486
2	2251	36
2	2251	73
2	2251	183
2	2251	687
2	2251	813
2	2252	426
2	2252	810
2	2253	435
2	2253	518
2	2254	219
2	2255	111
2	2255	186
2	2255	188
2	2255	362
2	2256	9
2	2256	132
2	2256	371
2	2256	726
2	2256	922
2	2257	951
2	2258	883
2	2259	18
2	2259	284
2	2259	328
2	2259	968
2	2261	696
2	2261	740
2	2262	711
2	2263	547
2	2264	72
2	2264	609
2	2265	939
2	2266	52
2	2266	800
2	2267	727
2	2269	137
2	2269	539
2	2270	264
2	2270	835
2	2273	158
2	2273	269
2	2273	412
2	2274	168
2	2274	376
2	2276	345
2	2277	851
2	2279	51
2	2279	667
2	2279	757
2	2281	558
2	2281	926
2	2283	122
2	2283	166
2	2283	838
2	2285	564
2	2288	117
2	2289	566
2	2292	672
2	2294	289
2	2295	253
2	2295	334
2	2296	156
2	2297	255
2	2297	446
2	2298	184
2	2298	788
2	2299	776
2	2300	53
2	2300	97
2	2302	878
2	2303	330
2	2306	764
2	2307	327
2	2307	392
2	2313	315
2	2313	718
2	2313	772
2	2314	15
2	2314	892
2	2315	356
2	2316	519
2	2316	728
2	2316	783
2	2318	34
2	2319	260
2	2320	57
2	2321	399
2	2321	597
2	2323	393
2	2324	33
2	2324	469
2	2324	575
2	2325	64
2	2325	144
2	2325	224
2	2325	981
2	2329	795
2	2330	411
2	2330	743
2	2330	797
2	2330	838
2	2331	181
2	2331	213
2	2331	405
2	2331	585
2	2331	793
2	2332	660
2	2338	38
2	2338	105
2	2339	139
2	2339	522
2	2340	640
2	2341	464
2	2341	604
2	2343	977
2	2345	407
2	2345	623
2	2345	880
2	2349	450
2	2349	844
2	2350	162
2	2350	196
2	2350	381
2	2351	427
2	2351	731
2	2352	488
2	2353	713
2	2354	700
2	2355	647
2	2355	754
2	2361	243
2	2361	257
2	2362	475
2	2362	903
2	2363	496
2	2363	555
2	2363	921
2	2366	252
2	2367	497
2	2367	563
2	2367	842
2	2368	241
2	2368	325
2	2368	755
2	2369	12
2	2373	23
2	2373	653
2	2375	66
2	2375	826
2	2376	569
2	2377	481
2	2378	397
2	2378	409
2	2379	126
2	2380	233
2	2382	314
2	2383	820
2	2384	459
2	2385	45
2	2385	197
2	2385	567
2	2386	96
2	2386	374
2	2386	387
2	2386	562
2	2386	631
2	2387	384
2	2387	389
2	2387	675
2	2388	627
2	2390	5
2	2390	693
2	2391	402
2	2391	584
2	2393	365
2	2393	688
2	2393	721
2	2393	779
2	2394	215
2	2394	919
2	2395	326
2	2395	401
2	2395	614
2	2396	236
2	2396	533
2	2397	128
2	2398	245
2	2398	726
2	2399	32
2	2399	515
2	2400	140
2	2400	442
2	2402	827
2	2402	835
2	2403	363
2	2403	463
2	2404	490
2	2405	361
2	2405	483
2	2406	211
2	2407	617
2	2410	90
2	2410	536
2	2411	261
2	2411	354
2	2413	204
2	2413	745
2	2414	346
2	2414	868
2	2417	158
2	2418	611
2	2418	682
2	2418	694
2	2419	83
2	2420	129
2	2422	65
2	2423	205
2	2423	703
2	2423	895
2	2424	824
2	2425	28
2	2425	553
2	2425	637
2	2426	300
2	2427	194
2	2427	443
2	2427	578
2	2428	277
2	2428	489
2	2429	328
2	2430	480
2	2430	909
2	2431	110
2	2431	376
2	2432	234
2	2432	312
2	2432	355
2	2432	915
2	2433	430
2	2435	557
2	2436	530
2	2436	639
2	2436	720
2	2437	173
2	2439	723
2	2440	610
2	2442	192
2	2442	305
2	2442	343
2	2442	939
2	2445	274
2	2446	195
2	2447	849
2	2448	27
2	2448	131
2	2448	183
2	2448	746
2	2451	702
2	2453	898
2	2454	602
2	2454	861
2	2455	769
2	2456	969
2	2458	172
2	2459	527
2	2459	593
2	2460	390
2	2460	445
2	2462	535
2	2463	115
2	2463	586
2	2463	692
2	2464	598
2	2464	724
2	2467	320
2	2467	747
2	2468	946
2	2469	479
2	2470	455
2	2470	834
2	2472	138
2	2472	292
2	2472	404
2	2472	513
2	2472	594
2	2472	912
2	2473	341
2	2474	357
2	2475	290
2	2475	736
2	2476	524
2	2477	167
2	2477	229
2	2477	705
2	2479	185
2	2479	546
2	2479	618
2	2479	799
2	2480	385
2	2480	626
2	2481	171
2	2481	699
2	2482	76
2	2484	559
2	2485	214
2	2485	428
2	2486	263
2	2486	372
2	2486	403
2	2486	454
2	2486	772
2	2486	985
2	2487	99
2	2487	273
2	2487	400
2	2487	809
2	2491	319
2	2491	444
2	2492	894
2	2492	987
2	2493	187
2	2494	679
2	2494	749
2	2494	751
2	2495	447
2	2495	465
2	2497	371
2	2498	23
2	2498	471
2	2499	822
2	2500	6
2	2501	30
2	2501	255
2	2501	528
2	2503	728
2	2505	4
2	2505	655
2	2505	777
2	2506	68
2	2506	435
2	2506	825
2	2507	662
2	2507	942
2	2508	208
2	2508	306
2	2508	409
2	2509	865
2	2510	67
2	2510	174
2	2510	269
2	2510	792
2	2512	244
2	2512	854
2	2513	134
2	2513	369
2	2513	411
2	2514	204
2	2514	432
2	2514	635
2	2516	265
2	2516	353
2	2517	17
2	2520	742
2	2521	34
2	2521	232
2	2521	566
2	2521	616
2	2521	768
2	2524	789
2	2526	491
2	2527	169
2	2527	522
2	2527	649
2	2529	735
2	2530	40
2	2530	505
2	2531	770
2	2532	831
2	2533	405
2	2533	425
2	2535	517
2	2537	654
2	2537	803
2	2538	839
2	2538	905
2	2540	554
2	2541	456
2	2543	201
2	2543	487
2	2544	57
2	2544	219
2	2544	260
2	2544	334
2	2544	550
2	2544	614
2	2544	869
2	2544	990
2	2545	509
2	2546	436
2	2547	484
2	2548	237
2	2548	394
2	2548	583
2	2550	297
2	2551	896
2	2552	712
2	2553	683
2	2554	604
2	2556	74
2	2556	126
2	2556	948
2	2558	159
2	2558	759
2	2561	630
2	2561	730
2	2562	929
2	2563	449
2	2564	77
2	2564	591
2	2565	589
2	2565	697
2	2565	898
2	2566	489
2	2566	975
2	2567	157
2	2567	217
2	2568	380
2	2569	123
2	2569	337
2	2570	55
2	2570	406
2	2571	25
2	2571	58
2	2572	295
2	2572	414
2	2572	746
2	2573	170
2	2574	248
2	2574	987
2	2576	164
2	2578	18
2	2578	408
2	2578	519
2	2578	585
2	2579	161
2	2582	758
2	2583	810
2	2584	741
2	2584	857
2	2584	976
2	2586	139
2	2586	787
2	2587	442
2	2588	440
2	2589	534
2	2589	538
2	2589	661
2	2590	602
2	2590	985
2	2591	3
2	2591	149
2	2591	180
2	2592	221
2	2592	610
2	2593	863
2	2593	908
2	2594	224
2	2594	252
2	2596	335
2	2596	653
2	2596	890
2	2596	905
2	2598	116
2	2599	391
2	2599	797
2	2600	230
2	2600	272
2	2600	370
2	2601	899
2	2602	377
2	2602	532
2	2604	178
2	2604	638
2	2605	462
2	2606	836
2	2607	461
2	2608	374
2	2609	956
2	2609	980
2	2610	709
2	2611	166
2	2611	582
2	2612	235
2	2612	309
2	2612	459
2	2612	540
2	2612	978
2	2613	7
2	2614	708
2	2615	118
2	2615	544
2	2616	872
2	2618	215
2	2618	578
2	2619	576
2	2621	940
2	2622	883
2	2623	791
2	2624	135
2	2627	596
2	2627	891
2	2628	11
2	2629	72
2	2629	86
2	2631	36
2	2631	39
2	2631	375
2	2634	119
2	2634	727
2	2636	680
2	2636	738
2	2638	85
2	2640	189
2	2641	56
2	2641	364
2	2641	866
2	2642	600
2	2643	909
2	2644	203
2	2644	246
2	2644	670
2	2647	100
2	2647	937
2	2648	525
2	2649	66
2	2649	496
2	2650	90
2	2650	348
2	2650	492
2	2650	870
2	2650	979
2	2651	503
2	2652	515
2	2653	199
2	2653	533
2	2654	778
2	2655	811
2	2656	115
2	2656	286
2	2657	312
2	2658	148
2	2658	732
2	2659	564
2	2660	685
2	2660	742
2	2662	703
2	2663	250
2	2664	49
2	2664	84
2	2664	240
2	2664	565
2	2664	695
2	2665	313
2	2665	676
2	2665	808
2	2666	258
2	2666	573
2	2666	707
2	2666	871
2	2667	171
2	2667	682
2	2667	772
2	2667	817
2	2668	628
2	2669	556
2	2670	759
2	2670	999
2	2672	656
2	2672	743
2	2674	322
2	2675	726
2	2676	423
2	2676	581
2	2676	836
2	2676	860
2	2677	263
2	2678	316
2	2679	477
2	2680	204
2	2682	988
2	2683	720
2	2683	782
2	2684	812
2	2685	521
2	2685	803
2	2686	373
2	2687	673
2	2688	641
2	2688	665
2	2689	109
2	2691	219
2	2693	5
2	2693	75
2	2693	561
2	2694	214
2	2694	295
2	2695	95
2	2695	347
2	2695	392
2	2696	879
2	2696	902
2	2697	358
2	2698	897
2	2699	270
2	2699	761
2	2699	801
2	2699	917
2	2700	156
2	2700	196
2	2701	248
2	2701	438
2	2703	608
2	2706	209
2	2708	96
2	2708	953
2	2710	266
2	2710	928
2	2712	587
2	2712	776
2	2712	849
2	2713	105
2	2714	420
2	2715	133
2	2716	62
2	2717	194
2	2717	560
2	2718	52
2	2718	78
2	2721	304
2	2722	106
2	2723	4
2	2724	146
2	2725	342
2	2726	253
2	2726	450
2	2726	661
2	2727	555
2	2727	735
2	2728	225
2	2728	371
2	2728	605
2	2728	644
2	2729	15
2	2729	207
2	2729	237
2	2729	817
2	2730	787
2	2731	201
2	2732	61
2	2732	409
2	2732	428
2	2734	167
2	2735	498
2	2736	242
2	2736	325
2	2736	395
2	2736	883
2	2737	129
2	2737	687
2	2738	271
2	2738	744
2	2740	734
2	2741	476
2	2743	152
2	2743	222
2	2743	723
2	2744	675
2	2744	794
2	2745	514
2	2745	693
2	2746	190
2	2747	586
2	2748	188
2	2748	508
2	2749	88
2	2749	464
2	2749	475
2	2750	499
2	2750	655
2	2750	915
2	2753	509
2	2753	629
2	2754	60
2	2755	815
2	2756	10
2	2756	585
2	2757	593
2	2758	216
2	2758	236
2	2760	108
2	2761	334
2	2762	130
2	2763	487
2	2764	124
2	2764	458
2	2764	590
2	2764	951
2	2765	117
2	2765	713
2	2765	849
2	2766	363
2	2766	766
2	2767	580
2	2768	40
2	2768	53
2	2772	711
2	2774	184
2	2774	733
2	2775	510
2	2775	754
2	2776	626
2	2776	702
2	2777	179
2	2777	923
2	2779	87
2	2779	341
2	2780	227
2	2780	567
2	2781	518
2	2781	779
2	2783	417
2	2784	41
2	2785	288
2	2785	681
2	2786	924
2	2787	579
2	2787	722
2	2788	937
2	2789	58
2	2789	662
2	2789	921
2	2790	307
2	2790	386
2	2790	431
2	2790	803
2	2791	159
2	2792	13
2	2792	291
2	2792	448
2	2792	470
2	2794	228
2	2794	247
2	2794	698
2	2794	847
2	2795	455
2	2796	94
2	2796	142
2	2796	145
2	2796	321
2	2796	413
2	2796	473
2	2796	613
2	2797	430
2	2799	210
2	2799	254
2	2799	367
2	2799	465
2	2799	792
2	2800	71
2	2800	77
2	2801	674
2	2802	34
2	2803	539
2	2803	708
2	2804	310
2	2804	418
2	2805	483
2	2806	651
2	2806	970
2	2807	615
2	2807	647
2	2807	975
2	2808	76
2	2808	336
2	2809	283
2	2809	543
2	2810	394
2	2811	169
2	2811	808
2	2811	945
2	2811	950
2	2812	51
2	2812	55
2	2812	273
2	2812	591
2	2813	187
2	2814	419
2	2816	982
2	2818	908
2	2818	948
2	2819	343
2	2819	983
2	2821	526
2	2821	574
2	2822	98
2	2822	275
2	2822	699
2	2823	317
2	2823	474
2	2825	180
2	2826	947
2	2827	562
2	2829	445
2	2829	596
2	2829	800
2	2831	135
2	2831	397
2	2831	563
2	2832	444
2	2832	501
2	2832	677
2	2833	382
2	2833	679
2	2834	136
2	2834	603
2	2834	790
2	2834	954
2	2835	725
2	2835	946
2	2836	272
2	2836	663
2	2836	884
2	2838	398
2	2838	680
2	2839	90
2	2839	131
2	2839	609
2	2839	995
2	2841	54
2	2841	264
2	2841	646
2	2841	666
2	2843	203
2	2843	308
2	2843	407
2	2844	939
2	2845	70
2	2845	847
2	2845	859
2	2846	69
2	2846	482
2	2846	564
2	2847	114
2	2847	842
2	2848	220
2	2848	557
2	2848	642
2	2848	923
2	2849	156
2	2852	353
2	2852	453
2	2853	767
2	2853	799
2	2853	833
2	2856	151
2	2859	311
2	2860	22
2	2860	645
2	2861	74
2	2861	175
2	2861	391
2	2862	16
2	2863	189
2	2863	349
2	2863	389
2	2863	390
2	2863	805
2	2864	895
2	2865	775
2	2867	83
2	2867	257
2	2868	244
2	2868	595
2	2869	249
2	2869	716
2	2870	385
2	2871	486
2	2872	96
2	2872	306
2	2872	550
2	2875	866
2	2876	33
2	2877	791
2	2878	399
2	2879	238
2	2881	122
2	2881	245
2	2881	761
2	2884	922
2	2886	43
2	2886	231
2	2886	987
2	2887	115
2	2887	786
2	2888	884
2	2888	901
2	2889	64
2	2889	918
2	2890	348
2	2891	157
2	2891	334
2	2891	643
2	2892	344
2	2893	986
2	2895	906
2	2898	239
2	2898	292
2	2900	614
2	2901	178
2	2901	179
2	2901	290
2	2901	381
2	2903	61
2	2905	210
2	2907	309
2	2908	224
2	2908	728
2	2909	95
2	2910	172
2	2910	988
2	2911	717
2	2912	844
2	2913	585
2	2914	9
2	2915	237
2	2915	416
2	2915	531
2	2917	5
2	2918	454
2	2918	641
2	2919	4
2	2919	838
2	2919	930
2	2921	270
2	2921	313
2	2923	553
2	2924	57
2	2924	282
2	2924	383
2	2924	597
2	2925	211
2	2926	726
2	2926	936
2	2928	223
2	2928	411
2	2928	744
2	2928	751
2	2929	735
2	2930	68
2	2930	130
2	2930	487
2	2932	258
2	2932	914
2	2934	359
2	2937	651
2	2937	777
2	2938	668
2	2938	943
2	2939	432
2	2941	393
2	2942	329
2	2943	592
2	2943	911
2	2944	669
2	2944	785
2	2945	527
2	2946	252
2	2946	337
2	2946	732
2	2947	577
2	2948	123
2	2948	724
2	2948	825
2	2949	80
2	2949	299
2	2949	770
2	2951	232
2	2951	285
2	2951	871
2	2952	317
2	2952	476
2	2953	746
2	2953	905
2	2954	281
2	2955	25
2	2956	50
2	2957	283
2	2957	969
2	2959	197
2	2959	236
2	2959	771
2	2960	602
2	2961	316
2	2961	324
2	2961	555
2	2961	901
2	2963	212
2	2966	665
2	2967	162
2	2968	176
2	2969	470
2	2969	872
2	2970	323
2	2970	562
2	2972	569
2	2973	851
2	2975	319
2	2975	328
2	2975	699
2	2976	304
2	2980	350
2	2980	776
2	2981	423
2	2983	84
2	2985	339
2	2985	378
2	2985	725
2	2986	103
2	2987	440
2	2987	676
2	2988	475
2	2989	85
2	2990	910
2	2991	463
2	2992	897
2	2993	126
2	2993	570
2	2994	856
2	2996	612
2	2997	227
2	2997	514
2	2998	71
2	2999	201
2	2999	301
2	2999	413
2	2999	934
2	3001	111
2	3001	736
2	3002	37
2	3002	944
2	3002	949
2	3003	518
2	3004	1
2	3004	680
2	3005	136
2	3005	849
2	3006	157
2	3006	166
2	3006	268
2	3007	94
2	3007	198
2	3007	579
2	3008	712
2	3009	233
2	3010	74
2	3010	205
2	3011	830
2	3012	210
2	3012	335
2	3016	522
2	3016	841
2	3016	989
2	3018	269
2	3019	490
2	3019	808
2	3020	979
2	3021	230
2	3021	259
2	3023	683
2	3023	711
2	3024	45
2	3026	216
2	3027	696
2	3028	89
2	3029	203
2	3029	406
2	3029	688
2	3031	360
2	3031	892
2	3031	903
2	3033	51
2	3033	380
2	3033	839
2	3034	171
2	3034	826
2	3036	276
2	3037	215
2	3039	685
2	3042	53
2	3042	765
2	3043	361
2	3048	768
2	3049	191
2	3049	220
2	3049	764
2	3050	606
2	3052	235
2	3052	489
2	3052	705
2	3052	949
2	3053	300
2	3053	460
2	3054	749
2	3055	67
2	3055	505
2	3056	253
2	3056	538
2	3057	784
2	3058	404
2	3062	654
2	3063	756
2	3063	893
2	3064	617
2	3065	494
2	3066	42
2	3066	69
2	3066	143
2	3066	465
2	3068	942
2	3069	23
2	3071	247
2	3071	595
2	3072	119
2	3074	133
2	3074	488
2	3074	999
2	3077	869
2	3078	379
2	3079	670
2	3079	879
2	3080	358
2	3080	557
2	3082	773
2	3083	479
2	3084	161
2	3084	403
2	3084	826
2	3085	134
2	3085	275
2	3085	373
2	3086	546
2	3088	981
2	3089	450
2	3090	99
2	3091	571
2	3091	642
2	3091	778
2	3091	841
2	3092	28
2	3092	667
2	3095	80
2	3095	393
2	3095	480
2	3095	967
2	3096	370
2	3096	528
2	3099	9
2	3099	727
2	3101	616
2	3101	737
2	3101	787
2	3104	344
2	3105	421
2	3107	212
2	3107	218
2	3107	605
2	3108	81
2	3108	264
2	3109	96
2	3109	285
2	3109	932
2	3110	274
2	3111	554
2	3112	125
2	3112	325
2	3113	674
2	3114	112
2	3114	530
2	3115	376
2	3115	961
2	3117	611
2	3118	986
2	3119	445
2	3121	44
2	3121	426
2	3123	542
2	3125	916
2	3129	342
2	3129	884
2	3132	167
2	3133	153
2	3134	330
2	3134	383
2	3135	225
2	3135	838
2	3137	586
2	3138	30
2	3138	305
2	3139	537
2	3140	852
2	3141	291
2	3141	759
2	3141	941
2	3143	57
2	3143	254
2	3143	899
2	3144	257
2	3144	771
2	3145	902
2	3146	931
2	3147	418
2	3148	364
2	3149	365
2	3150	427
2	3150	781
2	3151	115
2	3151	927
2	3152	279
2	3153	442
2	3154	420
2	3154	519
2	3154	865
2	3154	895
2	3155	789
2	3156	474
2	3156	521
2	3157	630
2	3158	199
2	3158	471
2	3161	558
2	3161	982
2	3162	916
2	3163	721
2	3164	684
2	3165	221
2	3167	139
2	3168	77
2	3169	282
2	3170	39
2	3170	576
2	3170	598
2	3171	297
2	3171	751
2	3172	82
2	3172	437
2	3174	359
2	3174	880
2	3175	701
2	3175	883
2	3177	439
2	3179	129
2	3180	25
2	3180	46
2	3180	172
2	3180	782
2	3181	419
2	3182	691
2	3183	352
2	3184	901
2	3185	702
2	3186	210
2	3186	395
2	3186	525
2	3186	564
2	3187	243
2	3187	654
2	3189	847
2	3190	844
2	3190	861
2	3191	170
2	3191	660
2	3192	73
2	3192	138
2	3193	205
2	3193	384
2	3194	228
2	3195	512
2	3196	108
2	3196	892
2	3197	793
2	3199	529
2	3199	599
2	3199	696
2	3200	508
2	3201	400
2	3201	816
2	3202	71
2	3202	666
2	3202	671
2	3204	472
2	3205	283
2	3205	766
2	3206	87
2	3208	487
2	3208	690
2	3208	745
2	3209	463
2	3209	843
2	3210	515
2	3211	979
2	3213	526
2	3215	49
2	3215	520
2	3215	729
2	3216	704
2	3218	1
2	3218	450
2	3219	477
2	3220	613
2	3220	750
2	3222	261
2	3222	953
2	3223	514
2	3227	618
2	3227	619
2	3227	689
2	3228	315
2	3229	589
2	3231	134
2	3231	715
2	3232	188
2	3232	530
2	3233	149
2	3233	960
2	3234	334
2	3234	398
2	3234	538
2	3236	327
2	3237	176
2	3237	451
2	3237	575
2	3237	761
2	3237	822
2	3238	157
2	3239	204
2	3241	233
2	3242	23
2	3243	675
2	3244	378
2	3247	753
2	3248	825
2	3248	833
2	3248	851
2	3249	251
2	3249	516
2	3250	918
2	3252	546
2	3254	55
2	3255	213
2	3255	911
2	3255	930
2	3256	121
2	3257	339
2	3258	478
2	3258	881
2	3260	540
2	3260	659
2	3260	768
2	3263	403
2	3263	612
2	3264	268
2	3264	808
2	3266	168
2	3267	639
2	3267	848
2	3267	868
2	3269	623
2	3270	752
2	3271	452
2	3272	404
2	3272	461
2	3272	743
2	3272	954
2	3274	863
2	3276	861
2	3277	242
2	3279	475
2	3280	132
2	3280	500
2	3282	32
2	3283	381
2	3284	578
2	3286	62
2	3286	173
2	3286	290
2	3287	714
2	3289	58
2	3289	127
2	3289	820
2	3292	130
2	3292	466
2	3293	341
2	3294	547
2	3296	225
2	3296	882
2	3297	287
2	3297	358
2	3297	455
2	3297	738
2	3298	355
2	3299	226
2	3299	990
2	3300	426
2	3301	98
2	3302	906
2	3304	692
2	3304	886
2	3304	908
2	3305	343
2	3307	301
2	3307	676
2	3311	123
2	3311	433
2	3313	417
2	3314	505
2	3314	710
2	3316	223
2	3317	126
2	3317	974
2	3318	644
2	3319	230
2	3319	264
2	3320	604
2	3321	494
2	3321	867
2	3322	694
2	3324	670
2	3325	795
2	3326	369
2	3327	112
2	3327	414
2	3327	541
2	3327	981
2	3328	560
2	3328	574
2	3328	596
2	3329	6
2	3329	59
2	3329	84
2	3330	723
2	3331	448
2	3331	621
2	3332	385
2	3332	887
2	3333	481
2	3333	487
2	3333	563
2	3333	976
2	3334	438
2	3334	558
2	3334	559
2	3335	429
2	3335	510
2	3335	622
2	3336	193
2	3336	681
2	3336	726
2	3337	51
2	3337	770
2	3339	568
2	3339	579
2	3340	677
2	3341	511
2	3342	499
2	3343	72
2	3343	176
2	3343	357
2	3343	605
2	3343	993
2	3344	118
2	3344	933
2	3345	946
2	3347	383
2	3347	809
2	3348	21
2	3348	43
2	3349	202
2	3350	67
2	3350	181
2	3350	252
2	3350	507
2	3350	745
2	3352	155
2	3354	200
2	3356	740
2	3358	834
2	3360	557
2	3360	643
2	3360	685
2	3361	935
2	3362	515
2	3363	64
2	3364	365
2	3365	291
2	3365	328
2	3365	921
2	3366	102
2	3368	916
2	3369	280
2	3370	823
2	3371	183
2	3371	798
2	3372	473
2	3374	219
2	3375	61
2	3375	231
2	3375	763
2	3377	458
2	3377	835
2	3378	406
2	3379	498
2	3381	285
2	3385	778
2	3386	75
2	3387	775
2	3388	165
2	3388	284
2	3390	187
2	3391	593
2	3391	751
2	3392	588
2	3393	88
2	3393	944
2	3394	434
2	3394	788
2	3396	148
2	3396	169
2	3396	281
2	3397	208
2	3399	386
2	3399	861
2	3400	422
2	3401	732
2	3406	850
2	3408	743
2	3411	388
2	3414	565
2	3414	878
2	3415	308
2	3416	411
2	3416	616
2	3417	712
2	3418	645
2	3418	742
2	3418	1000
2	3420	79
2	3420	214
2	3420	984
2	3421	257
2	3421	348
2	3422	125
2	3424	682
2	3425	792
2	3426	151
2	3426	829
2	3426	917
2	3427	49
2	3427	74
2	3429	697
2	3432	986
2	3432	987
2	3435	15
2	3435	439
2	3437	184
2	3437	532
2	3437	749
2	3438	491
2	3439	524
2	3439	689
2	3440	609
2	3441	7
2	3441	209
2	3441	638
2	3441	640
2	3441	971
2	3443	17
2	3443	96
2	3443	375
2	3444	469
2	3444	703
2	3444	859
2	3446	52
2	3446	92
2	3446	312
2	3446	753
2	3447	766
2	3448	823
2	3451	323
2	3451	966
2	3453	134
2	3453	364
2	3453	493
2	3454	416
2	3457	488
2	3457	506
2	3458	661
2	3459	78
2	3460	781
2	3460	806
2	3462	217
2	3463	902
2	3464	330
2	3464	912
2	3466	370
2	3467	470
2	3467	489
2	3469	201
2	3469	553
2	3470	578
2	3471	263
2	3473	112
2	3473	156
2	3476	497
2	3477	791
2	3478	366
2	3478	671
2	3479	502
2	3479	610
2	3480	556
2	3481	350
2	3482	706
2	3483	433
2	3483	583
2	3484	563
2	3485	244
2	3485	336
2	3485	605
2	3488	763
2	3489	637
2	3490	66
2	3490	971
2	3492	823
2	3492	982
2	3495	218
2	3497	8
2	3497	839
2	3499	660
2	3500	233
2	3500	957
2	3502	115
2	3502	355
2	3504	729
2	3505	426
2	3506	896
2	3506	918
2	3507	104
2	3507	456
2	3507	659
2	3507	840
2	3508	168
2	3508	430
2	3508	462
2	3509	57
2	3509	407
2	3509	627
2	3511	264
2	3511	597
2	3512	275
2	3512	517
2	3512	550
2	3513	31
2	3513	736
2	3513	784
2	3515	130
2	3515	289
2	3515	577
2	3515	822
2	3516	909
2	3517	642
2	3518	211
2	3518	732
2	3518	838
2	3519	923
2	3521	318
2	3521	446
2	3521	494
2	3521	543
2	3521	780
2	3522	278
2	3522	692
2	3523	342
2	3524	879
2	3524	962
2	3526	4
2	3527	1
2	3528	256
2	3529	586
2	3529	990
2	3530	322
2	3530	527
2	3531	3
2	3531	208
2	3531	464
2	3533	144
2	3533	734
2	3534	902
2	3535	368
2	3535	371
2	3535	513
2	3535	628
2	3536	458
2	3536	907
2	3537	108
2	3537	200
2	3537	360
2	3537	744
2	3538	507
2	3538	719
2	3539	38
2	3539	740
2	3540	177
2	3540	206
2	3541	250
2	3541	764
2	3542	299
2	3542	722
2	3543	119
2	3543	788
2	3544	672
2	3545	225
2	3545	424
2	3546	302
2	3546	603
2	3547	21
2	3547	207
2	3547	410
2	3547	474
2	3547	948
2	3548	53
2	3548	287
2	3549	59
2	3549	455
2	3550	699
2	3551	154
2	3551	349
2	3551	372
2	3551	727
2	3551	815
2	3552	213
2	3552	585
2	3553	955
2	3554	54
2	3554	106
2	3554	606
2	3556	204
2	3557	128
2	3558	677
2	3558	888
2	3559	346
2	3559	629
2	3560	461
2	3561	222
2	3561	772
2	3563	946
2	3565	547
2	3567	13
2	3567	891
2	3570	918
2	3571	735
2	3572	239
2	3574	473
2	3575	114
2	3578	390
2	3581	77
2	3581	710
2	3582	15
2	3583	418
2	3585	618
2	3585	633
2	3586	99
2	3586	594
2	3588	124
2	3588	125
2	3589	614
2	3592	68
2	3592	362
2	3592	378
2	3592	510
2	3592	682
2	3593	964
2	3594	158
2	3594	198
2	3594	363
2	3594	797
2	3595	89
2	3596	142
2	3596	656
2	3597	393
2	3598	235
2	3599	84
2	3599	333
2	3599	544
2	3601	149
2	3602	328
2	3602	617
2	3603	47
2	3603	520
2	3603	523
2	3603	717
2	3604	816
2	3605	184
2	3607	148
2	3607	849
2	3607	941
2	3608	427
2	3609	180
2	3609	344
2	3609	965
2	3610	24
2	3610	42
2	3611	171
2	3611	440
2	3611	992
2	3612	465
2	3616	219
2	3616	532
2	3616	769
2	3617	350
2	3617	431
2	3617	508
2	3617	565
2	3618	417
2	3619	568
2	3620	297
2	3621	2
2	3622	285
2	3622	607
2	3623	392
2	3624	404
2	3626	151
2	3626	493
2	3627	401
2	3627	574
2	3628	765
2	3628	927
2	3629	26
2	3629	979
2	3630	726
2	3631	195
2	3631	469
2	3632	572
2	3634	145
2	3634	227
2	3635	246
2	3636	928
2	3636	944
2	3639	447
2	3639	862
2	3640	662
2	3640	886
2	3641	907
2	3643	972
2	3644	792
2	3645	448
2	3646	45
2	3646	785
2	3648	252
2	3650	307
2	3652	839
2	3653	17
2	3654	381
2	3656	920
2	3657	169
2	3658	403
2	3658	559
2	3662	76
2	3662	567
2	3664	55
2	3664	245
2	3665	255
2	3665	263
2	3666	658
2	3667	136
2	3667	240
2	3668	85
2	3668	201
2	3668	373
2	3668	876
2	3669	62
2	3669	494
2	3670	685
2	3671	345
2	3671	939
2	3672	406
2	3675	454
2	3677	582
2	3677	593
2	3678	137
2	3678	578
2	3678	816
2	3681	351
2	3682	112
2	3683	691
2	3684	314
2	3684	988
2	3685	478
2	3687	165
2	3688	177
2	3688	599
2	3688	648
2	3689	806
2	3690	681
2	3690	916
2	3691	405
2	3691	902
2	3692	96
2	3695	182
2	3695	628
2	3695	705
2	3696	16
2	3697	719
2	3697	982
2	3698	106
2	3698	261
2	3698	793
2	3699	122
2	3702	93
2	3702	491
2	3703	304
2	3703	533
2	3704	188
2	3704	225
2	3704	853
2	3705	248
2	3705	338
2	3708	512
2	3709	528
2	3710	231
2	3711	185
2	3713	466
2	3713	535
2	3713	712
2	3714	425
2	3714	550
2	3715	153
2	3715	670
2	3715	950
2	3716	671
2	3717	183
2	3717	854
2	3717	869
2	3720	215
2	3720	233
2	3720	446
2	3721	143
2	3721	339
2	3721	421
2	3721	722
2	3722	19
2	3722	237
2	3722	882
2	3723	651
2	3725	326
2	3725	542
2	3725	715
2	3727	341
2	3727	700
2	3728	814
2	3730	310
2	3730	500
2	3730	666
2	3731	484
2	3731	761
2	3732	490
2	3733	262
2	3733	647
2	3734	265
2	3734	277
2	3735	889
2	3738	221
2	3738	860
2	3740	229
2	3741	353
2	3741	400
2	3742	35
2	3742	38
2	3742	125
2	3742	644
2	3744	499
2	3744	652
2	3746	669
2	3748	47
2	3748	243
2	3748	581
2	3748	611
2	3749	232
2	3749	337
2	3749	682
2	3749	954
2	3751	116
2	3751	224
2	3752	791
2	3752	960
2	3754	15
2	3754	416
2	3755	769
2	3755	818
2	3755	846
2	3756	274
2	3756	717
2	3758	139
2	3758	340
2	3758	637
2	3758	728
2	3760	443
2	3763	387
2	3764	111
2	3764	163
2	3764	748
2	3764	803
2	3765	876
2	3766	131
2	3766	305
2	3766	334
2	3767	840
2	3768	594
2	3768	604
2	3769	142
2	3771	395
2	3772	115
2	3774	521
2	3774	563
2	3774	936
2	3775	88
2	3777	99
2	3778	424
2	3779	699
2	3781	159
2	3782	692
2	3785	350
2	3786	704
2	3789	98
2	3789	757
2	3790	785
2	3791	474
2	3791	786
2	3792	172
2	3792	939
2	3794	14
2	3794	61
2	3795	72
2	3795	502
2	3796	94
2	3796	175
2	3797	473
2	3797	631
2	3798	976
2	3800	102
2	3803	588
2	3804	848
2	3806	617
2	3807	775
2	3808	464
2	3809	523
2	3809	809
2	3810	133
2	3810	749
2	3813	169
2	3813	469
2	3817	120
2	3817	375
2	3817	458
2	3819	36
2	3819	394
2	3819	489
2	3819	674
2	3819	970
2	3820	901
2	3821	123
2	3822	612
2	3823	645
2	3823	772
2	3823	776
2	3824	730
2	3825	984
2	3826	327
2	3826	591
2	3828	845
2	3829	176
2	3829	673
2	3829	691
2	3830	250
2	3831	279
2	3831	655
2	3832	29
2	3832	91
2	3833	97
2	3833	642
2	3833	726
2	3834	826
2	3838	718
2	3842	534
2	3842	779
2	3844	275
2	3844	468
2	3845	288
2	3845	483
2	3846	716
2	3846	937
2	3849	608
2	3849	623
2	3850	373
2	3852	526
2	3854	273
2	3854	622
2	3856	267
2	3856	340
2	3856	391
2	3856	910
2	3857	347
2	3858	610
2	3858	661
2	3860	712
2	3861	215
2	3861	241
2	3861	630
2	3862	207
2	3866	276
2	3866	389
2	3866	735
2	3869	157
2	3869	540
2	3869	713
2	3869	720
2	3871	447
2	3871	928
2	3872	63
2	3872	249
2	3872	479
2	3872	585
2	3872	822
2	3872	905
2	3872	996
2	3873	24
2	3873	470
2	3873	670
2	3874	318
2	3874	632
2	3874	922
2	3875	84
2	3875	224
2	3875	441
2	3875	461
2	3876	195
2	3876	557
2	3877	676
2	3877	846
2	3877	911
2	3880	59
2	3880	894
2	3881	413
2	3881	500
2	3882	337
2	3882	965
2	3883	449
2	3883	667
2	3884	150
2	3884	889
2	3884	995
2	3887	245
2	3888	50
2	3888	801
2	3890	599
2	3891	643
2	3891	854
2	3892	233
2	3892	247
2	3893	662
2	3894	240
2	3894	541
2	3894	879
2	3896	386
2	3896	890
2	3899	257
2	3899	268
2	3900	401
2	3900	834
2	3901	341
2	3902	607
2	3903	39
2	3903	40
2	3903	754
2	3904	651
2	3906	387
2	3906	453
2	3906	547
2	3908	52
2	3908	381
2	3909	419
2	3909	583
2	3910	471
2	3910	997
2	3912	357
2	3912	492
2	3912	690
2	3914	379
2	3914	486
2	3914	782
2	3917	289
2	3918	56
2	3919	71
2	3919	205
2	3920	910
2	3921	558
2	3921	993
2	3923	189
2	3924	265
2	3924	755
2	3924	832
2	3927	235
2	3927	756
2	3931	306
2	3931	343
2	3931	614
2	3931	628
2	3931	771
2	3935	116
2	3935	202
2	3937	535
2	3937	657
2	3938	302
2	3938	525
2	3939	727
2	3939	895
2	3940	693
2	3942	435
2	3943	72
2	3943	303
2	3943	398
2	3943	640
2	3944	842
2	3944	915
2	3945	218
2	3945	469
2	3947	332
2	3948	407
2	3951	329
2	3951	428
2	3951	765
2	3952	370
2	3952	445
2	3953	62
2	3954	122
2	3954	811
2	3956	83
2	3957	837
2	3957	848
2	3958	369
2	3958	990
2	3959	311
2	3961	192
2	3963	204
2	3964	243
2	3964	689
2	3965	19
2	3965	307
2	3965	790
2	3967	578
2	3968	81
2	3968	312
2	3969	200
2	3969	404
2	3970	863
2	3971	18
2	3973	164
2	3974	296
2	3974	324
2	3974	900
2	3975	2
2	3975	27
2	3977	493
2	3978	586
2	3978	867
2	3979	358
2	3981	225
2	3981	692
2	3983	620
2	3986	114
2	3986	784
2	3986	820
2	3986	976
2	3987	442
2	3988	654
2	3988	850
2	3990	14
2	3991	69
2	3992	142
2	3992	505
2	3992	947
2	3994	308
2	3995	501
2	3995	678
2	3996	90
2	3996	520
2	3996	847
2	3997	542
2	3998	957
2	3998	958
2	4001	232
2	4002	25
2	4002	295
2	4002	351
2	4002	437
2	4003	697
2	4004	23
2	4004	121
2	4004	467
2	4005	497
2	4005	648
2	4006	228
2	4006	598
2	4007	102
2	4007	910
2	4008	552
2	4008	670
2	4009	566
2	4009	855
2	4010	740
2	4010	758
2	4011	816
2	4012	140
2	4013	89
2	4013	417
2	4013	559
2	4013	893
2	4015	281
2	4015	625
2	4015	799
2	4016	37
2	4016	937
2	4017	349
2	4017	651
2	4018	684
2	4019	489
2	4020	49
2	4020	711
2	4020	898
2	4021	339
2	4021	434
2	4022	455
2	4023	316
2	4024	685
2	4025	290
2	4025	698
2	4026	198
2	4026	569
2	4027	599
2	4027	602
2	4027	673
2	4027	700
2	4028	503
2	4029	806
2	4031	85
2	4032	621
2	4033	84
2	4033	857
2	4036	94
2	4036	664
2	4037	155
2	4037	939
2	4038	779
2	4039	389
2	4040	212
2	4043	533
2	4044	190
2	4044	773
2	4045	762
2	4045	807
2	4045	984
2	4046	131
2	4046	216
2	4046	875
2	4048	191
2	4049	174
2	4049	767
2	4050	392
2	4051	282
2	4051	474
2	4052	288
2	4054	180
2	4055	341
2	4055	405
2	4055	985
2	4057	75
2	4057	618
2	4058	171
2	4060	867
2	4061	67
2	4061	543
2	4062	178
2	4063	743
2	4063	843
2	4065	746
2	4068	79
2	4069	408
2	4069	628
2	4071	416
2	4071	530
2	4071	774
2	4073	577
2	4075	39
2	4077	402
2	4077	461
2	4078	193
2	4081	133
2	4082	458
2	4083	12
2	4083	253
2	4084	751
2	4085	203
2	4085	550
2	4085	591
2	4086	327
2	4086	656
2	4086	775
2	4087	336
2	4090	712
2	4092	236
2	4092	385
2	4092	913
2	4093	508
2	4093	549
2	4094	368
2	4094	399
2	4094	761
2	4097	380
2	4097	396
2	4097	460
2	4097	693
2	4099	58
2	4101	259
2	4102	331
2	4102	772
2	4103	442
2	4104	214
2	4104	438
2	4105	361
2	4105	418
2	4107	21
2	4108	110
2	4108	146
2	4110	145
2	4110	407
2	4111	77
2	4111	439
2	4112	298
2	4112	636
2	4112	807
2	4112	957
2	4113	167
2	4113	908
2	4114	632
2	4116	209
2	4120	819
2	4120	838
2	4121	234
2	4123	387
2	4124	132
2	4124	701
2	4125	720
2	4129	112
2	4129	728
2	4131	207
2	4131	658
2	4132	868
2	4133	584
2	4133	648
2	4137	359
2	4137	581
2	4137	676
2	4138	123
2	4141	246
2	4142	686
2	4142	975
2	4144	378
2	4144	726
2	4145	499
2	4148	157
2	4149	172
2	4149	400
2	4149	810
2	4150	5
2	4150	682
2	4151	465
2	4151	847
2	4152	296
2	4153	154
2	4153	590
2	4155	468
2	4157	552
2	4157	553
2	4159	901
2	4160	675
2	4161	515
2	4161	592
2	4163	935
2	4165	421
2	4166	364
2	4167	218
2	4169	275
2	4169	325
2	4169	551
2	4171	1
2	4171	912
2	4173	65
2	4173	450
2	4174	764
2	4175	260
2	4175	991
2	4176	626
2	4177	931
2	4179	480
2	4180	398
2	4181	384
2	4181	435
2	4181	534
2	4182	57
2	4182	344
2	4182	579
2	4184	161
2	4186	182
2	4186	665
2	4187	153
2	4187	518
2	4187	927
2	4188	62
2	4188	213
2	4188	940
2	4189	520
2	4190	892
2	4191	308
2	4191	528
2	4193	928
2	4194	30
2	4194	140
2	4194	451
2	4194	513
2	4195	177
2	4195	293
2	4196	147
2	4196	305
2	4196	870
2	4196	900
2	4197	831
2	4200	424
2	4200	535
2	4201	256
2	4201	685
2	4202	391
2	4204	93
2	4204	689
2	4204	979
2	4206	787
2	4207	932
2	4208	588
2	4209	915
2	4210	186
2	4210	425
2	4210	426
2	4210	525
2	4210	894
2	4211	690
2	4212	289
2	4212	819
2	4213	358
2	4214	237
2	4216	135
2	4216	302
2	4216	557
2	4218	967
2	4219	724
2	4219	782
2	4220	163
2	4220	394
2	4220	558
2	4220	651
2	4221	41
2	4221	174
2	4221	225
2	4222	179
2	4223	661
2	4226	87
2	4227	50
2	4227	997
2	4229	357
2	4230	203
2	4230	330
2	4231	224
2	4231	449
2	4231	707
2	4234	61
2	4234	467
2	4236	786
2	4237	646
2	4238	150
2	4238	659
2	4239	89
2	4239	385
2	4239	502
2	4239	971
2	4241	152
2	4241	812
2	4242	524
2	4242	770
2	4244	21
2	4245	97
2	4245	419
2	4245	955
2	4246	598
2	4248	227
2	4248	363
2	4248	964
2	4250	81
2	4250	175
2	4250	563
2	4251	966
2	4252	282
2	4252	708
2	4253	392
2	4253	595
2	4254	597
2	4255	59
2	4257	10
2	4257	388
2	4257	710
2	4257	976
2	4260	456
2	4260	469
2	4260	481
2	4262	109
2	4262	576
2	4263	334
2	4263	441
2	4264	577
2	4265	803
2	4265	915
2	4266	295
2	4266	349
2	4267	555
2	4267	838
2	4268	32
2	4268	457
2	4269	886
2	4270	837
2	4271	102
2	4271	104
2	4271	981
2	4273	103
2	4274	711
2	4275	272
2	4275	348
2	4276	529
2	4276	617
2	4277	294
2	4278	327
2	4278	539
2	4279	78
2	4280	459
2	4280	574
2	4281	527
2	4284	908
2	4285	251
2	4285	380
2	4286	982
2	4287	287
2	4287	941
2	4288	492
2	4289	634
2	4291	247
2	4291	884
2	4293	125
2	4293	374
2	4293	680
2	4294	475
2	4295	151
2	4295	496
2	4299	36
2	4299	608
2	4299	723
2	4300	198
2	4300	387
2	4301	360
2	4302	209
2	4302	733
2	4303	206
2	4303	343
2	4303	755
2	4303	948
2	4304	27
2	4304	483
2	4307	403
2	4309	578
2	4310	519
2	4311	775
2	4312	213
2	4313	292
2	4313	939
2	4316	131
2	4316	455
2	4316	621
2	4316	783
2	4319	47
2	4319	482
2	4319	552
2	4321	149
2	4321	796
2	4321	874
2	4322	356
2	4322	480
2	4323	169
2	4323	583
2	4323	820
2	4323	927
2	4324	18
2	4325	347
2	4325	367
2	4326	74
2	4326	460
2	4327	683
2	4328	720
2	4329	395
2	4331	383
2	4331	759
2	4331	772
2	4331	990
2	4333	112
2	4333	808
2	4334	547
2	4334	575
2	4335	322
2	4336	158
2	4336	342
2	4336	495
2	4337	458
2	4338	511
2	4341	603
2	4342	400
2	4343	286
2	4343	454
2	4344	744
2	4344	765
2	4345	119
2	4345	422
2	4346	513
2	4346	530
2	4348	432
2	4348	591
2	4348	724
2	4348	773
2	4348	948
2	4349	183
2	4353	888
2	4355	406
2	4355	468
2	4356	305
2	4359	69
2	4359	185
2	4359	240
2	4361	130
2	4361	132
2	4361	642
2	4363	749
2	4364	810
2	4365	90
2	4365	260
2	4365	500
2	4366	391
2	4367	33
2	4367	674
2	4368	95
2	4368	442
2	4368	650
2	4370	417
2	4373	290
2	4373	317
2	4374	82
2	4374	91
2	4375	568
2	4376	350
2	4376	746
2	4376	818
2	4376	892
2	4377	164
2	4377	498
2	4377	844
2	4379	368
2	4380	192
2	4380	362
2	4380	491
2	4380	717
2	4382	173
2	4382	376
2	4382	912
2	4382	930
2	4383	762
2	4384	55
2	4384	593
2	4385	389
2	4385	954
2	4387	346
2	4387	926
2	4388	675
2	4388	898
2	4389	30
2	4390	333
2	4391	108
2	4391	113
2	4393	293
2	4393	678
2	4394	358
2	4394	686
2	4395	309
2	4395	635
2	4396	138
2	4396	401
2	4398	605
2	4398	672
2	4399	154
2	4399	430
2	4399	623
2	4399	937
2	4400	556
2	4401	421
2	4402	239
2	4402	295
2	4402	546
2	4404	582
2	4404	761
2	4405	161
2	4405	451
2	4405	528
2	4405	539
2	4406	308
2	4408	22
2	4408	380
2	4408	916
2	4409	983
2	4410	153
2	4410	557
2	4410	639
2	4410	667
2	4410	727
2	4414	63
2	4417	237
2	4417	628
2	4417	631
2	4419	62
2	4419	262
2	4419	612
2	4419	853
2	4420	385
2	4420	540
2	4420	874
2	4421	238
2	4421	581
2	4421	836
2	4423	111
2	4423	507
2	4424	44
2	4424	731
2	4426	216
2	4426	471
2	4427	987
2	4429	729
2	4432	433
2	4434	195
2	4435	13
2	4435	658
2	4436	96
2	4436	427
2	4436	602
2	4437	339
2	4438	859
2	4439	121
2	4439	550
2	4439	739
2	4439	855
2	4440	616
2	4440	842
2	4441	627
2	4441	784
2	4442	499
2	4443	590
2	4443	785
2	4443	903
2	4444	141
2	4444	719
2	4444	857
2	4445	8
2	4445	199
2	4445	341
2	4445	352
2	4445	452
2	4448	998
2	4451	46
2	4451	488
2	4453	997
2	4454	789
2	4456	106
2	4456	129
2	4456	931
2	4456	955
2	4457	572
2	4458	466
2	4459	231
2	4460	934
2	4461	403
2	4462	2
2	4462	123
2	4462	361
2	4464	147
2	4464	919
2	4465	596
2	4466	397
2	4466	547
2	4468	211
2	4468	392
2	4468	469
2	4468	640
2	4469	792
2	4470	125
2	4471	298
2	4472	264
2	4472	694
2	4474	92
2	4474	348
2	4474	732
2	4476	12
2	4476	332
2	4476	956
2	4477	133
2	4477	908
2	4478	865
2	4479	11
2	4479	208
2	4479	535
2	4479	812
2	4480	137
2	4481	655
2	4482	291
2	4482	480
2	4482	514
2	4482	532
2	4483	648
2	4484	84
2	4484	527
2	4484	696
2	4485	224
2	4486	104
2	4486	883
2	4489	774
2	4491	248
2	4491	335
2	4491	892
2	4492	34
2	4492	660
2	4494	426
2	4494	521
2	4495	409
2	4497	288
2	4497	600
2	4501	939
2	4503	103
2	4503	233
2	4503	633
2	4503	965
2	4505	1
2	4505	143
2	4505	267
2	4505	877
2	4505	938
2	4506	240
2	4506	344
2	4506	515
2	4506	807
2	4506	901
2	4506	937
2	4507	758
2	4508	19
2	4509	464
2	4510	77
2	4511	850
2	4513	40
2	4514	175
2	4514	886
2	4515	340
2	4516	768
2	4517	594
2	4518	220
2	4519	274
2	4519	634
2	4519	637
2	4519	702
2	4520	653
2	4521	81
2	4522	349
2	4523	187
2	4524	25
2	4524	214
2	4525	198
2	4525	1000
2	4526	144
2	4527	589
2	4529	776
2	4529	793
2	4531	165
2	4531	786
2	4532	374
2	4532	741
2	4532	824
2	4532	863
2	4533	191
2	4533	533
2	4533	825
2	4534	814
2	4535	355
2	4537	88
2	4537	453
2	4537	829
2	4539	870
2	4539	893
2	4540	47
2	4541	207
2	4541	252
2	4542	277
2	4542	362
2	4544	93
2	4544	293
2	4544	573
2	4546	296
2	4546	432
2	4546	781
2	4548	700
2	4551	61
2	4551	283
2	4551	887
2	4552	171
2	4553	508
2	4553	984
2	4554	555
2	4555	431
2	4555	564
2	4555	703
2	4556	196
2	4556	668
2	4556	979
2	4558	86
2	4559	269
2	4559	563
2	4560	470
2	4561	455
2	4561	510
2	4561	946
2	4564	695
2	4565	477
2	4566	479
2	4566	796
2	4567	16
2	4568	568
2	4568	584
2	4568	599
2	4568	834
2	4569	476
2	4572	138
2	4573	117
2	4574	445
2	4574	447
2	4574	926
2	4575	675
2	4576	683
2	4577	90
2	4578	170
2	4580	628
2	4581	962
2	4582	311
2	4584	7
2	4585	997
2	4586	421
2	4588	440
2	4589	126
2	4589	406
2	4590	121
2	4590	468
2	4593	750
2	4594	168
2	4594	534
2	4595	530
2	4596	75
2	4596	887
2	4598	197
2	4598	763
2	4599	22
2	4599	31
2	4599	606
2	4602	273
2	4604	948
2	4605	667
2	4605	811
2	4607	766
2	4609	783
2	4610	451
2	4610	688
2	4610	769
2	4610	861
2	4612	659
2	4612	690
2	4612	988
2	4613	572
2	4613	691
2	4614	18
2	4614	383
2	4615	607
2	4616	496
2	4617	320
2	4617	517
2	4618	450
2	4618	512
2	4618	641
2	4619	241
2	4619	481
2	4620	134
2	4621	603
2	4623	114
2	4623	249
2	4623	587
2	4623	665
2	4625	336
2	4625	446
2	4626	98
2	4626	812
2	4627	208
2	4628	217
2	4628	257
2	4628	299
2	4629	69
2	4629	143
2	4629	578
2	4630	178
2	4630	588
2	4631	894
2	4632	526
2	4633	392
2	4633	841
2	4634	574
2	4634	905
2	4635	621
2	4636	3
2	4636	375
2	4638	602
2	4639	230
2	4639	591
2	4639	729
2	4643	559
2	4644	412
2	4646	546
2	4647	864
2	4649	434
2	4650	377
2	4651	491
2	4651	676
2	4651	723
2	4652	330
2	4652	523
2	4653	376
2	4656	26
2	4656	314
2	4656	346
2	4656	658
2	4656	926
2	4659	5
2	4659	664
2	4661	374
2	4662	600
2	4662	707
2	4663	820
2	4664	211
2	4665	164
2	4665	610
2	4665	891
2	4666	657
2	4667	647
2	4668	85
2	4668	800
2	4668	858
2	4671	492
2	4671	744
2	4672	720
2	4673	188
2	4674	416
2	4676	261
2	4676	288
2	4676	408
2	4677	782
2	4680	306
2	4680	428
2	4683	11
2	4683	133
2	4683	259
2	4683	712
2	4684	274
2	4684	515
2	4685	162
2	4687	235
2	4687	474
2	4687	732
2	4688	890
2	4689	626
2	4689	900
2	4689	955
2	4690	74
2	4692	441
2	4693	219
2	4693	643
2	4694	54
2	4696	176
2	4697	169
2	4697	624
2	4699	398
2	4701	682
2	4703	470
2	4703	719
2	4705	218
2	4705	226
2	4705	448
2	4706	681
2	4706	760
2	4706	825
2	4707	122
2	4707	746
2	4707	920
2	4709	599
2	4711	561
2	4711	856
2	4712	192
2	4716	990
2	4717	60
2	4718	201
2	4720	533
2	4720	605
2	4723	238
2	4724	101
2	4724	112
2	4724	780
2	4725	525
2	4726	713
2	4727	655
2	4728	233
2	4729	417
2	4729	469
2	4729	756
2	4730	608
2	4733	421
2	4733	583
2	4733	702
2	4733	739
2	4734	972
2	4735	232
2	4735	678
2	4737	814
2	4738	564
2	4739	791
2	4740	158
2	4741	291
2	4741	644
2	4742	300
2	4742	615
2	4742	968
2	4744	650
2	4745	75
2	4745	861
2	4747	167
2	4747	351
2	4747	611
2	4748	131
2	4748	275
2	4748	465
2	4748	964
2	4749	365
2	4749	414
2	4750	244
2	4750	364
2	4750	507
2	4751	537
2	4752	237
2	4752	436
2	4755	41
2	4756	73
2	4756	160
2	4756	181
2	4756	711
2	4756	776
2	4758	127
2	4759	512
2	4759	649
2	4760	168
2	4761	86
2	4761	396
2	4762	500
2	4763	502
2	4764	155
2	4764	628
2	4764	715
2	4765	68
2	4765	105
2	4766	592
2	4766	687
2	4766	998
2	4767	250
2	4767	439
2	4768	134
2	4769	119
2	4769	424
2	4770	231
2	4770	363
2	4770	516
2	4771	120
2	4771	225
2	4772	453
2	4773	669
2	4773	995
2	4775	874
2	4776	99
2	4776	797
2	4777	318
2	4778	172
2	4778	368
2	4778	393
2	4779	565
2	4780	15
2	4782	150
2	4784	531
2	4785	353
2	4787	289
2	4789	941
2	4790	210
2	4790	914
2	4791	821
2	4792	163
2	4792	581
2	4792	792
2	4792	940
2	4794	361
2	4795	576
2	4797	294
2	4798	303
2	4799	586
2	4800	356
2	4801	159
2	4801	345
2	4801	406
2	4802	157
2	4802	378
2	4802	466
2	4802	653
2	4803	864
2	4806	173
2	4806	936
2	4807	501
2	4807	762
2	4811	83
2	4812	484
2	4812	962
2	4814	384
2	4814	781
2	4814	783
2	4816	815
2	4817	2
2	4817	18
2	4818	542
2	4818	652
2	4818	752
2	4819	380
2	4819	545
2	4821	554
2	4822	444
2	4823	474
2	4823	901
2	4823	957
2	4824	199
2	4824	993
2	4825	17
2	4826	57
2	4826	343
2	4826	590
2	4826	689
2	4827	48
2	4827	662
2	4828	193
2	4829	418
2	4829	785
2	4830	400
2	4830	472
2	4831	369
2	4831	373
2	4832	212
2	4832	304
2	4832	602
2	4833	443
2	4834	699
2	4834	819
2	4834	928
2	4834	952
2	4835	148
2	4835	407
2	4836	33
2	4836	582
2	4836	839
2	4837	889
2	4839	475
2	4840	678
2	4841	235
2	4842	154
2	4843	43
2	4843	314
2	4843	610
2	4846	594
2	4846	716
2	4846	786
2	4847	338
2	4847	448
2	4850	111
2	4850	382
2	4852	980
2	4853	108
2	4855	132
2	4856	70
2	4856	658
2	4859	215
2	4859	566
2	4864	536
2	4865	355
2	4865	927
2	4866	35
2	4866	685
2	4867	236
2	4870	568
2	4870	833
2	4871	313
2	4872	41
2	4872	349
2	4872	449
2	4872	933
2	4873	729
2	4876	174
2	4877	320
2	4879	919
2	4881	976
2	4884	979
2	4886	788
2	4888	46
2	4888	432
2	4889	646
2	4889	671
2	4891	696
2	4892	341
2	4892	624
2	4894	374
2	4896	287
2	4896	552
2	4897	268
2	4898	88
2	4898	243
2	4898	1000
2	4899	142
2	4899	471
2	4899	675
2	4900	350
2	4900	496
2	4901	30
2	4901	79
2	4901	166
2	4901	361
2	4901	725
2	4902	258
2	4902	331
2	4903	332
2	4906	351
2	4906	370
2	4906	648
2	4906	700
2	4906	895
2	4907	749
2	4909	357
2	4910	470
2	4910	948
2	4911	638
2	4912	324
2	4913	562
2	4915	734
2	4917	781
2	4918	435
2	4919	885
2	4920	107
2	4920	821
2	4921	281
2	4922	617
2	4922	869
2	4923	745
2	4923	891
2	4924	727
2	4925	414
2	4925	794
2	4927	377
2	4928	133
2	4928	336
2	4928	508
2	4930	903
2	4931	981
2	4932	101
2	4932	122
2	4932	150
2	4934	165
2	4934	676
2	4934	820
2	4935	494
2	4936	317
2	4937	72
2	4937	565
2	4938	790
2	4940	426
2	4940	465
2	4940	728
2	4940	738
2	4941	140
2	4942	596
2	4942	760
2	4943	293
2	4943	511
2	4944	614
2	4944	855
2	4945	269
2	4945	327
2	4945	416
2	4945	776
2	4945	878
2	4946	865
2	4947	212
2	4947	394
2	4947	535
2	4947	909
2	4948	103
2	4950	85
2	4950	346
2	4951	488
2	4952	127
2	4952	201
2	4952	385
2	4953	290
2	4953	905
2	4954	194
2	4954	255
2	4954	588
2	4954	692
2	4956	375
2	4956	595
2	4957	606
2	4958	116
2	4958	301
2	4958	348
2	4959	321
2	4961	885
2	4962	90
2	4963	679
2	4964	270
2	4965	177
2	4965	985
2	4966	28
2	4966	323
2	4968	771
2	4968	857
2	4969	151
2	4969	337
2	4970	515
2	4970	803
2	4971	61
2	4972	945
2	4973	220
2	4975	690
2	4977	128
2	4978	14
2	4979	429
2	4979	849
2	4980	408
2	4980	540
2	4980	787
2	4981	433
2	4981	559
2	4982	145
2	4983	572
2	4983	942
2	4984	63
2	4984	274
2	4984	506
2	4984	710
2	4986	499
2	4986	666
2	4987	501
2	4988	412
2	4989	230
2	4989	294
2	4989	520
2	4990	307
2	4990	867
2	4992	672
2	4993	94
2	4996	740
2	4999	735
