2	-1	0
2	1	168
2	2	216
2	2	235
2	3	753
2	4	136
2	4	748
2	5	432
2	8	355
2	8	582
2	10	965
2	11	362
2	13	343
2	14	523
2	15	772
2	15	853
2	16	190
2	16	436
2	17	320
2	18	23
2	18	206
2	18	717
2	20	326
2	20	782
2	21	374
2	21	528
2	21	675
2	22	249
2	22	465
2	22	499
2	23	341
2	25	652
2	25	796
2	25	840
2	25	852
2	28	934
2	29	330
2	31	352
2	33	453
2	33	783
2	36	144
2	38	412
2	38	529
2	39	349
2	39	726
2	40	145
2	40	301
2	40	369
2	40	486
2	41	363
2	41	607
2	41	705
2	45	268
2	45	744
2	45	765
2	45	830
2	46	176
2	46	286
2	46	728
2	46	794
2	47	95
2	47	414
2	48	322
2	48	463
2	49	209
2	50	333
2	50	612
2	50	634
2	50	644
2	51	48
2	51	768
2	52	203
2	53	92
2	53	241
2	54	46
2	54	307
2	54	483
2	54	522
2	55	215
2	55	221
2	56	158
2	56	492
2	56	554
2	56	896
2	57	986
2	58	130
2	58	259
2	58	738
2	59	344
2	60	167
2	60	196
2	61	396
2	61	476
2	61	542
2	62	317
2	62	501
2	62	779
2	62	784
2	63	544
2	63	557
2	64	288
2	64	647
2	64	740
2	65	789
2	66	269
2	66	854
2	67	451
2	67	504
2	67	667
2	68	83
2	68	537
2	70	478
2	70	575
2	71	19
2	72	222
2	72	721
2	72	935
2	73	313
2	73	438
2	73	685
2	74	182
2	75	93
2	75	116
2	75	497
2	76	54
2	76	589
2	76	661
2	78	60
2	79	756
2	80	82
2	80	445
2	81	637
2	84	371
2	85	440
2	86	185
2	86	967
2	88	419
2	91	314
2	92	494
2	93	430
2	94	58
2	94	534
2	95	246
2	96	399
2	96	515
2	98	650
2	98	833
2	99	265
2	99	651
2	100	366
2	100	865
2	101	937
2	102	615
2	103	126
2	103	415
2	106	767
2	106	986
2	106	995
2	108	571
2	110	228
2	110	732
2	111	828
2	115	166
2	116	37
2	116	635
2	117	990
2	118	901
2	120	682
2	121	122
2	122	525
2	123	180
2	124	4
2	124	491
2	126	905
2	127	129
2	127	490
2	127	992
2	129	605
2	130	469
2	132	640
2	132	706
2	133	655
2	133	734
2	135	287
2	135	729
2	136	693
2	136	915
2	137	141
2	137	697
2	138	22
2	138	305
2	138	748
2	140	747
2	140	833
2	140	968
2	141	660
2	142	3
2	142	280
2	143	390
2	143	707
2	144	342
2	144	794
2	147	262
2	148	699
2	148	886
2	149	441
2	150	237
2	150	521
2	150	918
2	151	52
2	151	120
2	151	289
2	151	737
2	151	798
2	152	100
2	153	300
2	153	360
2	153	418
2	153	453
2	153	602
2	154	867
2	155	844
2	155	933
2	156	375
2	156	428
2	156	708
2	157	715
2	158	720
2	158	816
2	159	466
2	160	299
2	161	343
2	161	458
2	162	701
2	163	368
2	164	535
2	164	670
2	165	68
2	166	241
2	166	243
2	166	842
2	168	156
2	169	108
2	169	782
2	170	189
2	170	290
2	172	26
2	172	296
2	173	75
2	173	769
2	174	929
2	175	197
2	175	850
2	176	704
2	177	152
2	177	881
2	177	945
2	178	118
2	178	934
2	179	475
2	179	641
2	181	868
2	182	409
2	185	219
2	186	315
2	187	324
2	188	711
2	189	879
2	190	261
2	190	285
2	190	585
2	193	671
2	194	658
2	194	829
2	195	518
2	196	979
2	197	113
2	197	367
2	198	98
2	198	226
2	199	136
2	200	53
2	200	764
2	203	728
2	204	408
2	206	312
2	207	710
2	209	405
2	210	649
2	212	7
2	212	668
2	213	666
2	213	730
2	215	411
2	217	275
2	217	293
2	217	484
2	218	877
2	219	33
2	219	270
2	220	427
2	220	694
2	222	177
2	222	633
2	223	279
2	223	630
2	224	212
2	224	599
2	225	770
2	227	355
2	227	839
2	228	232
2	230	325
2	231	211
2	232	789
2	233	510
2	234	997
2	235	452
2	236	386
2	236	944
2	238	238
2	240	253
2	241	43
2	243	73
2	243	304
2	243	766
2	246	99
2	247	413
2	247	511
2	249	553
2	249	746
2	250	445
2	250	886
2	252	455
2	252	806
2	252	956
2	253	155
2	253	714
2	255	24
2	255	318
2	255	472
2	255	724
2	257	596
2	259	271
2	259	488
2	260	56
2	260	266
2	260	340
2	260	973
2	261	13
2	261	192
2	262	426
2	263	161
2	264	300
2	264	684
2	264	911
2	265	503
2	266	57
2	266	331
2	266	669
2	267	144
2	267	260
2	269	808
2	271	736
2	272	203
2	272	854
2	273	339
2	273	449
2	274	138
2	274	417
2	275	319
2	275	932
2	276	744
2	277	942
2	278	394
2	278	691
2	279	58
2	279	276
2	280	172
2	281	444
2	283	143
2	283	761
2	285	10
2	285	509
2	287	514
2	288	420
2	288	532
2	289	481
2	289	536
2	289	567
2	290	856
2	292	45
2	292	48
2	293	369
2	293	442
2	293	598
2	294	345
2	295	497
2	298	135
2	298	564
2	299	84
2	299	283
2	299	898
2	301	628
2	302	178
2	302	625
2	302	734
2	303	606
2	303	618
2	303	931
2	304	224
2	305	421
2	307	277
2	307	817
2	308	150
2	308	589
2	309	380
2	310	349
2	312	498
2	312	527
2	314	91
2	314	97
2	314	112
2	316	25
2	316	853
2	316	941
2	317	124
2	317	502
2	317	890
2	319	767
2	321	195
2	321	338
2	321	554
2	321	948
2	322	230
2	322	763
2	323	189
2	323	367
2	323	403
2	324	383
2	325	116
2	325	775
2	327	130
2	327	838
2	328	132
2	328	235
2	328	577
2	328	747
2	329	22
2	329	416
2	329	451
2	329	631
2	329	643
2	329	881
2	330	396
2	330	473
2	331	723
2	332	913
2	333	79
2	333	86
2	333	661
2	333	965
2	334	214
2	335	651
2	336	843
2	338	471
2	338	668
2	339	504
2	339	624
2	339	967
2	340	474
2	340	607
2	341	301
2	342	384
2	342	460
2	343	479
2	344	83
2	344	149
2	344	371
2	345	777
2	346	898
2	348	501
2	349	447
2	349	963
2	350	724
2	351	737
2	352	363
2	352	506
2	353	126
2	353	263
2	354	533
2	354	600
2	357	992
2	360	38
2	360	139
2	360	359
2	360	765
2	361	347
2	363	36
2	363	330
2	364	77
2	364	336
2	364	878
2	365	80
2	367	28
2	367	857
2	368	316
2	369	183
2	369	494
2	370	635
2	372	222
2	372	562
2	372	663
2	376	59
2	376	391
2	376	865
2	378	556
2	379	642
2	382	240
2	385	211
2	385	239
2	386	140
2	386	552
2	386	730
2	387	315
2	387	690
2	387	863
2	388	93
2	388	117
2	388	342
2	389	467
2	390	92
2	390	515
2	390	603
2	391	912
2	392	557
2	392	978
2	393	248
2	394	101
2	394	277
2	394	317
2	394	540
2	395	241
2	395	558
2	397	361
2	397	408
2	397	985
2	398	632
2	398	696
2	400	64
2	401	123
2	401	366
2	401	613
2	402	125
2	402	220
2	402	429
2	402	656
2	403	121
2	403	897
2	404	12
2	404	634
2	404	957
2	405	267
2	405	272
2	406	70
2	406	570
2	407	259
2	407	751
2	411	975
2	414	71
2	414	95
2	414	480
2	414	721
2	415	164
2	415	530
2	417	528
2	418	592
2	419	264
2	420	615
2	421	44
2	423	463
2	424	323
2	426	57
2	426	127
2	426	587
2	427	133
2	427	352
2	429	425
2	429	860
2	430	407
2	434	373
2	435	286
2	435	430
2	436	541
2	437	296
2	440	362
2	441	85
2	442	594
2	443	292
2	444	521
2	445	196
2	445	266
2	445	766
2	446	788
2	447	215
2	447	709
2	448	397
2	448	698
2	449	205
2	449	360
2	449	819
2	450	76
2	450	87
2	451	152
2	451	343
2	452	29
2	453	599
2	453	640
2	453	975
2	454	21
2	454	58
2	455	670
2	456	750
2	457	98
2	457	638
2	458	108
2	459	91
2	461	385
2	463	386
2	465	713
2	467	645
2	469	393
2	471	345
2	472	156
2	472	246
2	475	524
2	475	619
2	475	694
2	476	886
2	477	978
2	477	980
2	479	680
2	480	781
2	480	992
2	482	542
2	485	465
2	486	837
2	487	348
2	488	17
2	491	231
2	492	892
2	494	947
2	495	193
2	496	738
2	497	114
2	498	757
2	500	115
2	500	569
2	502	617
2	503	412
2	503	699
2	503	861
2	504	54
2	505	519
2	506	583
2	507	284
2	507	855
2	509	75
2	509	136
2	509	258
2	509	500
2	509	623
2	509	758
2	511	614
2	511	695
2	514	185
2	514	522
2	514	954
2	515	703
2	515	889
2	517	97
2	518	671
2	519	223
2	520	354
2	520	659
2	521	418
2	521	687
2	522	341
2	522	923
2	523	174
2	523	948
2	524	318
2	524	495
2	525	62
2	525	102
2	525	403
2	525	528
2	526	308
2	526	535
2	527	186
2	527	471
2	527	516
2	527	518
2	528	209
2	528	970
2	529	86
2	529	435
2	529	879
2	531	212
2	531	995
2	532	263
2	532	421
2	533	190
2	535	387
2	536	616
2	537	80
2	537	161
2	537	580
2	538	237
2	538	576
2	539	129
2	539	134
2	541	260
2	543	23
2	543	364
2	544	297
2	544	381
2	544	537
2	545	467
2	547	340
2	548	484
2	549	256
2	549	669
2	550	50
2	550	176
2	550	228
2	550	745
2	551	13
2	552	379
2	554	681
2	556	416
2	557	111
2	557	197
2	557	320
2	558	338
2	558	612
2	559	608
2	561	233
2	561	408
2	561	463
2	561	787
2	561	810
2	562	334
2	562	534
2	562	551
2	563	422
2	563	603
2	563	969
2	564	249
2	564	764
2	565	313
2	565	577
2	566	255
2	566	586
2	566	799
2	567	520
2	567	556
2	568	7
2	568	581
2	569	677
2	569	791
2	570	513
2	571	149
2	572	319
2	572	388
2	573	704
2	574	851
2	575	420
2	575	793
2	575	968
2	576	47
2	576	304
2	576	510
2	576	966
2	578	423
2	578	441
2	578	655
2	578	762
2	579	182
2	579	990
2	580	648
2	581	838
2	581	951
2	582	926
2	583	493
2	584	310
2	585	240
2	586	220
2	586	469
2	588	395
2	590	546
2	590	760
2	591	958
2	592	665
2	594	241
2	596	278
2	597	832
2	598	183
2	598	394
2	599	303
2	599	877
2	599	941
2	600	389
2	601	236
2	601	365
2	603	466
2	603	731
2	603	773
2	603	980
2	604	947
2	605	294
2	605	511
2	607	368
2	607	621
2	608	515
2	613	10
2	613	214
2	613	349
2	614	138
2	614	636
2	615	682
2	615	707
2	616	130
2	616	649
2	617	137
2	617	181
2	617	717
2	617	807
2	618	625
2	619	413
2	619	415
2	619	887
2	619	902
2	621	264
2	622	756
2	623	488
2	623	662
2	624	605
2	625	48
2	626	742
2	630	531
2	630	640
2	631	952
2	632	975
2	633	584
2	634	544
2	635	307
2	635	812
2	636	123
2	639	489
2	640	276
2	640	405
2	640	713
2	641	688
2	642	638
2	642	771
2	643	188
2	643	369
2	643	564
2	643	571
2	643	858
2	645	789
2	645	994
2	646	70
2	646	247
2	647	284
2	647	316
2	648	8
2	648	283
2	648	478
2	649	291
2	649	529
2	650	4
2	650	269
2	654	147
2	654	843
2	655	567
2	657	16
2	657	440
2	657	899
2	659	144
2	659	453
2	659	555
2	661	53
2	663	430
2	664	476
2	665	374
2	665	783
2	667	353
2	669	113
2	669	275
2	670	274
2	670	331
2	670	663
2	670	975
2	671	286
2	672	344
2	672	501
2	672	747
2	673	624
2	674	487
2	675	371
2	675	517
2	675	530
2	676	306
2	676	943
2	677	3
2	677	87
2	677	280
2	677	545
2	678	505
2	679	527
2	679	777
2	680	55
2	680	172
2	680	341
2	680	504
2	680	907
2	680	970
2	682	73
2	684	251
2	684	271
2	684	565
2	685	292
2	685	532
2	688	231
2	688	627
2	688	917
2	689	739
2	690	78
2	690	832
2	691	443
2	691	592
2	691	882
2	693	841
2	694	462
2	695	237
2	695	384
2	696	59
2	696	252
2	699	258
2	700	61
2	700	952
2	702	375
2	703	542
2	704	887
2	705	102
2	705	287
2	706	133
2	707	89
2	709	343
2	709	385
2	709	510
2	711	361
2	711	847
2	711	929
2	712	15
2	712	56
2	712	108
2	713	230
2	713	561
2	714	229
2	715	597
2	717	250
2	717	282
2	719	421
2	719	493
2	720	111
2	720	386
2	720	397
2	721	150
2	721	290
2	723	305
2	724	80
2	725	845
2	727	124
2	727	187
2	728	90
2	728	691
2	729	23
2	729	82
2	729	135
2	730	51
2	730	984
2	732	332
2	733	179
2	733	189
2	733	522
2	734	496
2	735	556
2	735	945
2	736	315
2	736	748
2	737	126
2	737	723
2	737	752
2	738	94
2	738	191
2	738	533
2	739	221
2	739	468
2	741	178
2	741	399
2	743	435
2	746	48
2	746	242
2	747	582
2	747	758
2	749	174
2	749	683
2	750	98
2	750	744
2	752	373
2	753	612
2	754	194
2	754	256
2	754	260
2	754	889
2	755	116
2	755	183
2	755	456
2	755	864
2	756	31
2	757	141
2	757	312
2	757	919
2	761	239
2	761	827
2	763	22
2	763	114
2	763	240
2	763	569
2	763	753
2	764	63
2	765	754
2	766	262
2	768	554
2	768	714
2	769	115
2	769	345
2	770	97
2	771	500
2	772	578
2	773	238
2	774	212
2	774	279
2	774	308
2	776	439
2	776	507
2	777	785
2	777	932
2	778	570
2	778	679
2	779	176
2	779	652
2	780	676
2	780	926
2	784	342
2	785	334
2	785	751
2	786	458
2	786	613
2	787	623
2	789	326
2	789	886
2	790	581
2	790	715
2	791	931
2	795	484
2	796	492
2	797	682
2	797	830
2	797	904
2	799	215
2	799	273
2	799	660
2	802	35
2	802	460
2	804	678
2	805	198
2	806	205
2	806	573
2	807	589
2	807	800
2	810	514
2	810	961
2	812	125
2	813	471
2	813	562
2	814	20
2	814	200
2	815	466
2	816	244
2	818	152
2	820	151
2	820	414
2	821	821
2	822	137
2	822	197
2	823	68
2	824	411
2	824	450
2	825	515
2	826	292
2	827	92
2	828	374
2	828	818
2	829	206
2	829	615
2	830	77
2	830	346
2	831	320
2	831	936
2	832	472
2	834	521
2	834	955
2	835	87
2	835	193
2	837	710
2	838	60
2	838	298
2	838	740
2	838	868
2	839	18
2	839	769
2	839	951
2	840	184
2	840	243
2	840	792
2	841	497
2	842	477
2	843	725
2	844	5
2	844	274
2	844	974
2	845	616
2	846	619
2	847	208
2	849	303
2	850	32
2	850	453
2	850	491
2	851	211
2	851	750
2	853	158
2	855	249
2	856	960
2	858	390
2	858	791
2	860	168
2	861	628
2	863	672
2	865	565
2	866	226
2	866	947
2	867	319
2	867	600
2	868	848
2	869	698
2	870	245
2	870	557
2	870	797
2	871	21
2	871	147
2	874	544
2	874	585
2	874	881
2	875	939
2	877	595
2	878	820
2	879	261
2	879	470
2	880	218
2	880	700
2	881	302
2	881	560
2	881	858
2	882	647
2	883	991
2	884	917
2	885	242
2	888	389
2	889	465
2	889	954
2	891	425
2	892	105
2	894	380
2	894	427
2	896	566
2	897	516
2	898	237
2	898	321
2	898	607
2	898	702
2	898	912
2	899	654
2	899	969
2	900	128
2	902	588
2	904	103
2	905	39
2	905	555
2	908	80
2	909	406
2	909	493
2	909	778
2	910	433
2	911	159
2	911	763
2	912	341
2	912	580
2	913	330
2	913	382
2	915	610
2	915	752
2	916	89
2	916	407
2	916	641
2	916	814
2	917	709
2	917	876
2	918	285
2	918	295
2	919	93
2	920	296
2	923	149
2	923	498
2	924	287
2	924	378
2	924	582
2	925	196
2	925	858
2	926	263
2	926	431
2	926	602
2	927	9
2	927	767
2	928	770
2	929	316
2	929	781
2	930	236
2	930	704
2	930	776
2	931	120
2	931	440
2	932	368
2	932	422
2	932	452
2	933	358
2	934	132
2	934	515
2	936	490
2	936	530
2	936	936
2	937	794
2	938	949
2	939	258
2	940	73
2	940	499
2	941	442
2	942	121
2	942	627
2	943	355
2	945	133
2	945	286
2	945	488
2	946	926
2	948	919
2	950	139
2	951	304
2	951	517
2	956	538
2	957	718
2	958	434
2	958	841
2	960	331
2	960	757
2	962	466
2	963	134
2	966	212
2	967	185
2	967	234
2	968	630
2	969	10
2	969	370
2	971	349
2	971	574
2	971	972
2	972	172
2	973	326
2	974	40
2	975	481
2	976	551
2	976	820
2	977	79
2	977	222
2	977	397
2	978	20
2	980	637
2	981	713
2	982	361
2	982	1000
2	984	272
2	984	584
2	985	189
2	985	632
2	986	495
2	986	620
2	987	56
2	988	328
2	988	832
2	989	277
2	989	583
2	991	259
2	991	643
2	992	214
2	992	413
2	992	623
2	993	169
2	993	736
2	994	78
2	994	210
2	995	108
2	995	339
2	999	487
2	1000	176
2	1000	197
2	1000	665
2	1001	771
2	1002	52
2	1002	143
2	1003	86
2	1005	559
2	1005	653
2	1005	721
2	1006	115
2	1006	429
2	1006	502
2	1006	531
2	1007	479
2	1009	625
2	1010	455
2	1011	381
2	1013	577
2	1013	882
2	1014	856
2	1015	74
2	1017	483
2	1017	656
2	1017	966
2	1018	292
2	1018	424
2	1020	468
2	1020	597
2	1021	735
2	1024	376
2	1025	12
2	1025	43
2	1025	968
2	1026	111
2	1027	1
2	1030	156
2	1030	178
2	1032	567
2	1032	594
2	1035	278
2	1036	344
2	1038	435
2	1038	484
2	1038	791
2	1038	960
2	1039	97
2	1041	340
2	1043	76
2	1043	680
2	1044	23
2	1044	547
2	1045	453
2	1045	512
2	1046	16
2	1046	37
2	1047	540
2	1047	714
2	1048	437
2	1048	959
2	1049	184
2	1050	535
2	1050	885
2	1051	422
2	1051	734
2	1052	308
2	1052	835
2	1053	622
2	1053	650
2	1054	27
2	1054	532
2	1056	19
2	1056	629
2	1057	585
2	1058	798
2	1059	29
2	1059	979
2	1060	550
2	1063	789
2	1063	977
2	1065	399
2	1065	683
2	1066	307
2	1067	288
2	1067	587
2	1069	493
2	1070	699
2	1070	778
2	1071	38
2	1071	208
2	1072	886
2	1073	703
2	1074	454
2	1075	106
2	1077	554
2	1078	170
2	1080	522
2	1081	368
2	1083	268
2	1083	406
2	1085	485
2	1087	261
2	1088	962
2	1089	313
2	1089	386
2	1091	54
2	1091	543
2	1091	686
2	1091	799
2	1092	354
2	1092	916
2	1094	83
2	1095	196
2	1095	348
2	1095	426
2	1096	119
2	1096	160
2	1097	417
2	1097	459
2	1098	461
2	1098	566
2	1099	110
2	1100	49
2	1100	324
2	1100	758
2	1101	161
2	1101	194
2	1101	854
2	1102	282
2	1102	634
2	1102	674
2	1103	212
2	1103	356
2	1103	765
2	1104	201
2	1104	267
2	1104	671
2	1104	750
2	1104	828
2	1104	872
2	1104	906
2	1106	105
2	1106	165
2	1106	718
2	1106	817
2	1107	148
2	1107	823
2	1107	994
2	1108	211
2	1108	628
2	1108	642
2	1110	79
2	1110	414
2	1110	475
2	1110	843
2	1111	177
2	1111	446
2	1111	491
2	1111	800
2	1112	237
2	1113	168
2	1113	705
2	1113	745
2	1114	180
2	1114	312
2	1115	8
2	1115	358
2	1115	890
2	1116	600
2	1117	395
2	1117	626
2	1119	311
2	1120	556
2	1120	684
2	1122	113
2	1122	754
2	1124	332
2	1124	400
2	1124	456
2	1125	55
2	1125	304
2	1128	33
2	1129	525
2	1129	984
2	1131	874
2	1132	233
2	1132	657
2	1133	715
2	1135	34
2	1135	142
2	1136	760
2	1137	190
2	1140	280
2	1140	687
2	1141	693
2	1142	377
2	1142	706
2	1142	954
2	1144	711
2	1145	899
2	1146	50
2	1146	678
2	1147	509
2	1148	255
2	1149	738
2	1150	26
2	1151	228
2	1152	428
2	1152	842
2	1153	617
2	1154	795
2	1155	64
2	1156	648
2	1158	167
2	1158	888
2	1158	929
2	1159	104
2	1159	690
2	1160	404
2	1161	131
2	1161	739
2	1161	786
2	1161	793
2	1165	202
2	1165	903
2	1166	973
2	1167	704
2	1168	747
2	1169	181
2	1169	654
2	1170	614
2	1170	942
2	1174	570
2	1175	477
2	1175	481
2	1176	200
2	1179	925
2	1180	51
2	1183	169
2	1183	219
2	1183	236
2	1183	588
2	1186	367
2	1186	580
2	1188	18
2	1188	336
2	1189	138
2	1189	204
2	1189	357
2	1189	576
2	1190	319
2	1190	785
2	1191	241
2	1192	601
2	1192	611
2	1193	495
2	1193	655
2	1194	309
2	1196	496
2	1196	702
2	1196	822
2	1197	493
2	1197	544
2	1197	551
2	1197	688
2	1197	906
2	1198	533
2	1200	132
2	1200	159
2	1200	919
2	1202	423
2	1202	449
2	1202	506
2	1203	68
2	1204	431
2	1205	209
2	1206	771
2	1207	918
2	1208	578
2	1210	314
2	1210	920
2	1210	975
2	1212	22
2	1212	333
2	1212	564
2	1214	292
2	1214	664
2	1215	546
2	1217	725
2	1217	861
2	1217	955
2	1218	698
2	1219	46
2	1219	186
2	1219	995
2	1220	623
2	1222	913
2	1223	409
2	1224	273
2	1226	4
2	1226	70
2	1228	232
2	1229	147
2	1229	519
2	1229	925
2	1230	756
2	1231	206
2	1231	972
2	1232	29
2	1232	359
2	1232	961
2	1233	247
2	1233	364
2	1234	448
2	1235	128
2	1236	109
2	1236	763
2	1237	161
2	1237	424
2	1237	568
2	1237	722
2	1238	106
2	1238	345
2	1238	669
2	1239	133
2	1240	110
2	1240	403
2	1241	695
2	1243	230
2	1244	295
2	1245	229
2	1245	735
2	1246	579
2	1247	644
2	1247	751
2	1248	73
2	1248	112
2	1248	362
2	1248	787
2	1249	197
2	1250	158
2	1250	323
2	1250	757
2	1251	540
2	1251	626
2	1251	663
2	1252	985
2	1253	517
2	1253	727
2	1254	586
2	1255	163
2	1255	251
2	1255	391
2	1255	571
2	1255	668
2	1255	707
2	1256	86
2	1256	218
2	1256	239
2	1257	826
2	1258	339
2	1258	346
2	1259	646
2	1260	557
2	1260	850
2	1261	136
2	1261	721
2	1261	822
2	1261	830
2	1262	6
2	1262	432
2	1263	956
2	1264	344
2	1264	356
2	1265	124
2	1265	480
2	1265	555
2	1265	653
2	1268	715
2	1269	500
2	1270	819
2	1271	594
2	1271	975
2	1272	160
2	1272	565
2	1272	703
2	1273	223
2	1273	442
2	1273	665
2	1274	125
2	1277	210
2	1278	317
2	1279	135
2	1279	811
2	1279	884
2	1280	382
2	1280	411
2	1280	550
2	1280	617
2	1280	783
2	1282	410
2	1282	809
2	1283	672
2	1283	838
2	1284	131
2	1285	466
2	1286	17
2	1286	373
2	1286	676
2	1286	772
2	1287	294
2	1287	624
2	1288	513
2	1289	146
2	1289	327
2	1289	553
2	1290	2
2	1290	156
2	1290	217
2	1290	791
2	1293	162
2	1293	321
2	1294	577
2	1298	27
2	1298	277
2	1298	445
2	1298	471
2	1298	587
2	1298	692
2	1298	724
2	1299	917
2	1300	616
2	1300	762
2	1300	841
2	1301	353
2	1301	767
2	1302	261
2	1303	44
2	1303	924
2	1304	184
2	1305	572
2	1311	509
2	1312	452
2	1312	746
2	1314	761
2	1315	694
2	1318	574
2	1318	848
2	1319	406
2	1320	88
2	1320	243
2	1320	589
2	1321	473
2	1321	897
2	1321	963
2	1322	502
2	1324	285
2	1325	911
2	1326	36
2	1327	39
2	1327	52
2	1328	650
2	1330	888
2	1332	446
2	1332	526
2	1332	765
2	1335	37
2	1337	38
2	1337	529
2	1337	533
2	1339	518
2	1340	166
2	1340	602
2	1341	714
2	1343	126
2	1343	780
2	1344	177
2	1344	524
2	1345	673
2	1346	900
2	1347	332
2	1347	444
2	1347	759
2	1349	354
2	1349	404
2	1349	712
2	1350	786
2	1352	423
2	1352	435
2	1352	954
2	1355	313
2	1356	477
2	1356	914
2	1356	942
2	1357	129
2	1357	456
2	1360	899
2	1361	31
2	1363	764
2	1366	14
2	1366	609
2	1370	57
2	1370	491
2	1370	495
2	1370	567
2	1372	24
2	1373	205
2	1375	770
2	1376	218
2	1376	576
2	1377	209
2	1377	428
2	1377	831
2	1378	338
2	1379	143
2	1379	245
2	1381	199
2	1381	685
2	1382	248
2	1383	383
2	1384	292
2	1385	641
2	1386	227
2	1388	769
2	1389	366
2	1390	544
2	1392	150
2	1393	329
2	1393	606
2	1396	729
2	1397	794
2	1398	138
2	1398	378
2	1398	586
2	1399	440
2	1399	745
2	1400	161
2	1402	232
2	1402	500
2	1402	829
2	1404	109
2	1404	605
2	1404	644
2	1404	660
2	1405	70
2	1406	657
2	1407	65
2	1407	152
2	1408	700
2	1409	262
2	1409	326
2	1409	532
2	1410	224
2	1411	251
2	1411	734
2	1412	116
2	1412	122
2	1412	640
2	1412	854
2	1413	490
2	1413	915
2	1415	12
2	1415	180
2	1415	478
2	1415	596
2	1415	756
2	1416	718
2	1417	21
2	1417	322
2	1417	405
2	1418	607
2	1418	911
2	1419	662
2	1420	246
2	1420	289
2	1421	175
2	1421	265
2	1421	282
2	1421	626
2	1422	363
2	1422	653
2	1422	699
2	1424	406
2	1425	135
2	1425	696
2	1426	669
2	1426	860
2	1427	931
2	1428	4
2	1428	43
2	1428	551
2	1429	697
2	1430	823
2	1432	642
2	1432	977
2	1433	33
2	1434	165
2	1434	441
2	1436	158
2	1436	547
2	1436	583
2	1436	623
2	1437	185
2	1438	172
2	1439	504
2	1439	659
2	1440	536
2	1441	391
2	1441	430
2	1441	851
2	1441	939
2	1445	320
2	1445	720
2	1447	683
2	1448	531
2	1448	847
2	1449	56
2	1449	741
2	1449	796
2	1450	512
2	1450	545
2	1450	581
2	1451	566
2	1451	859
2	1452	481
2	1452	687
2	1453	250
2	1453	487
2	1453	701
2	1454	335
2	1454	470
2	1454	598
2	1454	676
2	1454	854
2	1454	894
2	1455	466
2	1457	255
2	1458	349
2	1459	241
2	1460	319
2	1461	413
2	1462	112
2	1462	400
2	1463	270
2	1463	489
2	1466	376
2	1466	458
2	1466	784
2	1467	849
2	1468	836
2	1472	140
2	1472	452
2	1472	690
2	1474	29
2	1478	105
2	1478	204
2	1478	724
2	1480	517
2	1480	588
2	1481	942
2	1482	269
2	1483	331
2	1483	453
2	1485	96
2	1485	477
2	1486	103
2	1488	346
2	1490	555
2	1492	203
2	1492	909
2	1493	312
2	1493	616
2	1494	9
2	1496	559
2	1496	783
2	1498	892
2	1499	444
2	1500	120
2	1500	654
2	1500	905
2	1501	631
2	1501	964
2	1502	49
2	1502	90
2	1503	685
2	1504	121
2	1504	707
2	1505	81
2	1505	157
2	1505	238
2	1505	283
2	1506	467
2	1508	348
2	1509	142
2	1509	704
2	1510	317
2	1510	646
2	1511	19
2	1511	519
2	1512	236
2	1513	23
2	1513	163
2	1513	249
2	1515	110
2	1515	242
2	1515	296
2	1516	377
2	1516	851
2	1517	394
2	1517	424
2	1518	667
2	1519	164
2	1520	45
2	1521	748
2	1523	371
2	1524	145
2	1524	445
2	1525	308
2	1527	174
2	1528	789
2	1530	253
2	1530	691
2	1531	87
2	1531	187
2	1531	287
2	1531	372
2	1531	608
2	1532	479
2	1532	508
2	1534	658
2	1536	156
2	1536	493
2	1537	438
2	1537	810
2	1538	567
2	1539	100
2	1539	506
2	1539	984
2	1541	303
2	1541	624
2	1542	15
2	1542	684
2	1543	41
2	1543	474
2	1543	593
2	1544	409
2	1545	162
2	1545	330
2	1546	58
2	1546	365
2	1546	638
2	1547	415
2	1549	802
2	1550	109
2	1550	412
2	1551	314
2	1552	955
2	1553	541
2	1556	80
2	1556	229
2	1556	795
2	1556	827
2	1557	3
2	1558	689
2	1559	530
2	1559	879
2	1561	915
2	1562	472
2	1562	680
2	1563	231
2	1565	495
2	1566	627
2	1567	835
2	1568	939
2	1569	528
2	1570	304
2	1571	1
2	1571	522
2	1572	550
2	1572	857
2	1572	979
2	1573	561
2	1573	687
2	1574	257
2	1574	258
2	1575	225
2	1576	749
2	1577	510
2	1577	688
2	1578	544
2	1578	772
2	1579	782
2	1580	286
2	1581	591
2	1583	367
2	1584	196
2	1584	830
2	1584	908
2	1585	799
2	1586	140
2	1586	539
2	1591	48
2	1591	181
2	1594	85
2	1594	443
2	1595	34
2	1595	64
2	1595	106
2	1595	353
2	1595	386
2	1595	410
2	1595	417
2	1597	179
2	1597	370
2	1598	82
2	1599	912
2	1600	212
2	1600	713
2	1602	368
2	1603	891
2	1604	855
2	1605	617
2	1606	642
2	1606	672
2	1609	770
2	1610	404
2	1611	183
2	1612	137
2	1613	668
2	1614	566
2	1615	650
2	1615	721
2	1616	293
2	1616	998
2	1617	350
2	1618	696
2	1618	744
2	1619	57
2	1620	44
2	1621	337
2	1621	896
2	1622	743
2	1623	355
2	1623	764
2	1624	88
2	1624	869
2	1625	465
2	1625	507
2	1626	997
2	1628	95
2	1628	425
2	1629	20
2	1629	719
2	1630	389
2	1632	301
2	1632	327
2	1632	349
2	1633	312
2	1634	575
2	1634	724
2	1635	84
2	1635	458
2	1635	571
2	1636	604
2	1636	609
2	1637	412
2	1637	959
2	1638	125
2	1638	661
2	1639	261
2	1639	582
2	1640	683
2	1641	126
2	1641	439
2	1641	590
2	1645	247
2	1646	206
2	1646	334
2	1646	698
2	1647	224
2	1647	752
2	1647	759
2	1647	767
2	1649	194
2	1649	722
2	1650	146
2	1650	241
2	1650	390
2	1650	864
2	1651	24
2	1652	351
2	1653	215
2	1654	555
2	1655	556
2	1655	608
2	1656	271
2	1657	416
2	1657	779
2	1657	814
2	1658	363
2	1659	331
2	1659	649
2	1659	877
2	1660	797
2	1662	620
2	1663	322
2	1663	656
2	1663	702
2	1664	537
2	1664	748
2	1665	372
2	1665	588
2	1665	648
2	1665	720
2	1666	728
2	1667	598
2	1668	72
2	1669	265
2	1670	107
2	1671	948
2	1672	239
2	1672	242
2	1672	915
2	1672	923
2	1674	111
2	1674	132
2	1674	223
2	1674	377
2	1675	418
2	1675	504
2	1676	585
2	1677	182
2	1678	8
2	1678	965
2	1680	715
2	1681	193
2	1682	123
2	1682	520
2	1683	199
2	1683	896
2	1684	94
2	1686	159
2	1686	497
2	1689	248
2	1690	463
2	1691	90
2	1691	512
2	1692	26
2	1692	281
2	1692	475
2	1696	451
2	1696	480
2	1696	740
2	1699	402
2	1699	434
2	1699	490
2	1700	848
2	1700	950
2	1701	136
2	1705	150
2	1705	496
2	1706	437
2	1707	427
2	1708	77
2	1708	134
2	1708	569
2	1710	100
2	1710	178
2	1710	976
2	1712	232
2	1712	345
2	1712	646
2	1713	7
2	1713	771
2	1714	633
2	1715	233
2	1715	277
2	1715	793
2	1717	74
2	1717	315
2	1717	485
2	1719	298
2	1719	829
2	1719	988
2	1721	76
2	1721	216
2	1723	208
2	1723	385
2	1723	423
2	1723	436
2	1723	694
2	1724	790
2	1724	982
2	1726	503
2	1726	533
2	1726	794
2	1727	129
2	1727	658
2	1729	479
2	1730	310
2	1731	187
2	1732	421
2	1732	913
2	1733	59
2	1733	112
2	1734	214
2	1734	313
2	1734	756
2	1735	47
2	1735	602
2	1736	64
2	1736	622
2	1737	157
2	1738	207
2	1741	209
2	1741	637
2	1741	766
2	1742	810
2	1744	909
2	1745	55
2	1745	678
2	1747	19
2	1747	670
2	1747	738
2	1747	979
2	1749	11
2	1749	564
2	1751	625
2	1751	828
2	1752	109
2	1752	177
2	1752	287
2	1752	755
2	1752	891
2	1753	131
2	1753	391
2	1753	776
2	1755	130
2	1755	600
2	1755	985
2	1759	907
2	1760	510
2	1762	27
2	1762	179
2	1766	446
2	1766	653
2	1766	655
2	1767	432
2	1767	645
2	1767	781
2	1770	672
2	1771	632
2	1772	164
2	1772	557
2	1773	5
2	1773	444
2	1773	837
2	1774	778
2	1775	314
2	1775	761
2	1776	342
2	1777	346
2	1777	544
2	1778	339
2	1778	362
2	1779	166
2	1779	565
2	1780	276
2	1782	476
2	1783	152
2	1783	312
2	1784	384
2	1785	151
2	1785	222
2	1785	306
2	1787	2
2	1787	430
2	1788	114
2	1788	553
2	1790	57
2	1791	50
2	1791	526
2	1791	924
2	1792	22
2	1792	998
2	1794	203
2	1794	206
2	1794	665
2	1794	966
2	1795	44
2	1795	392
2	1795	523
2	1798	506
2	1799	89
2	1799	196
2	1800	158
2	1801	787
2	1802	197
2	1805	25
2	1805	224
2	1805	898
2	1807	718
2	1809	399
2	1809	541
2	1810	118
2	1810	687
2	1811	607
2	1812	106
2	1812	142
2	1814	513
2	1815	417
2	1818	45
2	1818	167
2	1818	862
2	1819	8
2	1819	204
2	1820	81
2	1820	652
2	1820	784
2	1823	201
2	1823	641
2	1823	863
2	1827	916
2	1828	374
2	1828	402
2	1829	865
2	1830	465
2	1830	777
2	1831	297
2	1831	347
2	1831	604
2	1831	835
2	1834	318
2	1835	183
2	1835	377
2	1836	768
2	1839	423
2	1842	717
2	1844	71
2	1846	735
2	1847	101
2	1847	137
2	1849	509
2	1849	627
2	1849	870
2	1849	943
2	1850	228
2	1850	243
2	1854	97
2	1854	473
2	1856	713
2	1857	6
2	1858	254
2	1858	294
2	1859	236
2	1859	303
2	1859	597
2	1860	614
2	1861	175
2	1862	996
2	1863	146
2	1863	900
2	1864	613
2	1864	820
2	1865	266
2	1868	63
2	1868	105
2	1868	162
2	1868	288
2	1868	366
2	1868	467
2	1869	144
2	1869	661
2	1871	545
2	1871	892
2	1872	390
2	1872	880
2	1873	692
2	1874	356
2	1875	580
2	1876	247
2	1876	715
2	1878	842
2	1879	780
2	1880	578
2	1880	810
2	1882	216
2	1882	982
2	1883	10
2	1885	536
2	1885	639
2	1886	74
2	1886	322
2	1889	468
2	1891	408
2	1891	744
2	1892	120
2	1893	220
2	1893	262
2	1894	486
2	1894	913
2	1895	195
2	1896	794
2	1897	358
2	1898	585
2	1899	934
2	1901	335
2	1902	656
2	1903	573
2	1904	675
2	1905	405
2	1905	576
2	1907	395
2	1908	147
2	1908	261
2	1908	363
2	1909	364
2	1910	54
2	1911	454
2	1911	860
2	1912	284
2	1913	14
2	1913	270
2	1913	529
2	1916	53
2	1916	633
2	1916	638
2	1916	911
2	1918	830
2	1920	340
2	1920	426
2	1920	634
2	1920	695
2	1920	821
2	1920	877
2	1920	915
2	1920	947
2	1921	209
2	1921	701
2	1925	398
2	1925	448
2	1925	787
2	1926	960
2	1926	965
2	1927	127
2	1927	414
2	1927	525
2	1927	556
2	1927	833
2	1928	255
2	1929	724
2	1930	459
2	1930	607
2	1930	610
2	1931	218
2	1931	361
2	1932	15
2	1932	350
2	1932	477
2	1933	24
2	1933	145
2	1933	357
2	1933	603
2	1933	703
2	1934	36
2	1934	434
2	1935	23
2	1936	320
2	1936	707
2	1937	949
2	1938	298
2	1938	415
2	1939	113
2	1939	984
2	1940	49
2	1940	354
2	1940	620
2	1940	631
2	1940	725
2	1941	276
2	1941	321
2	1942	135
2	1942	269
2	1943	223
2	1944	238
2	1944	844
2	1945	44
2	1945	449
2	1945	498
2	1946	90
2	1946	325
2	1946	967
2	1947	501
2	1947	587
2	1948	66
2	1948	140
2	1949	159
2	1951	428
2	1951	886
2	1952	418
2	1952	637
2	1953	479
2	1955	582
2	1955	704
2	1956	553
2	1957	716
2	1957	800
2	1958	27
2	1958	299
2	1958	776
2	1958	795
2	1959	539
2	1959	801
2	1960	227
2	1961	647
2	1962	711
2	1964	128
2	1964	277
2	1964	503
2	1964	766
2	1967	581
2	1968	124
2	1970	980
2	1971	372
2	1972	916
2	1973	988
2	1974	700
2	1975	548
2	1975	691
2	1977	337
2	1977	466
2	1979	157
2	1980	458
2	1981	35
2	1981	40
2	1981	863
2	1982	170
2	1982	297
2	1982	508
2	1982	664
2	1982	764
2	1985	43
2	1985	275
2	1986	788
2	1986	900
2	1987	514
2	1987	754
2	1987	904
2	1989	544
2	1989	611
2	1991	797
2	1991	944
2	1992	341
2	1992	830
2	1993	283
2	1993	689
2	1996	740
2	1997	50
2	1997	328
2	1997	403
2	1998	51
2	1998	619
2	1999	169
2	2001	191
2	2001	885
2	2004	85
2	2004	134
2	2004	376
2	2005	397
2	2005	840
2	2006	211
2	2006	230
2	2006	742
2	2007	108
2	2007	278
2	2008	96
2	2008	330
2	2008	654
2	2009	567
2	2010	4
2	2011	111
2	2011	143
2	2011	547
2	2012	125
2	2012	282
2	2012	751
2	2013	212
2	2013	493
2	2013	939
2	2014	2
2	2015	172
2	2015	709
2	2016	294
2	2016	778
2	2016	789
2	2016	807
2	2017	352
2	2019	319
2	2020	725
2	2020	759
2	2021	103
2	2021	345
2	2021	652
2	2021	737
2	2022	590
2	2023	524
2	2023	763
2	2023	995
2	2025	268
2	2025	446
2	2025	773
2	2027	112
2	2028	182
2	2028	575
2	2028	576
2	2028	770
2	2029	550
2	2032	19
2	2035	153
2	2035	310
2	2035	381
2	2035	494
2	2035	657
2	2036	193
2	2037	63
2	2037	164
2	2038	471
2	2038	580
2	2039	557
2	2039	771
2	2040	765
2	2040	791
2	2042	243
2	2043	409
2	2044	522
2	2044	606
2	2044	865
2	2045	455
2	2045	796
2	2045	841
2	2046	588
2	2046	653
2	2046	906
2	2049	71
2	2051	215
2	2051	271
2	2051	353
2	2051	719
2	2053	932
2	2057	559
2	2058	348
2	2059	10
2	2059	22
2	2059	189
2	2060	347
2	2061	584
2	2061	638
2	2062	706
2	2063	286
2	2064	535
2	2064	722
2	2065	699
2	2065	767
2	2066	570
2	2066	768
2	2068	323
2	2069	305
2	2069	552
2	2070	239
2	2070	285
2	2070	308
2	2070	534
2	2071	549
2	2074	386
2	2074	429
2	2075	675
2	2077	34
2	2077	65
2	2077	149
2	2079	602
2	2079	617
2	2081	100
2	2081	151
2	2081	333
2	2081	433
2	2081	993
2	2083	174
2	2084	49
2	2084	54
2	2084	181
2	2084	537
2	2085	701
2	2085	718
2	2086	411
2	2086	924
2	2087	78
2	2087	927
2	2088	64
2	2089	758
2	2090	793
2	2091	710
2	2092	252
2	2092	459
2	2092	683
2	2093	9
2	2093	467
2	2096	622
2	2097	25
2	2097	536
2	2097	744
2	2098	390
2	2101	317
2	2101	358
2	2101	491
2	2101	897
2	2102	98
2	2102	846
2	2102	882
2	2103	336
2	2103	437
2	2103	834
2	2104	81
2	2105	877
2	2106	627
2	2108	371
2	2108	410
2	2108	545
2	2108	936
2	2109	32
2	2111	679
2	2112	83
2	2113	93
2	2114	225
2	2114	373
2	2114	914
2	2115	89
2	2115	109
2	2115	392
2	2115	982
2	2118	17
2	2118	251
2	2119	312
2	2119	551
2	2119	823
2	2120	626
2	2120	841
2	2122	130
2	2122	477
2	2123	772
2	2123	931
2	2124	367
2	2125	33
2	2125	378
2	2125	620
2	2126	404
2	2127	288
2	2127	528
2	2128	565
2	2130	728
2	2131	14
2	2131	104
2	2131	258
2	2131	464
2	2132	163
2	2132	185
2	2132	232
2	2133	684
2	2133	961
2	2133	976
2	2134	57
2	2134	654
2	2136	145
2	2136	495
2	2136	887
2	2137	115
2	2137	303
2	2139	480
2	2139	677
2	2139	835
2	2140	179
2	2140	520
2	2141	126
2	2141	616
2	2142	132
2	2142	150
2	2142	621
2	2142	663
2	2143	7
2	2143	30
2	2143	55
2	2144	155
2	2144	161
2	2144	370
2	2144	521
2	2144	921
2	2146	195
2	2147	191
2	2147	277
2	2148	448
2	2148	766
2	2149	152
2	2149	167
2	2149	482
2	2150	62
2	2150	384
2	2151	222
2	2151	259
2	2153	399
2	2153	540
2	2155	61
2	2156	361
2	2156	665
2	2157	334
2	2158	80
2	2158	221
2	2158	603
2	2158	752
2	2160	121
2	2160	329
2	2160	344
2	2162	5
2	2162	290
2	2164	297
2	2165	79
2	2165	457
2	2165	671
2	2166	374
2	2166	546
2	2167	350
2	2168	302
2	2168	980
2	2170	56
2	2171	287
2	2171	632
2	2173	108
2	2174	533
2	2174	892
2	2175	586
2	2175	839
2	2176	368
2	2176	636
2	2176	974
2	2177	178
2	2179	862
2	2179	900
2	2180	510
2	2181	430
2	2182	475
2	2184	844
2	2185	337
2	2185	668
2	2187	692
2	2188	35
2	2188	84
2	2188	309
2	2188	326
2	2189	474
2	2190	137
2	2190	213
2	2191	924
2	2192	27
2	2192	209
2	2193	783
2	2196	238
2	2196	573
2	2197	216
2	2197	284
2	2197	488
2	2197	662
2	2199	106
2	2200	413
2	2200	769
2	2201	672
2	2202	142
2	2204	254
2	2204	615
2	2206	524
2	2207	224
2	2209	398
2	2210	207
2	2210	517
2	2211	483
2	2211	499
2	2212	963
2	2213	147
2	2213	739
2	2214	165
2	2215	379
2	2215	734
2	2218	211
2	2219	445
2	2220	732
2	2221	423
2	2221	866
2	2226	934
2	2227	516
2	2228	74
2	2229	490
2	2229	995
2	2230	256
2	2230	646
2	2230	851
2	2230	998
2	2231	110
2	2231	140
2	2231	188
2	2231	264
2	2231	735
2	2232	387
2	2233	198
2	2234	304
2	2235	549
2	2235	738
2	2237	505
2	2237	514
2	2238	942
2	2239	396
2	2239	563
2	2239	675
2	2240	443
2	2240	855
2	2241	491
2	2243	606
2	2244	173
2	2244	391
2	2245	205
2	2245	406
2	2245	567
2	2247	40
2	2247	339
2	2247	541
2	2248	21
2	2248	136
2	2250	138
2	2250	315
2	2250	814
2	2251	523
2	2251	555
2	2251	813
2	2252	593
2	2252	660
2	2253	223
2	2253	955
2	2255	547
2	2256	921
2	2257	59
2	2257	246
2	2257	306
2	2257	333
2	2257	560
2	2257	631
2	2258	149
2	2258	295
2	2258	614
2	2258	917
2	2259	194
2	2259	367
2	2259	653
2	2259	721
2	2259	773
2	2260	570
2	2260	695
2	2260	785
2	2262	340
2	2262	465
2	2262	476
2	2262	902
2	2263	263
2	2264	168
2	2264	701
2	2265	88
2	2266	579
2	2266	763
2	2266	943
2	2267	212
2	2267	611
2	2268	324
2	2268	700
2	2269	590
2	2270	559
2	2271	731
2	2271	968
2	2272	204
2	2273	760
2	2274	487
2	2276	167
2	2277	580
2	2277	784
2	2278	341
2	2278	498
2	2279	177
2	2284	266
2	2284	444
2	2284	507
2	2285	347
2	2286	375
2	2286	597
2	2286	616
2	2286	844
2	2287	459
2	2287	551
2	2287	686
2	2289	311
2	2289	553
2	2290	384
2	2291	322
2	2292	659
2	2293	10
2	2295	440
2	2295	628
2	2298	446
2	2299	467
2	2301	458
2	2301	512
2	2301	747
2	2302	680
2	2304	122
2	2304	355
2	2304	552
2	2304	702
2	2304	906
2	2306	214
2	2307	95
2	2308	690
2	2308	729
2	2308	867
2	2309	281
2	2310	575
2	2311	66
2	2313	23
2	2313	581
2	2314	360
2	2314	525
2	2315	313
2	2315	504
2	2315	824
2	2316	217
2	2316	247
2	2317	438
2	2317	492
2	2317	870
2	2318	39
2	2318	699
2	2320	139
2	2320	272
2	2320	880
2	2321	299
2	2321	636
2	2322	36
2	2322	255
2	2322	842
2	2323	619
2	2324	651
2	2324	957
2	2325	596
2	2325	843
2	2326	61
2	2326	664
2	2327	31
2	2328	796
2	2330	5
2	2331	243
2	2331	271
2	2333	4
2	2333	953
2	2334	69
2	2334	641
2	2334	751
2	2335	740
2	2336	16
2	2338	230
2	2338	761
2	2338	829
2	2339	550
2	2340	840
2	2341	121
2	2341	439
2	2344	180
2	2344	394
2	2344	780
2	2345	493
2	2346	134
2	2347	336
2	2347	656
2	2349	206
2	2350	421
2	2350	675
2	2352	75
2	2352	853
2	2353	259
2	2353	267
2	2353	382
2	2353	508
2	2353	685
2	2354	834
2	2355	688
2	2356	400
2	2358	166
2	2359	770
2	2359	804
2	2360	537
2	2361	886
2	2362	90
2	2362	716
2	2362	989
2	2363	119
2	2363	366
2	2364	237
2	2365	952
2	2367	610
2	2370	939
2	2371	830
2	2372	172
2	2372	472
2	2373	923
2	2374	183
2	2376	348
2	2378	759
2	2380	251
2	2380	960
2	2382	742
2	2382	988
2	2383	353
2	2384	970
2	2385	225
2	2385	289
2	2385	484
2	2386	282
2	2386	395
2	2386	825
2	2388	374
2	2388	876
2	2389	292
2	2390	278
2	2390	574
2	2391	559
2	2393	949
2	2395	999
2	2396	254
2	2396	772
2	2397	707
2	2398	226
2	2400	657
2	2400	872
2	2401	565
2	2402	19
2	2402	320
2	2402	762
2	2403	319
2	2403	570
2	2404	93
2	2404	713
2	2407	696
2	2408	386
2	2408	923
2	2409	414
2	2410	532
2	2411	190
2	2411	626
2	2412	191
2	2413	350
2	2413	383
2	2414	497
2	2415	195
2	2415	270
2	2415	345
2	2415	547
2	2415	791
2	2416	144
2	2417	126
2	2418	355
2	2418	511
2	2418	571
2	2419	224
2	2420	495
2	2420	515
2	2421	727
2	2421	789
2	2423	98
2	2424	950
2	2424	979
2	2425	262
2	2425	556
2	2425	734
2	2425	855
2	2425	931
2	2428	1
2	2428	222
2	2428	718
2	2429	477
2	2431	165
2	2433	428
2	2433	744
2	2434	21
2	2434	726
2	2435	78
2	2435	115
2	2435	533
2	2436	20
2	2437	155
2	2438	311
2	2439	83
2	2439	343
2	2439	942
2	2441	779
2	2442	265
2	2443	97
2	2445	33
2	2447	377
2	2449	189
2	2449	302
2	2449	671
2	2450	104
2	2450	399
2	2450	887
2	2453	268
2	2454	316
2	2455	763
2	2456	560
2	2457	859
2	2458	86
2	2460	307
2	2461	146
2	2461	238
2	2462	683
2	2462	758
2	2468	663
2	2468	825
2	2469	619
2	2470	409
2	2472	161
2	2472	181
2	2472	349
2	2475	44
2	2476	314
2	2476	474
2	2477	438
2	2477	774
2	2478	972
2	2479	476
2	2479	958
2	2481	934
2	2482	898
2	2484	243
2	2485	540
2	2485	874
2	2487	443
2	2487	964
2	2488	263
2	2488	745
2	2489	985
2	2490	406
2	2490	950
2	2492	133
2	2493	234
2	2494	364
2	2495	824
2	2495	832
2	2496	837
2	2497	15
2	2497	62
2	2498	984
2	2499	487
2	2500	448
2	2501	870
2	2503	956
2	2504	27
2	2504	439
2	2506	831
2	2507	159
2	2507	388
2	2510	192
2	2510	361
2	2511	108
2	2512	819
2	2514	50
2	2515	674
2	2515	902
2	2516	668
2	2516	850
2	2516	980
2	2517	524
2	2518	129
2	2518	247
2	2518	717
2	2518	738
2	2518	894
2	2519	301
2	2519	804
2	2519	938
2	2520	906
2	2521	693
2	2522	10
2	2522	401
2	2524	755
2	2525	315
2	2527	11
2	2527	393
2	2527	754
2	2529	607
2	2529	737
2	2530	822
2	2531	488
2	2531	697
2	2532	37
2	2532	397
2	2532	402
2	2533	650
2	2533	706
2	2534	142
2	2535	214
2	2535	440
2	2535	502
2	2536	658
2	2536	821
2	2537	164
2	2537	649
2	2538	103
2	2539	725
2	2540	447
2	2540	765
2	2541	85
2	2541	597
2	2542	324
2	2543	506
2	2543	714
2	2544	337
2	2544	360
2	2544	655
2	2546	847
2	2547	288
2	2547	382
2	2547	651
2	2547	669
2	2547	679
2	2548	446
2	2548	728
2	2549	196
2	2550	248
2	2550	824
2	2551	505
2	2552	352
2	2552	626
2	2552	734
2	2554	661
2	2555	232
2	2555	261
2	2555	290
2	2555	362
2	2557	124
2	2557	334
2	2557	473
2	2557	841
2	2558	445
2	2558	722
2	2558	817
2	2559	832
2	2560	559
2	2562	149
2	2563	207
2	2563	698
2	2565	403
2	2565	461
2	2565	831
2	2566	116
2	2567	389
2	2567	724
2	2569	434
2	2571	811
2	2573	711
2	2574	274
2	2574	368
2	2574	773
2	2576	436
2	2576	761
2	2577	601
2	2578	137
2	2578	373
2	2579	394
2	2580	55
2	2580	367
2	2580	610
2	2580	808
2	2582	576
2	2583	997
2	2584	30
2	2584	148
2	2585	412
2	2585	539
2	2585	909
2	2586	525
2	2587	672
2	2587	978
2	2588	351
2	2589	659
2	2590	718
2	2593	235
2	2594	278
2	2594	967
2	2595	277
2	2595	423
2	2595	637
2	2596	211
2	2597	273
2	2597	944
2	2598	499
2	2599	92
2	2599	569
2	2600	793
2	2600	801
2	2601	355
2	2602	70
2	2602	141
2	2603	691
2	2604	921
2	2606	398
2	2606	410
2	2606	562
2	2607	493
2	2608	310
2	2609	371
2	2610	224
2	2610	736
2	2611	654
2	2612	233
2	2612	346
2	2612	495
2	2614	246
2	2614	320
2	2614	677
2	2615	119
2	2616	260
2	2616	744
2	2617	643
2	2617	798
2	2618	425
2	2618	500
2	2618	567
2	2619	93
2	2619	537
2	2620	228
2	2620	633
2	2621	563
2	2621	612
2	2622	181
2	2622	575
2	2622	594
2	2622	635
2	2623	386
2	2623	460
2	2623	584
2	2624	39
2	2624	74
2	2624	391
2	2624	418
2	2624	699
2	2625	35
2	2625	439
2	2626	80
2	2626	306
2	2626	466
2	2626	666
2	2626	992
2	2628	221
2	2628	231
2	2628	266
2	2628	330
2	2629	23
2	2629	237
2	2629	300
2	2630	617
2	2630	833
2	2630	917
2	2631	801
2	2632	46
2	2632	814
2	2633	229
2	2633	812
2	2633	840
2	2635	242
2	2636	730
2	2637	383
2	2637	827
2	2637	849
2	2637	887
2	2637	969
2	2638	620
2	2639	514
2	2640	26
2	2640	143
2	2640	687
2	2640	940
2	2641	219
2	2641	435
2	2642	852
2	2644	846
2	2645	462
2	2645	791
2	2646	582
2	2646	644
2	2647	941
2	2648	686
2	2650	58
2	2650	318
2	2650	385
2	2650	565
2	2650	731
2	2651	140
2	2651	605
2	2652	356
2	2652	507
2	2653	164
2	2653	555
2	2653	578
2	2654	156
2	2656	9
2	2656	253
2	2656	420
2	2657	208
2	2657	342
2	2657	689
2	2658	175
2	2658	450
2	2658	521
2	2659	378
2	2659	627
2	2660	212
2	2660	662
2	2660	716
2	2661	415
2	2661	932
2	2662	244
2	2663	422
2	2663	431
2	2664	675
2	2664	738
2	2665	494
2	2665	792
2	2665	875
2	2666	459
2	2666	465
2	2666	648
2	2666	771
2	2667	449
2	2667	468
2	2667	774
2	2668	690
2	2668	895
2	2669	737
2	2670	947
2	2670	952
2	2671	289
2	2671	558
2	2673	192
2	2673	283
2	2673	788
2	2674	84
2	2674	323
2	2676	165
2	2676	673
2	2678	417
2	2679	146
2	2679	366
2	2679	545
2	2680	245
2	2680	853
2	2681	8
2	2681	352
2	2681	991
2	2683	829
2	2684	298
2	2685	504
2	2685	639
2	2686	446
2	2687	190
2	2688	586
2	2689	343
2	2691	942
2	2691	980
2	2693	331
2	2694	162
2	2694	384
2	2696	725
2	2697	395
2	2697	776
2	2698	110
2	2698	717
2	2698	760
2	2699	302
2	2699	615
2	2699	1000
2	2701	606
2	2703	963
2	2704	4
2	2704	27
2	2704	163
2	2706	150
2	2706	490
2	2707	509
2	2708	613
2	2708	631
2	2710	647
2	2711	89
2	2711	992
2	2713	861
2	2714	540
2	2714	625
2	2715	414
2	2716	693
2	2716	984
2	2717	104
2	2717	823
2	2717	837
2	2718	971
2	2719	885
2	2720	341
2	2720	513
2	2721	195
2	2721	630
2	2722	305
2	2722	407
2	2724	12
2	2725	135
2	2726	206
2	2727	753
2	2728	976
2	2730	118
2	2731	550
2	2732	506
2	2732	824
2	2733	732
2	2734	185
2	2737	657
2	2738	891
2	2740	294
2	2740	772
2	2742	442
2	2743	698
2	2743	707
2	2744	247
2	2745	488
2	2746	88
2	2747	157
2	2747	216
2	2748	752
2	2748	783
2	2748	892
2	2749	186
2	2749	210
2	2750	86
2	2750	160
2	2750	213
2	2750	518
2	2750	629
2	2752	124
2	2752	351
2	2752	620
2	2753	339
2	2754	55
2	2754	194
2	2756	576
2	2756	667
2	2757	377
2	2757	399
2	2758	650
2	2759	314
2	2759	786
2	2760	582
2	2760	768
2	2761	249
2	2764	31
2	2764	526
2	2765	7
2	2766	255
2	2766	436
2	2767	50
2	2767	614
2	2767	708
2	2768	313
2	2768	808
2	2770	23
2	2771	16
2	2771	138
2	2772	485
2	2773	64
2	2773	670
2	2774	34
2	2774	394
2	2775	174
2	2776	308
2	2777	939
2	2778	67
2	2778	511
2	2778	626
2	2780	1
2	2781	684
2	2781	897
2	2782	282
2	2782	637
2	2783	203
2	2783	608
2	2784	520
2	2786	344
2	2788	115
2	2788	779
2	2789	345
2	2789	764
2	2791	742
2	2792	183
2	2792	433
2	2792	560
2	2792	676
2	2793	276
2	2793	444
2	2793	564
2	2794	18
2	2794	41
2	2794	125
2	2794	456
2	2796	559
2	2797	573
2	2797	581
2	2798	299
2	2798	607
2	2799	71
2	2799	567
2	2799	800
2	2799	826
2	2799	880
2	2800	374
2	2800	443
2	2802	100
2	2802	955
2	2803	199
2	2803	383
2	2803	758
2	2804	226
2	2804	563
2	2805	735
2	2806	309
2	2806	604
2	2806	836
2	2807	122
2	2807	410
2	2808	120
2	2808	468
2	2809	156
2	2809	859
2	2810	470
2	2811	596
2	2813	230
2	2814	217
2	2814	315
2	2815	46
2	2815	689
2	2816	592
2	2819	473
2	2819	675
2	2819	696
2	2820	155
2	2820	865
2	2822	142
2	2822	784
2	2823	202
2	2825	992
2	2827	801
2	2828	170
2	2829	474
2	2829	562
2	2831	538
2	2831	791
2	2833	907
2	2834	733
2	2835	413
2	2837	382
2	2838	253
2	2840	705
2	2840	761
2	2840	958
2	2841	121
2	2842	149
2	2843	548
2	2844	359
2	2846	402
2	2846	551
2	2846	638
2	2846	724
2	2847	460
2	2850	682
2	2852	605
2	2852	726
2	2853	270
2	2854	855
2	2855	546
2	2856	480
2	2856	503
2	2857	189
2	2858	915
2	2859	91
2	2859	97
2	2859	243
2	2860	982
2	2861	632
2	2863	48
2	2864	895
2	2867	184
2	2868	287
2	2868	662
2	2868	799
2	2869	432
2	2869	929
2	2870	58
2	2870	206
2	2870	364
2	2871	600
2	2877	38
2	2877	205
2	2878	782
2	2879	316
2	2879	437
2	2880	424
2	2881	171
2	2881	397
2	2882	884
2	2883	73
2	2883	392
2	2884	921
2	2885	322
2	2885	343
2	2886	128
2	2886	237
2	2886	501
2	2886	730
2	2888	269
2	2888	928
2	2890	64
2	2890	627
2	2891	68
2	2891	103
2	2892	78
2	2892	942
2	2893	263
2	2894	479
2	2894	486
2	2895	29
2	2895	368
2	2895	621
2	2897	338
2	2897	586
2	2897	967
2	2899	179
2	2901	285
2	2902	229
2	2902	750
2	2903	641
2	2903	734
2	2903	745
2	2904	839
2	2906	441
2	2907	246
2	2907	532
2	2909	63
2	2909	431
2	2909	748
2	2911	252
2	2912	757
2	2913	107
2	2913	525
2	2914	32
2	2914	37
2	2914	796
2	2916	310
2	2916	412
2	2916	419
2	2917	198
2	2918	688
2	2918	703
2	2919	4
2	2920	131
2	2921	654
2	2922	417
2	2922	681
2	2923	173
2	2923	691
2	2924	421
2	2924	838
2	2925	159
2	2925	579
2	2927	409
2	2927	945
2	2928	738
2	2929	297
2	2930	558
2	2931	446
2	2934	195
2	2935	31
2	2935	273
2	2936	83
2	2937	715
2	2939	276
2	2940	553
2	2941	622
2	2942	549
2	2942	873
2	2943	135
2	2943	389
2	2944	816
2	2945	93
2	2945	223
2	2945	356
2	2946	52
2	2946	595
2	2947	574
2	2948	92
2	2949	461
2	2950	203
2	2950	327
2	2951	590
2	2951	979
2	2952	239
2	2952	495
2	2952	780
2	2952	800
2	2952	812
2	2954	646
2	2954	653
2	2956	385
2	2957	245
2	2958	130
2	2958	760
2	2959	542
2	2960	85
2	2960	416
2	2961	965
2	2963	395
2	2965	324
2	2966	242
2	2966	645
2	2970	19
2	2970	167
2	2972	929
2	2973	793
2	2974	320
2	2974	439
2	2974	488
2	2975	41
2	2975	87
2	2976	472
2	2977	65
2	2977	886
2	2978	399
2	2981	544
2	2982	696
2	2982	810
2	2983	213
2	2983	528
2	2984	129
2	2984	616
2	2987	74
2	2987	284
2	2987	644
2	2990	406
2	2991	150
2	2992	404
2	2993	493
2	2993	496
2	2993	661
2	2993	752
2	2994	211
2	2994	476
2	2994	964
2	2995	119
2	2995	387
2	2995	591
2	2995	770
2	2997	640
2	2997	755
2	2998	943
2	2999	352
2	2999	849
2	3001	294
2	3002	506
2	3002	717
2	3005	114
2	3005	286
2	3005	515
2	3005	658
2	3006	367
2	3007	489
2	3007	935
2	3008	326
2	3009	891
2	3010	275
2	3010	543
2	3015	95
2	3015	250
2	3017	739
2	3017	766
2	3018	957
2	3019	353
2	3020	686
2	3021	468
2	3021	705
2	3022	501
2	3022	540
2	3023	24
2	3023	634
2	3023	951
2	3025	524
2	3025	618
2	3026	148
2	3027	121
2	3027	424
2	3028	435
2	3028	510
2	3028	514
2	3028	570
2	3029	642
2	3030	55
2	3033	80
2	3033	321
2	3033	342
2	3033	430
2	3033	783
2	3034	411
2	3034	626
2	3035	354
2	3036	18
2	3036	197
2	3036	880
2	3036	971
2	3038	988
2	3040	61
2	3040	555
2	3041	396
2	3041	546
2	3041	906
2	3042	369
2	3042	896
2	3043	295
2	3044	291
2	3044	311
2	3044	487
2	3045	467
2	3046	249
2	3046	289
2	3048	836
2	3049	17
2	3050	264
2	3050	659
2	3052	236
2	3053	754
2	3054	46
2	3055	669
2	3055	737
2	3055	772
2	3057	349
2	3058	457
2	3058	682
2	3059	194
2	3059	196
2	3061	136
2	3061	341
2	3062	422
2	3062	706
2	3062	937
2	3063	530
2	3063	837
2	3064	280
2	3066	334
2	3066	958
2	3067	447
2	3068	884
2	3071	143
2	3071	164
2	3071	332
2	3071	891
2	3072	32
2	3074	328
2	3074	605
2	3074	867
2	3075	261
2	3075	477
2	3075	976
2	3076	198
2	3076	206
2	3077	339
2	3078	29
2	3078	676
2	3080	125
2	3080	363
2	3080	551
2	3080	788
2	3083	554
2	3084	816
2	3085	443
2	3087	727
2	3088	567
2	3089	758
2	3090	654
2	3093	331
2	3094	757
2	3095	70
2	3095	144
2	3096	90
2	3097	633
2	3100	172
2	3101	191
2	3101	246
2	3101	647
2	3102	450
2	3103	281
2	3103	625
2	3104	777
2	3105	978
2	3106	83
2	3107	266
2	3109	673
2	3110	305
2	3110	368
2	3110	768
2	3111	208
2	3111	708
2	3112	571
2	3113	318
2	3113	841
2	3113	934
2	3115	405
2	3117	160
2	3118	7
2	3119	217
2	3119	441
2	3120	445
2	3121	82
2	3121	490
2	3124	683
2	3125	508
2	3126	315
2	3126	882
2	3126	923
2	3127	207
2	3127	365
2	3127	563
2	3127	859
2	3128	702
2	3129	638
2	3129	648
2	3129	780
2	3130	418
2	3130	512
2	3132	933
2	3135	439
2	3136	912
2	3137	183
2	3138	779
2	3139	355
2	3139	674
2	3140	192
2	3140	257
2	3140	312
2	3141	493
2	3142	57
2	3143	374
2	3143	545
2	3143	602
2	3143	764
2	3144	316
2	3145	895
2	3146	719
2	3146	731
2	3147	81
2	3147	251
2	3147	348
2	3147	576
2	3149	215
2	3149	458
2	3149	661
2	3150	120
2	3152	178
2	3153	781
2	3154	132
2	3154	629
2	3156	564
2	3157	997
2	3158	922
2	3159	150
2	3160	298
2	3160	302
2	3163	391
2	3164	102
2	3164	216
2	3165	85
2	3166	429
2	3166	894
2	3167	6
2	3167	307
2	3167	969
2	3168	26
2	3171	323
2	3171	407
2	3171	946
2	3172	250
2	3173	14
2	3173	325
2	3173	375
2	3174	242
2	3174	553
2	3174	919
2	3175	63
2	3175	928
2	3175	999
2	3176	337
2	3176	380
2	3176	409
2	3178	389
2	3178	973
2	3179	165
2	3179	542
2	3179	574
2	3180	201
2	3181	288
2	3181	513
2	3183	536
2	3184	224
2	3184	442
2	3184	704
2	3184	763
2	3184	819
2	3185	930
2	3186	351
2	3186	479
2	3187	631
2	3188	64
2	3189	174
2	3189	188
2	3189	494
2	3190	260
2	3191	283
2	3191	345
2	3191	403
2	3191	562
2	3191	897
2	3192	726
2	3193	873
2	3195	527
2	3195	532
2	3195	886
2	3196	167
2	3197	169
2	3197	570
2	3197	860
2	3198	478
2	3200	457
2	3202	582
2	3202	659
2	3203	44
2	3203	344
2	3205	200
2	3206	816
2	3207	321
2	3207	693
2	3208	43
2	3209	384
2	3210	95
2	3210	309
2	3212	484
2	3212	565
2	3212	616
2	3213	588
2	3213	961
2	3215	784
2	3217	292
2	3217	707
2	3225	452
2	3226	282
2	3227	196
2	3231	203
2	3231	362
2	3231	753
2	3232	293
2	3235	333
2	3236	240
2	3236	291
2	3236	904
2	3237	290
2	3237	340
2	3237	743
2	3238	300
2	3238	360
2	3238	676
2	3238	839
2	3238	866
2	3239	310
2	3239	330
2	3239	421
2	3241	783
2	3242	88
2	3242	209
2	3242	523
2	3242	583
2	3243	722
2	3244	94
2	3244	528
2	3245	591
2	3246	272
2	3246	764
2	3247	40
2	3247	455
2	3248	644
2	3249	416
2	3249	497
2	3249	612
2	3249	827
2	3250	162
2	3252	34
2	3252	262
2	3253	1
2	3255	347
2	3256	718
2	3257	924
2	3257	998
2	3258	905
2	3259	98
2	3259	308
2	3259	675
2	3259	723
2	3259	828
2	3260	89
2	3261	77
2	3261	370
2	3261	467
2	3261	637
2	3262	105
2	3262	411
2	3263	228
2	3265	594
2	3265	997
2	3266	615
2	3267	243
2	3267	842
2	3269	400
2	3269	406
2	3269	636
2	3270	207
2	3270	633
2	3273	3
2	3273	318
2	3275	663
2	3276	524
2	3277	171
2	3279	555
2	3281	9
2	3281	361
2	3281	604
2	3285	504
2	3286	223
2	3287	122
2	3287	714
2	3290	236
2	3290	499
2	3291	271
2	3292	135
2	3293	503
2	3293	569
2	3293	988
2	3294	941
2	3295	619
2	3295	710
2	3295	724
2	3296	382
2	3296	749
2	3296	786
2	3297	720
2	3302	306
2	3302	767
2	3303	160
2	3303	635
2	3304	955
2	3306	739
2	3308	305
2	3309	658
2	3309	762
2	3310	331
2	3310	435
2	3311	111
2	3311	986
2	3312	112
2	3313	776
2	3315	482
2	3316	346
2	3316	387
2	3317	441
2	3320	191
2	3323	544
2	3324	835
2	3326	286
2	3327	571
2	3328	355
2	3331	35
2	3332	285
2	3333	131
2	3333	214
2	3333	901
2	3335	20
2	3336	667
2	3337	953
2	3338	233
2	3338	893
2	3339	727
2	3339	735
2	3340	129
2	3341	39
2	3341	757
2	3342	609
2	3343	829
2	3344	116
2	3345	595
2	3346	189
2	3346	747
2	3347	210
2	3347	329
2	3348	215
2	3348	914
2	3349	795
2	3350	570
2	3351	857
2	3354	785
2	3355	80
2	3355	319
2	3355	918
2	3357	886
2	3358	24
2	3359	13
2	3359	356
2	3359	684
2	3361	157
2	3361	865
2	3362	765
2	3364	559
2	3364	831
2	3364	907
2	3365	31
2	3365	788
2	3365	963
2	3366	158
2	3368	506
2	3369	547
2	3370	143
2	3370	584
2	3370	971
2	3371	859
2	3373	62
2	3373	178
2	3374	282
2	3374	615
2	3377	373
2	3379	179
2	3379	390
2	3379	660
2	3381	365
2	3382	705
2	3382	938
2	3384	218
2	3384	647
2	3385	287
2	3385	725
2	3388	328
2	3389	281
2	3389	349
2	3389	756
2	3389	920
2	3390	266
2	3392	326
2	3394	175
2	3394	311
2	3394	415
2	3394	514
2	3396	202
2	3396	264
2	3396	466
2	3396	526
2	3397	55
2	3397	890
2	3398	407
2	3398	676
2	3400	283
2	3401	551
2	3403	447
2	3403	686
2	3404	645
2	3404	911
2	3405	126
2	3405	164
2	3405	596
2	3405	673
2	3406	655
2	3406	895
2	3407	242
2	3407	451
2	3408	174
2	3408	593
2	3409	668
2	3410	208
2	3410	291
2	3410	357
2	3410	519
2	3411	362
2	3412	209
2	3413	380
2	3413	528
2	3414	746
2	3415	102
2	3415	728
2	3415	841
2	3415	987
2	3416	364
2	3418	614
2	3419	737
2	3421	183
2	3421	400
2	3422	16
2	3422	181
2	3422	302
2	3423	212
2	3423	250
2	3423	269
2	3424	41
2	3424	172
2	3426	108
2	3426	664
2	3426	849
2	3427	334
2	3427	535
2	3428	63
2	3428	273
2	3428	368
2	3428	586
2	3431	377
2	3431	643
2	3431	964
2	3432	159
2	3432	887
2	3433	715
2	3433	864
2	3434	678
2	3434	726
2	3435	548
2	3435	748
2	3436	732
2	3437	813
2	3438	148
2	3438	954
2	3439	352
2	3440	458
2	3441	19
2	3441	309
2	3441	531
2	3442	533
2	3443	146
2	3443	314
2	3443	773
2	3444	704
2	3445	115
2	3445	862
2	3446	221
2	3446	700
2	3446	860
2	3447	861
2	3450	769
2	3451	284
2	3452	410
2	3452	804
2	3453	489
2	3456	644
2	3457	247
2	3457	392
2	3459	67
2	3460	232
2	3460	789
2	3461	901
2	3461	976
2	3462	525
2	3462	576
2	3462	821
2	3463	745
2	3464	530
2	3465	91
2	3465	483
2	3466	50
2	3467	618
2	3468	111
2	3468	395
2	3468	420
2	3468	444
2	3468	457
2	3469	620
2	3469	640
2	3469	978
2	3473	231
2	3473	558
2	3473	617
2	3474	484
2	3474	711
2	3474	754
2	3475	133
2	3475	627
2	3475	891
2	3475	993
2	3478	372
2	3481	433
2	3481	501
2	3482	176
2	3482	246
2	3483	76
2	3483	542
2	3483	780
2	3484	555
2	3486	764
2	3487	952
2	3489	462
2	3491	17
2	3491	210
2	3492	229
2	3492	324
2	3495	766
2	3497	797
2	3501	381
2	3501	572
2	3502	69
2	3503	637
2	3505	540
2	3505	554
2	3509	972
2	3511	656
2	3512	316
2	3512	355
2	3515	594
2	3516	27
2	3516	445
2	3517	670
2	3520	361
2	3521	629
2	3521	886
2	3522	666
2	3522	747
2	3523	727
2	3523	767
2	3524	723
2	3525	417
2	3527	356
2	3527	411
2	3527	660
2	3528	969
2	3529	798
2	3530	196
2	3531	667
2	3531	682
2	3533	862
2	3534	759
2	3534	993
2	3535	566
2	3535	623
2	3536	6
2	3537	153
2	3537	179
2	3537	705
2	3537	992
2	3538	608
2	3539	738
2	3539	843
2	3540	192
2	3542	646
2	3543	145
2	3543	838
2	3544	2
2	3544	93
2	3544	385
2	3546	61
2	3546	98
2	3548	24
2	3548	299
2	3548	942
2	3549	864
2	3550	66
2	3550	142
2	3551	257
2	3551	559
2	3552	228
2	3552	459
2	3553	160
2	3553	248
2	3553	487
2	3553	588
2	3553	777
2	3553	884
2	3554	49
2	3554	999
2	3555	556
2	3556	840
2	3557	25
2	3557	215
2	3557	768
2	3559	915
2	3560	561
2	3561	770
2	3562	80
2	3562	680
2	3563	765
2	3563	934
2	3564	242
2	3564	931
2	3564	956
2	3565	243
2	3565	244
2	3568	632
2	3568	924
2	3569	522
2	3570	271
2	3570	312
2	3570	684
2	3571	486
2	3571	565
2	3573	428
2	3573	813
2	3575	131
2	3575	772
2	3575	781
2	3576	334
2	3576	923
2	3578	651
2	3578	728
2	3579	167
2	3579	858
2	3581	1
2	3581	614
2	3581	690
2	3581	842
2	3581	961
2	3582	784
2	3585	339
2	3587	584
2	3587	701
2	3588	601
2	3590	21
2	3590	281
2	3593	146
2	3594	197
2	3594	504
2	3594	881
2	3596	393
2	3597	444
2	3598	426
2	3600	310
2	3600	713
2	3602	227
2	3602	262
2	3603	890
2	3603	985
2	3604	408
2	3606	518
2	3606	649
2	3607	409
2	3608	517
2	3609	45
2	3609	609
2	3609	714
2	3610	405
2	3611	276
2	3612	75
2	3612	599
2	3612	834
2	3613	209
2	3614	349
2	3614	739
2	3616	378
2	3616	753
2	3617	364
2	3617	440
2	3617	895
2	3618	150
2	3620	425
2	3621	653
2	3621	842
2	3622	22
2	3622	255
2	3622	377
2	3623	164
2	3623	246
2	3624	52
2	3624	778
2	3627	532
2	3627	533
2	3629	515
2	3629	897
2	3630	232
2	3631	592
2	3632	676
2	3632	954
2	3633	159
2	3634	437
2	3635	402
2	3635	473
2	3636	647
2	3637	143
2	3637	994
2	3638	282
2	3639	50
2	3639	725
2	3641	350
2	3641	642
2	3643	33
2	3647	81
2	3647	304
2	3649	30
2	3649	624
2	3651	966
2	3652	736
2	3654	821
2	3655	238
2	3655	800
2	3655	892
2	3656	529
2	3657	370
2	3658	832
2	3660	670
2	3661	343
2	3662	138
2	3662	414
2	3662	520
2	3663	445
2	3664	820
2	3664	837
2	3666	726
2	3667	413
2	3668	132
2	3668	612
2	3668	708
2	3669	828
2	3670	412
2	3671	222
2	3671	672
2	3671	999
2	3672	118
2	3672	469
2	3673	6
2	3674	135
2	3674	191
2	3674	319
2	3675	386
2	3675	415
2	3675	482
2	3676	500
2	3676	745
2	3678	181
2	3678	825
2	3679	591
2	3679	699
2	3680	170
2	3680	732
2	3681	446
2	3682	793
2	3682	947
2	3683	174
2	3683	731
2	3683	857
2	3685	596
2	3686	105
2	3687	724
2	3688	968
2	3689	293
2	3690	102
2	3690	434
2	3691	410
2	3691	616
2	3692	466
2	3692	679
2	3693	499
2	3694	627
2	3695	14
2	3695	65
2	3695	975
2	3698	204
2	3698	931
2	3699	220
2	3699	928
2	3700	376
2	3700	780
2	3701	195
2	3702	432
2	3704	465
2	3705	107
2	3705	121
2	3705	154
2	3705	356
2	3705	742
2	3706	944
2	3710	314
2	3712	798
2	3714	140
2	3715	111
2	3715	213
2	3717	395
2	3718	141
2	3718	452
2	3718	537
2	3721	279
2	3721	797
2	3722	114
2	3725	538
2	3725	744
2	3727	88
2	3727	330
2	3727	337
2	3727	619
2	3727	629
2	3728	240
2	3728	245
2	3728	324
2	3728	554
2	3729	828
2	3731	15
2	3731	75
2	3731	199
2	3732	166
2	3733	339
2	3733	601
2	3733	658
2	3733	723
2	3734	108
2	3734	164
2	3735	144
2	3735	243
2	3735	302
2	3738	183
2	3738	225
2	3738	351
2	3738	636
2	3739	730
2	3739	843
2	3740	313
2	3741	808
2	3742	585
2	3743	221
2	3744	980
2	3745	763
2	3746	451
2	3750	246
2	3750	923
2	3751	149
2	3751	306
2	3751	640
2	3752	109
2	3752	734
2	3752	933
2	3755	413
2	3757	270
2	3758	76
2	3758	113
2	3758	357
2	3759	167
2	3759	387
2	3759	840
2	3760	453
2	3760	464
2	3761	300
2	3761	736
2	3762	73
2	3762	134
2	3762	237
2	3762	411
2	3763	198
2	3763	597
2	3764	227
2	3764	305
2	3764	349
2	3764	477
2	3765	165
2	3765	502
2	3766	287
2	3766	628
2	3766	688
2	3766	868
2	3767	47
2	3767	383
2	3767	713
2	3768	490
2	3768	553
2	3768	586
2	3769	197
2	3769	258
2	3769	394
2	3769	651
2	3770	494
2	3772	64
2	3772	82
2	3772	703
2	3773	172
2	3773	539
2	3774	43
2	3774	208
2	3774	418
2	3774	564
2	3775	272
2	3776	163
2	3776	674
2	3779	150
2	3779	661
2	3780	296
2	3780	505
2	3780	656
2	3781	403
2	3782	130
2	3783	179
2	3785	155
2	3785	215
2	3786	796
2	3786	932
2	3787	210
2	3787	275
2	3787	645
2	3787	771
2	3788	486
2	3789	908
2	3790	126
2	3791	190
2	3793	28
2	3793	448
2	3793	675
2	3794	786
2	3795	778
2	3795	815
2	3796	830
2	3796	924
2	3797	260
2	3798	256
2	3798	590
2	3799	192
2	3799	441
2	3799	581
2	3801	542
2	3802	426
2	3803	400
2	3803	609
2	3804	196
2	3804	434
2	3805	916
2	3806	228
2	3806	696
2	3807	19
2	3808	374
2	3808	522
2	3810	528
2	3810	633
2	3811	55
2	3811	219
2	3813	642
2	3813	858
2	3814	81
2	3814	162
2	3815	516
2	3816	48
2	3817	72
2	3817	250
2	3822	743
2	3822	912
2	3823	10
2	3823	373
2	3823	573
2	3825	429
2	3827	979
2	3830	732
2	3832	360
2	3833	276
2	3833	284
2	3833	621
2	3835	460
2	3835	731
2	3836	295
2	3836	424
2	3837	326
2	3841	77
2	3842	568
2	3843	465
2	3843	571
2	3843	767
2	3843	989
2	3845	369
2	3846	14
2	3846	53
2	3847	735
2	3848	344
2	3849	94
2	3849	203
2	3850	919
2	3851	340
2	3852	188
2	3852	632
2	3854	984
2	3855	226
2	3855	569
2	3856	398
2	3856	906
2	3858	171
2	3860	630
2	3860	749
2	3863	239
2	3863	664
2	3864	254
2	3867	31
2	3867	649
2	3868	517
2	3868	750
2	3870	298
2	3871	146
2	3872	40
2	3873	695
2	3874	36
2	3874	169
2	3875	104
2	3876	499
2	3876	651
2	3877	84
2	3878	224
2	3878	682
2	3880	963
2	3882	322
2	3882	405
2	3882	588
2	3882	945
2	3883	249
2	3883	655
2	3883	781
2	3884	60
2	3885	623
2	3887	654
2	3889	119
2	3889	241
2	3889	343
2	3889	445
2	3890	213
2	3890	371
2	3890	811
2	3891	243
2	3892	636
2	3896	330
2	3896	450
2	3896	892
2	3898	871
2	3899	399
2	3900	631
2	3901	489
2	3902	151
2	3902	393
2	3902	540
2	3902	575
2	3903	120
2	3903	127
2	3903	299
2	3904	225
2	3904	624
2	3905	263
2	3905	550
2	3907	417
2	3907	610
2	3908	617
2	3908	705
2	3910	401
2	3911	111
2	3911	461
2	3912	6
2	3912	153
2	3912	323
2	3912	416
2	3913	634
2	3913	898
2	3914	325
2	3915	874
2	3918	63
2	3918	269
2	3918	383
2	3919	313
2	3919	661
2	3921	65
2	3921	172
2	3921	733
2	3922	190
2	3922	207
2	3923	755
2	3924	3
2	3925	230
2	3925	727
2	3925	766
2	3926	480
2	3928	61
2	3928	315
2	3928	387
2	3929	558
2	3929	815
2	3931	455
2	3932	183
2	3932	259
2	3932	359
2	3933	404
2	3933	509
2	3933	741
2	3934	137
2	3935	336
2	3935	526
2	3938	564
2	3938	603
2	3939	347
2	3939	519
2	3939	787
2	3940	627
2	3940	869
2	3941	264
2	3941	860
2	3942	597
2	3942	702
2	3942	709
2	3944	91
2	3944	365
2	3944	470
2	3945	19
2	3945	214
2	3945	337
2	3946	38
2	3946	179
2	3946	467
2	3948	746
2	3948	816
2	3948	847
2	3950	413
2	3950	757
2	3950	855
2	3950	859
2	3951	599
2	3953	157
2	3953	719
2	3954	553
2	3955	287
2	3955	543
2	3955	914
2	3956	563
2	3957	813
2	3958	75
2	3958	963
2	3959	998
2	3961	620
2	3961	645
2	3962	571
2	3963	367
2	3964	161
2	3964	242
2	3964	688
2	3967	58
2	3969	52
2	3969	88
2	3969	904
2	3970	117
2	3970	797
2	3970	937
2	3971	332
2	3971	463
2	3972	385
2	3974	493
2	3974	660
2	3975	745
2	3976	142
2	3978	828
2	3979	253
2	3979	356
2	3979	798
2	3979	918
2	3980	457
2	3983	106
2	3983	425
2	3984	894
2	3984	970
2	3986	57
2	3986	846
2	3987	27
2	3988	329
2	3988	580
2	3991	476
2	3991	699
2	3992	752
2	3992	895
2	3993	33
2	3993	187
2	3994	534
2	3994	760
2	3994	776
2	3994	947
2	3995	452
2	3995	520
2	3997	729
2	3998	139
2	3998	184
2	4000	730
2	4000	976
2	4001	252
2	4002	67
2	4002	444
2	4002	494
2	4005	867
2	4007	409
2	4007	584
2	4008	201
2	4008	394
2	4008	945
2	4009	514
2	4011	22
2	4011	370
2	4013	141
2	4013	598
2	4014	234
2	4014	432
2	4015	447
2	4016	46
2	4016	79
2	4016	820
2	4016	885
2	4017	855
2	4018	427
2	4020	238
2	4020	869
2	4021	659
2	4021	929
2	4024	152
2	4025	26
2	4026	668
2	4026	887
2	4027	643
2	4027	690
2	4028	273
2	4028	412
2	4029	199
2	4030	164
2	4030	565
2	4031	893
2	4032	524
2	4034	594
2	4035	228
2	4035	379
2	4035	471
2	4035	510
2	4036	406
2	4036	758
2	4037	512
2	4038	219
2	4038	354
2	4038	502
2	4038	934
2	4039	151
2	4039	368
2	4040	85
2	4042	159
2	4043	42
2	4045	613
2	4047	222
2	4047	277
2	4048	777
2	4049	930
2	4050	410
2	4050	703
2	4051	175
2	4051	358
2	4051	633
2	4051	996
2	4052	134
2	4052	163
2	4052	246
2	4053	73
2	4053	448
2	4053	779
2	4053	832
2	4054	130
2	4055	732
2	4055	747
2	4057	428
2	4058	301
2	4058	632
2	4059	123
2	4059	155
2	4059	231
2	4059	503
2	4059	530
2	4059	536
2	4060	80
2	4060	545
2	4061	9
2	4061	105
2	4061	255
2	4061	549
2	4062	243
2	4062	290
2	4062	551
2	4063	887
2	4064	845
2	4065	225
2	4065	711
2	4066	56
2	4066	92
2	4066	101
2	4067	2
2	4067	16
2	4067	20
2	4067	537
2	4067	754
2	4068	559
2	4069	108
2	4070	430
2	4070	742
2	4071	165
2	4071	874
2	4071	945
2	4072	433
2	4072	757
2	4073	286
2	4074	14
2	4074	65
2	4074	481
2	4076	259
2	4076	326
2	4077	408
2	4078	95
2	4078	586
2	4081	280
2	4081	587
2	4082	237
2	4083	769
2	4083	881
2	4084	482
2	4085	300
2	4087	70
2	4087	281
2	4087	544
2	4088	491
2	4089	233
2	4090	291
2	4092	284
2	4092	511
2	4093	349
2	4094	641
2	4094	857
2	4095	76
2	4095	330
2	4096	540
2	4098	283
2	4098	455
2	4098	504
2	4099	235
2	4100	418
2	4102	102
2	4102	302
2	4102	775
2	4103	336
2	4103	615
2	4104	498
2	4104	815
2	4105	506
2	4105	853
2	4106	680
2	4106	807
2	4108	169
2	4108	555
2	4110	401
2	4111	120
2	4111	178
2	4114	10
2	4115	4
2	4119	91
2	4119	604
2	4120	942
2	4121	332
2	4121	340
2	4121	692
2	4122	489
2	4123	671
2	4123	678
2	4123	796
2	4124	560
2	4125	292
2	4126	774
2	4127	148
2	4127	229
2	4129	3
2	4129	171
2	4130	728
2	4131	81
2	4131	526
2	4132	419
2	4132	437
2	4133	487
2	4133	927
2	4134	15
2	4134	363
2	4134	590
2	4135	595
2	4136	207
2	4136	886
2	4137	655
2	4138	420
2	4139	306
2	4139	664
2	4141	398
2	4142	702
2	4142	717
2	4143	720
2	4146	267
2	4147	68
2	4147	724
2	4148	371
2	4150	582
2	4151	405
2	4151	494
2	4153	971
2	4156	188
2	4156	450
2	4157	210
2	4157	435
2	4158	707
2	4161	449
2	4162	820
2	4163	434
2	4163	634
2	4164	145
2	4165	1
2	4166	687
2	4167	60
2	4168	133
2	4168	351
2	4168	535
2	4169	115
2	4169	635
2	4169	637
2	4169	801
2	4170	325
2	4170	793
2	4171	322
2	4171	500
2	4173	202
2	4173	212
2	4173	689
2	4175	368
2	4176	381
2	4178	696
2	4180	344
2	4180	782
2	4180	888
2	4181	131
2	4182	943
2	4183	328
2	4183	427
2	4183	721
2	4186	373
2	4187	904
2	4188	682
2	4189	250
2	4190	99
2	4190	727
2	4191	987
2	4192	153
2	4194	630
2	4195	911
2	4197	265
2	4197	547
2	4197	778
2	4197	874
2	4198	258
2	4199	980
2	4201	114
2	4201	313
2	4201	407
2	4202	184
2	4203	117
2	4203	198
2	4204	704
2	4205	232
2	4205	507
2	4205	580
2	4208	431
2	4210	979
2	4211	157
2	4211	510
2	4211	978
2	4212	649
2	4212	938
2	4213	264
2	4213	964
2	4214	445
2	4215	177
2	4215	251
2	4216	934
2	4217	466
2	4217	658
2	4218	142
2	4218	421
2	4218	462
2	4218	654
2	4219	220
2	4219	367
2	4219	619
2	4220	645
2	4223	465
2	4223	657
2	4224	387
2	4224	569
2	4225	152
2	4225	469
2	4227	144
2	4227	567
2	4227	695
2	4228	468
2	4229	221
2	4229	400
2	4230	997
2	4231	697
2	4232	119
2	4232	529
2	4232	949
2	4233	225
2	4233	968
2	4235	876
2	4236	238
2	4236	262
2	4236	362
2	4236	558
2	4237	236
2	4237	268
2	4237	912
2	4238	982
2	4239	852
2	4241	414
2	4241	924
2	4242	174
2	4243	311
2	4243	863
2	4244	149
2	4244	794
2	4245	856
2	4246	984
2	4247	818
2	4249	255
2	4249	408
2	4250	237
2	4251	5
2	4251	343
2	4252	125
2	4254	495
2	4255	128
2	4256	609
2	4257	474
2	4257	593
2	4257	717
2	4257	768
2	4259	532
2	4259	587
2	4262	247
2	4262	479
2	4262	650
2	4263	253
2	4264	647
2	4265	71
2	4265	299
2	4266	380
2	4266	781
2	4267	156
2	4267	905
2	4270	29
2	4270	42
2	4270	233
2	4271	787
2	4273	206
2	4273	698
2	4273	764
2	4274	670
2	4274	1000
2	4275	215
2	4275	375
2	4275	550
2	4276	846
2	4276	884
2	4277	172
2	4277	377
2	4277	537
2	4277	607
2	4278	292
2	4278	347
2	4278	602
2	4279	90
2	4281	788
2	4281	857
2	4283	523
2	4285	446
2	4286	755
2	4286	790
2	4287	130
2	4287	900
2	4288	365
2	4288	882
2	4289	274
2	4289	395
2	4290	321
2	4290	459
2	4290	890
2	4291	95
2	4292	87
2	4292	631
2	4292	644
2	4292	804
2	4294	440
2	4294	949
2	4295	620
2	4295	797
2	4295	810
2	4297	102
2	4298	920
2	4299	46
2	4300	143
2	4300	426
2	4300	499
2	4300	544
2	4302	405
2	4302	686
2	4303	708
2	4303	774
2	4305	252
2	4305	350
2	4305	470
2	4308	628
2	4308	887
2	4311	356
2	4311	483
2	4311	838
2	4316	254
2	4316	611
2	4318	738
2	4318	770
2	4319	230
2	4319	833
2	4320	519
2	4321	564
2	4321	671
2	4322	289
2	4322	398
2	4322	907
2	4325	776
2	4328	41
2	4328	407
2	4329	278
2	4330	948
2	4332	140
2	4332	547
2	4333	77
2	4333	473
2	4334	25
2	4335	369
2	4336	194
2	4336	360
2	4336	854
2	4337	579
2	4337	667
2	4339	164
2	4339	258
2	4339	823
2	4340	357
2	4340	502
2	4340	762
2	4342	457
2	4343	108
2	4343	120
2	4343	148
2	4343	512
2	4343	633
2	4344	93
2	4344	582
2	4346	522
2	4346	772
2	4348	539
2	4348	955
2	4349	324
2	4349	691
2	4349	836
2	4350	285
2	4350	296
2	4350	561
2	4352	792
2	4355	65
2	4357	179
2	4357	581
2	4358	114
2	4358	275
2	4358	690
2	4358	935
2	4359	740
2	4359	961
2	4360	236
2	4361	622
2	4362	2
2	4364	53
2	4366	271
2	4366	339
2	4366	713
2	4368	30
2	4368	208
2	4369	335
2	4371	477
2	4371	569
2	4371	626
2	4373	450
2	4373	636
2	4374	914
2	4375	94
2	4375	592
2	4375	673
2	4375	795
2	4377	651
2	4377	704
2	4378	250
2	4378	534
2	4379	493
2	4379	954
2	4380	201
2	4380	464
2	4380	696
2	4381	26
2	4382	199
2	4382	432
2	4382	517
2	4384	57
2	4384	973
2	4386	23
2	4386	319
2	4386	618
2	4387	157
2	4388	181
2	4388	183
2	4388	711
2	4390	96
2	4390	466
2	4391	788
2	4392	64
2	4392	521
2	4393	32
2	4393	604
2	4393	926
2	4394	367
2	4394	936
2	4395	652
2	4395	822
2	4398	551
2	4399	238
2	4400	76
2	4400	173
2	4400	417
2	4400	643
2	4401	506
2	4403	746
2	4405	351
2	4405	737
2	4406	658
2	4406	829
2	4407	147
2	4408	40
2	4408	494
2	4409	133
2	4409	352
2	4409	588
2	4410	246
2	4411	676
2	4412	4
2	4412	313
2	4413	39
2	4413	166
2	4413	758
2	4414	478
2	4414	765
2	4415	312
2	4415	322
2	4415	524
2	4415	962
2	4416	279
2	4417	235
2	4418	346
2	4418	919
2	4420	782
2	4420	858
2	4422	99
2	4422	146
2	4422	586
2	4422	609
2	4422	769
2	4422	793
2	4423	83
2	4423	623
2	4424	112
2	4425	359
2	4425	577
2	4426	325
2	4426	332
2	4428	177
2	4429	598
2	4430	205
2	4431	85
2	4431	697
2	4432	56
2	4434	694
2	4435	48
2	4435	742
2	4437	454
2	4440	548
2	4443	620
2	4444	249
2	4446	444
2	4446	448
2	4447	655
2	4447	777
2	4448	469
2	4448	487
2	4450	699
2	4451	748
2	4451	843
2	4452	395
2	4454	728
2	4454	916
2	4457	798
2	4458	35
2	4459	992
2	4461	552
2	4461	596
2	4463	348
2	4463	507
2	4465	231
2	4465	330
2	4465	688
2	4465	946
2	4466	276
2	4468	856
2	4469	180
2	4469	333
2	4469	344
2	4471	438
2	4473	470
2	4473	708
2	4473	832
2	4473	918
2	4474	635
2	4476	421
2	4477	80
2	4477	167
2	4478	422
2	4479	50
2	4479	257
2	4480	120
2	4480	446
2	4482	171
2	4482	516
2	4483	129
2	4483	559
2	4484	233
2	4486	434
2	4487	452
2	4488	479
2	4489	362
2	4489	365
2	4489	659
2	4489	805
2	4490	453
2	4490	499
2	4490	928
2	4491	360
2	4494	410
2	4495	955
2	4496	7
2	4496	680
2	4496	729
2	4496	830
2	4497	219
2	4497	972
2	4498	392
2	4501	264
2	4504	690
2	4504	710
2	4505	127
2	4505	601
2	4507	141
2	4510	47
2	4510	549
2	4511	838
2	4512	70
2	4512	503
2	4513	155
2	4514	646
2	4515	252
2	4515	929
2	4515	982
2	4517	109
2	4517	274
2	4518	379
2	4518	547
2	4520	488
2	4520	764
2	4521	504
2	4522	639
2	4523	594
2	4523	720
2	4524	100
2	4525	336
2	4525	343
2	4525	735
2	4525	981
2	4526	734
2	4527	268
2	4527	291
2	4527	760
2	4528	787
2	4529	544
2	4529	581
2	4529	706
2	4529	733
2	4530	358
2	4530	793
2	4531	321
2	4532	913
2	4532	965
2	4533	451
2	4534	16
2	4534	297
2	4535	79
2	4535	200
2	4536	144
2	4536	158
2	4536	165
2	4536	281
2	4536	361
2	4538	654
2	4538	992
2	4539	557
2	4539	779
2	4541	393
2	4541	431
2	4541	915
2	4542	781
2	4543	140
2	4543	289
2	4543	347
2	4544	447
2	4546	716
2	4548	151
2	4549	397
2	4549	949
2	4550	102
2	4550	820
2	4552	432
2	4552	684
2	4553	73
2	4553	935
2	4554	199
2	4554	645
2	4555	103
2	4555	152
2	4555	367
2	4557	97
2	4557	266
2	4560	809
2	4561	619
2	4564	188
2	4564	625
2	4565	562
2	4566	1
2	4567	370
2	4567	543
2	4568	363
2	4569	463
2	4570	42
2	4570	703
2	4572	189
2	4573	433
2	4573	954
2	4575	942
2	4580	191
2	4580	554
2	4580	789
2	4581	46
2	4581	206
2	4581	759
2	4583	223
2	4583	578
2	4584	134
2	4585	130
2	4587	222
2	4587	573
2	4588	878
2	4589	194
2	4589	880
2	4591	604
2	4591	905
2	4591	939
2	4592	726
2	4594	142
2	4595	344
2	4596	272
2	4598	435
2	4598	695
2	4599	56
2	4601	627
2	4601	739
2	4601	767
2	4601	814
2	4603	69
2	4603	119
2	4603	150
2	4604	964
2	4604	971
2	4606	425
2	4606	498
2	4607	385
2	4608	467
2	4609	413
2	4609	588
2	4609	649
2	4610	175
2	4610	662
2	4611	979
2	4613	863
2	4613	876
2	4614	788
2	4615	324
2	4615	744
2	4617	244
2	4617	837
2	4618	460
2	4619	985
2	4620	374
2	4621	515
2	4623	846
2	4624	117
2	4624	339
2	4626	256
2	4626	478
2	4627	380
2	4628	21
2	4629	307
2	4630	192
2	4630	306
2	4631	579
2	4633	29
2	4633	626
2	4634	514
2	4636	131
2	4639	794
2	4640	127
2	4640	300
2	4640	464
2	4641	727
2	4641	797
2	4642	87
2	4642	558
2	4644	239
2	4644	441
2	4644	542
2	4644	640
2	4644	677
2	4646	261
2	4647	611
2	4649	400
2	4649	491
2	4652	236
2	4652	383
2	4652	412
2	4654	624
2	4655	247
2	4655	255
2	4656	62
2	4656	71
2	4656	163
2	4658	88
2	4658	597
2	4659	528
2	4660	691
2	4662	471
2	4662	605
2	4662	724
2	4663	30
2	4663	252
2	4664	582
2	4664	683
2	4665	679
2	4666	167
2	4666	957
2	4669	326
2	4669	765
2	4670	65
2	4670	398
2	4670	857
2	4670	989
2	4671	164
2	4671	538
2	4671	721
2	4671	896
2	4672	711
2	4673	19
2	4674	129
2	4674	505
2	4674	571
2	4677	53
2	4678	172
2	4678	248
2	4678	661
2	4679	68
2	4679	158
2	4679	235
2	4680	323
2	4682	953
2	4683	180
2	4683	806
2	4685	445
2	4685	603
2	4685	612
2	4685	620
2	4687	116
2	4688	49
2	4688	178
2	4688	484
2	4689	207
2	4691	513
2	4692	43
2	4694	377
2	4694	379
2	4694	496
2	4696	668
2	4697	586
2	4698	51
2	4698	594
2	4698	761
2	4699	330
2	4700	466
2	4700	519
2	4700	669
2	4701	64
2	4701	701
2	4701	769
2	4702	442
2	4703	628
2	4703	755
2	4704	354
2	4705	382
2	4706	942
2	4707	135
2	4707	347
2	4707	752
2	4709	850
2	4710	483
2	4710	893
2	4711	317
2	4712	82
2	4714	722
2	4715	641
2	4717	311
2	4717	482
2	4718	966
2	4720	335
2	4722	892
2	4723	197
2	4724	545
2	4726	79
2	4726	234
2	4728	939
2	4729	295
2	4730	206
2	4730	472
2	4730	871
2	4732	340
2	4732	402
2	4733	152
2	4733	240
2	4733	572
2	4735	1
2	4735	636
2	4735	888
2	4737	689
2	4738	199
2	4739	969
2	4739	986
2	4741	60
2	4741	800
2	4742	177
2	4744	622
2	4744	846
2	4745	249
2	4746	964
2	4747	416
2	4748	58
2	4748	813
2	4749	523
2	4751	200
2	4751	494
2	4751	511
2	4753	276
2	4753	419
2	4753	770
2	4754	277
2	4756	713
2	4757	616
2	4758	476
2	4758	502
2	4759	907
2	4762	558
2	4763	352
2	4765	421
2	4766	215
2	4766	268
2	4767	842
2	4768	72
2	4768	94
2	4770	171
2	4770	258
2	4771	204
2	4771	436
2	4772	132
2	4772	285
2	4772	487
2	4773	465
2	4773	700
2	4774	578
2	4774	709
2	4774	950
2	4775	3
2	4776	732
2	4779	160
2	4779	836
2	4780	581
2	4780	993
2	4781	418
2	4781	794
2	4782	98
2	4782	643
2	4782	725
2	4784	9
2	4787	609
2	4788	399
2	4789	238
2	4790	77
2	4791	47
2	4792	263
2	4795	444
2	4795	737
2	4796	70
2	4797	223
2	4797	297
2	4799	157
2	4799	250
2	4800	274
2	4801	373
2	4801	635
2	4802	16
2	4802	102
2	4803	637
2	4803	649
2	4803	652
2	4803	768
2	4804	142
2	4804	599
2	4807	182
2	4807	410
2	4807	533
2	4807	621
2	4808	565
2	4808	601
2	4808	862
2	4810	150
2	4810	299
2	4810	542
2	4810	548
2	4810	705
2	4811	830
2	4811	904
2	4812	91
2	4812	314
2	4812	437
2	4812	529
2	4813	84
2	4814	359
2	4815	716
2	4816	54
2	4816	403
2	4818	114
2	4818	767
2	4818	888
2	4819	179
2	4819	202
2	4819	714
2	4820	459
2	4820	884
2	4821	134
2	4821	264
2	4821	474
2	4822	300
2	4823	176
2	4823	406
2	4824	786
2	4826	626
2	4828	526
2	4828	735
2	4830	629
2	4831	269
2	4832	774
2	4833	31
2	4834	451
2	4838	198
2	4838	539
2	4839	569
2	4839	665
2	4839	749
2	4839	821
2	4841	585
2	4841	712
2	4842	305
2	4843	290
2	4844	420
2	4844	603
2	4845	156
2	4846	192
2	4846	360
2	4846	528
2	4847	136
2	4848	27
2	4848	614
2	4849	562
2	4850	33
2	4850	430
2	4852	38
2	4853	126
2	4853	266
2	4855	246
2	4855	372
2	4856	552
2	4857	158
2	4859	853
2	4860	570
2	4861	71
2	4861	892
2	4862	988
2	4863	499
2	4863	747
2	4863	957
2	4864	510
2	4864	549
2	4865	96
2	4865	707
2	4865	792
2	4866	167
2	4867	36
2	4868	384
2	4869	964
2	4870	105
2	4870	650
2	4871	613
2	4872	344
2	4872	744
2	4873	37
2	4873	292
2	4873	684
2	4874	897
2	4875	696
2	4876	765
2	4878	83
2	4878	241
2	4878	433
2	4878	469
2	4878	625
2	4879	207
2	4880	224
2	4880	341
2	4881	287
2	4883	217
2	4883	328
2	4884	123
2	4884	861
2	4885	298
2	4886	4
2	4887	74
2	4887	538
2	4887	595
2	4888	19
2	4888	477
2	4890	678
2	4892	184
2	4893	219
2	4893	541
2	4893	658
2	4894	392
2	4895	333
2	4895	911
2	4897	836
2	4898	486
2	4900	7
2	4900	213
2	4900	340
2	4900	447
2	4900	815
2	4900	826
2	4902	465
2	4902	527
2	4903	632
2	4904	718
2	4906	460
2	4908	285
2	4908	677
2	4909	817
2	4910	844
2	4911	273
2	4911	972
2	4912	495
2	4913	5
2	4913	494
2	4913	759
2	4914	884
2	4917	363
2	4917	851
2	4918	937
2	4919	187
2	4921	777
2	4921	806
2	4922	426
2	4922	724
2	4922	799
2	4922	811
2	4922	852
2	4923	100
2	4923	417
2	4923	778
2	4924	368
2	4925	118
2	4925	214
2	4927	703
2	4928	785
2	4929	168
2	4930	140
2	4931	149
2	4931	345
2	4931	821
2	4932	646
2	4932	722
2	4933	736
2	4934	119
2	4934	639
2	4935	313
2	4935	911
2	4936	188
2	4936	252
2	4936	419
2	4936	427
2	4936	540
2	4936	760
2	4937	396
2	4937	963
2	4938	279
2	4939	15
2	4940	332
2	4940	796
2	4941	353
2	4942	514
2	4942	846
2	4943	641
2	4943	939
2	4944	69
2	4944	374
2	4945	654
2	4945	709
2	4945	800
2	4946	130
2	4946	952
2	4947	177
2	4950	127
2	4950	825
2	4953	12
2	4953	330
2	4953	390
2	4955	262
2	4956	338
2	4956	768
2	4957	600
2	4957	642
2	4958	265
2	4960	231
2	4962	40
2	4963	11
2	4963	902
2	4963	989
2	4964	242
2	4965	500
2	4965	959
2	4966	824
2	4967	675
2	4969	509
2	4969	810
2	4970	356
2	4970	444
2	4972	237
2	4974	14
2	4974	46
2	4974	58
2	4976	9
2	4977	576
2	4978	780
2	4979	373
2	4980	418
2	4981	450
2	4981	532
2	4981	752
2	4981	820
2	4982	730
2	4982	986
2	4983	321
2	4984	200
2	4986	264
2	4986	511
2	4986	631
2	4987	352
2	4987	757
2	4987	803
2	4987	968
2	4988	109
2	4988	453
2	4989	6
2	4989	478
2	4989	599
2	4990	150
2	4990	375
2	4991	842
2	4992	122
2	4992	636
2	4992	769
2	4995	310
2	4995	401
2	4995	536
2	4995	867
2	4995	903
2	4996	844
2	4998	239
2	4998	461
2	4998	521
2	4999	276
2	5000	593
2	5000	971
