2	-1	0
2	3	788
2	5	54
2	6	434
2	7	327
2	7	642
2	8	39
2	9	323
2	9	626
2	9	683
2	9	783
2	10	105
2	10	742
2	13	747
2	14	291
2	16	254
2	17	637
2	21	541
2	22	275
2	22	921
2	22	974
2	23	954
2	24	209
2	25	168
2	28	286
2	28	419
2	30	52
2	30	770
2	31	78
2	31	122
2	32	28
2	32	437
2	33	90
2	33	523
2	33	684
2	34	24
2	35	194
2	35	815
2	37	2
2	37	707
2	37	732
2	39	110
2	40	365
2	40	522
2	40	603
2	42	730
2	43	648
2	45	18
2	45	703
2	47	274
2	48	318
2	53	277
2	55	57
2	55	469
2	56	140
2	58	458
2	58	682
2	59	67
2	59	453
2	61	218
2	62	500
2	62	809
2	63	517
2	68	869
2	68	871
2	70	586
2	71	17
2	71	414
2	71	794
2	73	430
2	75	361
2	75	854
2	76	672
2	79	181
2	82	109
2	82	765
2	82	881
2	83	223
2	84	664
2	86	130
2	89	21
2	89	532
2	90	360
2	91	893
2	92	228
2	92	527
2	92	831
2	92	850
2	94	658
2	95	443
2	95	841
2	95	842
2	95	975
2	96	762
2	97	592
2	97	598
2	97	697
2	98	208
2	100	137
2	100	273
2	100	542
2	100	555
2	101	615
2	103	119
2	104	81
2	105	699
2	106	756
2	108	35
2	109	608
2	109	713
2	109	853
2	111	221
2	112	139
2	112	759
2	113	600
2	113	723
2	113	804
2	114	159
2	114	399
2	114	668
2	114	942
2	115	184
2	116	50
2	116	616
2	117	336
2	117	402
2	117	497
2	117	575
2	117	940
2	118	303
2	119	452
2	119	506
2	121	187
2	121	922
2	121	927
2	122	977
2	124	343
2	127	299
2	130	351
2	130	364
2	130	693
2	134	715
2	135	696
2	136	121
2	136	764
2	140	662
2	141	499
2	141	719
2	141	793
2	141	946
2	141	957
2	142	226
2	142	403
2	142	728
2	143	342
2	143	538
2	143	686
2	144	97
2	145	330
2	146	34
2	146	266
2	147	481
2	149	155
2	150	528
2	150	956
2	151	863
2	152	320
2	152	349
2	152	422
2	152	567
2	153	142
2	153	280
2	153	898
2	154	725
2	154	824
2	155	310
2	156	115
2	157	307
2	158	13
2	158	665
2	159	448
2	161	763
2	162	447
2	163	441
2	164	117
2	164	509
2	166	436
2	167	610
2	170	750
2	173	544
2	174	93
2	174	198
2	174	620
2	175	464
2	176	502
2	177	769
2	178	157
2	178	519
2	179	548
2	181	503
2	185	201
2	186	689
2	187	229
2	187	667
2	187	796
2	190	760
2	190	768
2	191	459
2	191	731
2	192	66
2	195	245
2	195	286
2	196	511
2	196	651
2	196	757
2	196	943
2	197	480
2	198	68
2	198	180
2	199	43
2	199	248
2	200	207
2	200	560
2	200	663
2	201	236
2	202	206
2	202	751
2	203	463
2	204	444
2	204	537
2	205	302
2	207	690
2	208	561
2	208	688
2	210	995
2	211	390
2	211	515
2	211	661
2	214	10
2	214	120
2	214	766
2	215	51
2	215	469
2	216	278
2	217	56
2	217	335
2	217	583
2	219	88
2	220	416
2	222	386
2	225	228
2	226	84
2	226	150
2	226	681
2	227	350
2	227	352
2	228	290
2	228	454
2	229	788
2	231	94
2	231	514
2	233	554
2	233	588
2	234	149
2	234	171
2	234	275
2	234	391
2	234	622
2	234	714
2	235	551
2	235	702
2	236	69
2	237	55
2	237	590
2	237	802
2	238	264
2	238	461
2	242	779
2	243	928
2	244	522
2	244	673
2	245	126
2	245	355
2	245	388
2	245	432
2	246	167
2	248	166
2	248	694
2	249	562
2	250	476
2	251	336
2	252	748
2	253	79
2	254	825
2	255	143
2	257	363
2	257	634
2	258	835
2	260	234
2	260	958
2	261	449
2	264	76
2	264	729
2	266	630
2	267	425
2	268	570
2	270	301
2	271	706
2	272	855
2	272	872
2	273	285
2	274	574
2	276	691
2	278	257
2	283	179
2	283	233
2	283	631
2	283	674
2	285	579
2	286	262
2	287	297
2	287	486
2	287	658
2	288	105
2	292	985
2	294	644
2	294	721
2	294	800
2	294	954
2	296	543
2	296	727
2	297	321
2	298	548
2	304	195
2	304	373
2	305	374
2	306	353
2	308	200
2	308	326
2	308	328
2	308	431
2	311	44
2	312	106
2	312	447
2	313	8
2	313	981
2	316	368
2	318	72
2	318	102
2	319	63
2	319	370
2	319	636
2	319	840
2	320	413
2	320	826
2	321	450
2	322	484
2	322	492
2	324	602
2	324	723
2	325	847
2	326	337
2	326	409
2	327	110
2	327	187
2	332	576
2	333	216
2	334	154
2	334	538
2	334	657
2	335	531
2	336	117
2	336	970
2	337	287
2	342	3
2	342	114
2	342	979
2	345	520
2	346	387
2	347	615
2	347	619
2	347	652
2	348	27
2	348	173
2	349	627
2	351	67
2	351	96
2	352	719
2	353	24
2	353	239
2	353	843
2	354	682
2	356	992
2	357	319
2	358	781
2	358	961
2	360	59
2	360	826
2	361	25
2	361	919
2	362	616
2	363	115
2	364	341
2	365	839
2	366	798
2	367	528
2	367	780
2	368	9
2	369	142
2	369	600
2	369	777
2	370	565
2	371	101
2	372	134
2	373	618
2	374	48
2	374	632
2	375	751
2	376	330
2	377	256
2	377	493
2	377	744
2	378	359
2	379	464
2	379	608
2	381	589
2	383	207
2	386	107
2	386	125
2	386	708
2	387	462
2	389	433
2	389	769
2	392	411
2	393	29
2	393	272
2	394	263
2	394	355
2	394	786
2	394	965
2	397	495
2	397	759
2	398	71
2	399	244
2	399	788
2	400	191
2	400	192
2	400	663
2	401	196
2	402	976
2	403	552
2	404	151
2	405	934
2	406	508
2	407	601
2	408	56
2	409	163
2	409	709
2	410	398
2	410	765
2	411	238
2	412	620
2	413	291
2	414	684
2	414	762
2	415	203
2	416	190
2	416	604
2	419	649
2	421	116
2	421	776
2	422	791
2	423	571
2	423	956
2	424	85
2	424	418
2	424	716
2	425	554
2	425	609
2	426	683
2	426	975
2	427	303
2	428	637
2	428	670
2	431	750
2	432	26
2	433	189
2	433	675
2	433	832
2	434	202
2	436	746
2	437	273
2	437	656
2	438	282
2	438	704
2	439	659
2	440	442
2	440	713
2	442	633
2	443	327
2	443	410
2	444	692
2	445	453
2	445	504
2	445	933
2	448	916
2	449	516
2	450	95
2	450	718
2	453	402
2	454	905
2	455	339
2	457	198
2	457	961
2	458	86
2	460	153
2	461	251
2	463	316
2	464	205
2	464	366
2	464	496
2	464	521
2	466	220
2	467	389
2	468	262
2	469	459
2	469	487
2	469	632
2	470	35
2	470	526
2	470	938
2	475	175
2	477	550
2	479	581
2	481	36
2	481	49
2	481	486
2	483	81
2	484	124
2	484	380
2	484	490
2	484	596
2	485	901
2	486	286
2	487	221
2	487	443
2	490	831
2	490	922
2	491	492
2	491	973
2	493	141
2	493	511
2	493	594
2	494	774
2	496	234
2	498	481
2	499	162
2	500	752
2	502	174
2	502	396
2	503	577
2	504	208
2	505	60
2	505	278
2	505	324
2	505	476
2	506	730
2	508	422
2	509	242
2	510	112
2	511	137
2	511	231
2	511	382
2	513	210
2	513	466
2	513	585
2	515	249
2	516	441
2	516	988
2	517	268
2	517	314
2	517	321
2	517	655
2	517	771
2	520	394
2	523	32
2	524	421
2	525	118
2	526	50
2	527	311
2	528	388
2	529	625
2	530	345
2	530	513
2	531	589
2	531	591
2	531	768
2	532	44
2	532	67
2	532	151
2	532	793
2	533	179
2	534	11
2	535	732
2	537	864
2	538	74
2	538	764
2	538	799
2	538	987
2	539	501
2	540	250
2	540	701
2	541	224
2	541	784
2	542	537
2	542	690
2	544	154
2	544	367
2	545	213
2	545	399
2	546	61
2	546	846
2	547	342
2	547	534
2	548	694
2	548	783
2	549	131
2	549	861
2	550	191
2	550	322
2	550	337
2	551	71
2	552	387
2	552	538
2	552	677
2	554	214
2	556	144
2	557	129
2	557	760
2	560	275
2	560	504
2	561	48
2	562	287
2	564	25
2	564	188
2	565	304
2	565	553
2	566	30
2	567	12
2	567	238
2	568	440
2	570	182
2	571	876
2	572	68
2	572	122
2	572	352
2	573	639
2	573	962
2	574	195
2	576	227
2	576	629
2	576	667
2	577	150
2	577	157
2	577	747
2	580	222
2	580	423
2	580	496
2	583	283
2	584	176
2	584	223
2	584	331
2	584	859
2	586	78
2	586	120
2	586	720
2	587	279
2	589	240
2	592	69
2	592	296
2	592	663
2	592	795
2	594	200
2	595	452
2	595	531
2	595	727
2	596	507
2	597	981
2	598	930
2	600	145
2	601	514
2	602	471
2	604	467
2	604	608
2	605	872
2	605	961
2	606	431
2	606	470
2	607	39
2	608	953
2	609	336
2	609	854
2	610	363
2	611	846
2	612	310
2	612	593
2	612	775
2	613	376
2	614	801
2	615	64
2	615	232
2	615	684
2	616	187
2	617	640
2	617	823
2	618	610
2	618	781
2	619	447
2	619	992
2	621	681
2	622	36
2	622	101
2	622	912
2	624	169
2	624	266
2	625	489
2	626	95
2	627	782
2	628	35
2	629	211
2	631	299
2	631	510
2	631	597
2	631	960
2	632	133
2	632	809
2	634	974
2	636	890
2	638	57
2	642	750
2	643	1
2	643	158
2	643	573
2	647	480
2	648	973
2	650	132
2	650	599
2	652	575
2	655	653
2	656	7
2	656	474
2	657	469
2	657	792
2	657	923
2	658	382
2	659	42
2	660	455
2	662	46
2	662	341
2	662	777
2	662	797
2	663	786
2	664	453
2	665	564
2	666	491
2	666	607
2	670	94
2	670	196
2	671	5
2	673	2
2	673	458
2	673	542
2	673	619
2	673	753
2	673	871
2	677	247
2	679	313
2	679	503
2	680	523
2	680	555
2	680	841
2	681	385
2	681	697
2	682	125
2	685	375
2	685	771
2	686	969
2	687	85
2	687	481
2	688	505
2	688	506
2	688	621
2	689	941
2	691	27
2	695	236
2	696	816
2	698	371
2	699	43
2	700	696
2	700	723
2	701	181
2	701	307
2	701	868
2	702	910
2	704	168
2	705	59
2	705	209
2	706	658
2	707	691
2	709	915
2	710	8
2	713	536
2	714	699
2	714	916
2	715	124
2	716	264
2	716	420
2	719	425
2	719	968
2	720	74
2	721	204
2	723	29
2	724	37
2	725	380
2	726	13
2	726	174
2	727	348
2	728	53
2	729	290
2	732	175
2	732	426
2	732	545
2	734	38
2	734	766
2	735	222
2	735	325
2	735	660
2	737	336
2	738	873
2	739	721
2	741	162
2	741	636
2	742	88
2	742	598
2	743	28
2	743	461
2	744	98
2	745	433
2	747	594
2	748	153
2	748	401
2	750	912
2	751	61
2	751	283
2	751	347
2	753	312
2	754	139
2	754	140
2	754	146
2	755	235
2	756	558
2	756	657
2	758	163
2	758	276
2	759	244
2	763	591
2	764	414
2	764	627
2	764	664
2	765	571
2	766	66
2	766	451
2	766	702
2	766	716
2	767	652
2	767	795
2	769	388
2	770	126
2	770	282
2	770	539
2	770	710
2	770	852
2	773	60
2	773	834
2	774	654
2	775	432
2	777	462
2	777	656
2	778	160
2	778	228
2	778	779
2	779	169
2	779	229
2	779	698
2	780	532
2	780	612
2	780	707
2	782	364
2	785	9
2	785	106
2	785	296
2	787	521
2	787	790
2	787	870
2	787	958
2	790	234
2	791	54
2	791	446
2	792	768
2	793	172
2	793	417
2	794	93
2	798	81
2	799	118
2	800	159
2	801	105
2	802	963
2	803	439
2	804	441
2	810	196
2	812	86
2	812	831
2	812	837
2	813	685
2	814	24
2	814	437
2	814	573
2	815	492
2	817	46
2	817	161
2	817	634
2	818	662
2	819	326
2	820	843
2	821	353
2	822	352
2	823	317
2	823	394
2	824	459
2	826	168
2	826	458
2	826	728
2	828	20
2	828	400
2	828	671
2	828	701
2	830	898
2	831	324
2	831	645
2	833	905
2	834	422
2	834	590
2	835	783
2	836	294
2	836	610
2	836	853
2	838	682
2	840	620
2	842	123
2	846	562
2	848	7
2	848	179
2	848	665
2	849	992
2	850	130
2	850	512
2	852	220
2	853	378
2	854	114
2	855	362
2	855	482
2	856	506
2	859	589
2	860	284
2	860	928
2	861	640
2	862	51
2	862	611
2	863	145
2	863	563
2	864	875
2	865	538
2	865	554
2	867	19
2	867	270
2	869	151
2	869	334
2	869	418
2	869	502
2	869	570
2	870	829
2	870	944
2	871	541
2	873	189
2	875	373
2	876	91
2	876	967
2	877	30
2	878	225
2	878	226
2	880	397
2	880	587
2	881	965
2	882	646
2	884	396
2	886	263
2	887	176
2	887	989
2	888	250
2	890	95
2	891	205
2	891	673
2	891	908
2	892	208
2	893	403
2	893	455
2	894	888
2	895	731
2	896	195
2	897	484
2	898	962
2	899	35
2	899	497
2	900	209
2	900	333
2	901	186
2	901	535
2	902	468
2	902	756
2	903	652
2	904	165
2	905	642
2	905	895
2	906	124
2	908	771
2	908	934
2	909	672
2	910	475
2	910	568
2	913	42
2	914	111
2	914	705
2	917	288
2	918	747
2	919	259
2	919	361
2	919	487
2	919	514
2	920	292
2	921	185
2	921	408
2	923	142
2	923	471
2	923	659
2	923	986
2	924	819
2	925	698
2	927	40
2	930	683
2	931	44
2	931	462
2	931	676
2	932	182
2	932	481
2	934	69
2	934	984
2	936	210
2	938	47
2	940	634
2	941	126
2	942	411
2	942	550
2	942	954
2	943	236
2	944	48
2	944	529
2	946	637
2	947	706
2	948	27
2	949	137
2	949	410
2	950	80
2	950	268
2	950	533
2	951	360
2	952	557
2	953	143
2	953	356
2	954	104
2	954	390
2	954	763
2	955	147
2	956	692
2	960	122
2	960	156
2	960	330
2	960	530
2	960	719
2	961	6
2	961	127
2	961	890
2	962	311
2	962	470
2	963	136
2	965	1
2	966	83
2	966	347
2	968	219
2	968	489
2	969	433
2	969	588
2	970	2
2	970	419
2	971	440
2	974	17
2	975	432
2	976	597
2	977	566
2	979	770
2	979	794
2	980	460
2	980	718
2	982	567
2	983	616
2	984	336
2	984	547
2	984	650
2	985	635
2	987	660
2	988	244
2	988	631
2	989	280
2	989	389
2	989	742
2	990	500
2	990	725
2	991	565
2	991	743
2	992	754
2	993	744
2	995	206
2	995	905
2	996	9
2	998	323
2	1000	277
2	1000	463
2	1001	21
2	1004	735
2	1004	793
2	1005	382
2	1006	523
2	1007	601
2	1007	694
2	1010	843
2	1012	72
2	1015	338
2	1018	712
2	1020	203
2	1020	629
2	1023	10
2	1024	591
2	1024	888
2	1027	697
2	1027	917
2	1028	844
2	1029	559
2	1033	191
2	1034	227
2	1034	633
2	1036	46
2	1036	711
2	1038	255
2	1040	75
2	1041	521
2	1042	437
2	1043	130
2	1043	445
2	1043	492
2	1044	938
2	1045	115
2	1046	643
2	1047	286
2	1047	505
2	1048	741
2	1048	761
2	1049	607
2	1049	915
2	1050	710
2	1052	30
2	1053	510
2	1054	316
2	1055	730
2	1056	518
2	1057	140
2	1058	332
2	1058	689
2	1059	285
2	1059	582
2	1059	613
2	1059	722
2	1059	807
2	1061	905
2	1064	377
2	1065	197
2	1065	420
2	1066	343
2	1066	551
2	1067	569
2	1069	79
2	1069	378
2	1069	572
2	1070	207
2	1070	615
2	1070	971
2	1071	42
2	1072	95
2	1072	222
2	1074	472
2	1075	317
2	1075	318
2	1075	490
2	1075	647
2	1076	531
2	1076	766
2	1078	662
2	1080	786
2	1081	823
2	1083	687
2	1084	164
2	1085	344
2	1085	812
2	1086	891
2	1087	538
2	1088	119
2	1088	704
2	1089	194
2	1089	379
2	1089	875
2	1091	362
2	1091	665
2	1092	76
2	1092	534
2	1093	189
2	1093	450
2	1094	132
2	1097	349
2	1098	808
2	1098	849
2	1100	312
2	1100	452
2	1101	11
2	1101	138
2	1102	210
2	1102	412
2	1102	458
2	1102	767
2	1103	480
2	1103	553
2	1103	668
2	1104	850
2	1105	678
2	1107	465
2	1107	980
2	1109	717
2	1112	126
2	1114	327
2	1114	963
2	1115	673
2	1115	681
2	1117	288
2	1117	734
2	1118	217
2	1119	4
2	1120	898
2	1121	659
2	1122	152
2	1122	771
2	1122	801
2	1123	441
2	1124	235
2	1124	249
2	1124	507
2	1126	50
2	1126	765
2	1128	275
2	1128	493
2	1128	728
2	1132	471
2	1133	129
2	1133	151
2	1135	580
2	1136	670
2	1137	496
2	1137	682
2	1138	650
2	1140	707
2	1140	837
2	1141	22
2	1141	160
2	1143	537
2	1143	646
2	1144	37
2	1146	509
2	1147	256
2	1148	319
2	1148	359
2	1149	29
2	1149	311
2	1150	134
2	1150	279
2	1152	367
2	1153	506
2	1155	888
2	1156	907
2	1160	49
2	1160	365
2	1161	102
2	1161	403
2	1162	573
2	1162	947
2	1164	68
2	1165	385
2	1166	361
2	1166	778
2	1167	585
2	1170	759
2	1171	923
2	1174	282
2	1175	439
2	1177	171
2	1179	816
2	1180	943
2	1181	248
2	1181	261
2	1181	636
2	1182	54
2	1183	559
2	1183	724
2	1184	492
2	1189	488
2	1190	549
2	1191	451
2	1191	475
2	1191	710
2	1191	867
2	1192	447
2	1192	720
2	1194	501
2	1194	719
2	1194	985
2	1195	787
2	1197	335
2	1197	640
2	1197	955
2	1198	64
2	1198	777
2	1199	736
2	1201	223
2	1202	941
2	1203	669
2	1204	205
2	1205	398
2	1206	104
2	1206	391
2	1206	528
2	1208	72
2	1209	588
2	1210	487
2	1212	44
2	1213	158
2	1213	595
2	1214	191
2	1215	113
2	1215	355
2	1216	258
2	1216	772
2	1217	446
2	1217	792
2	1221	264
2	1221	605
2	1221	836
2	1223	645
2	1224	554
2	1224	705
2	1225	744
2	1226	695
2	1227	124
2	1228	298
2	1229	301
2	1231	155
2	1231	746
2	1233	67
2	1233	106
2	1234	712
2	1234	790
2	1235	656
2	1236	535
2	1237	107
2	1238	95
2	1238	182
2	1238	436
2	1238	752
2	1239	799
2	1240	86
2	1240	785
2	1241	92
2	1241	775
2	1241	915
2	1241	924
2	1242	316
2	1243	698
2	1244	522
2	1244	627
2	1244	649
2	1245	80
2	1245	632
2	1246	130
2	1246	450
2	1247	583
2	1247	630
2	1248	386
2	1251	668
2	1254	346
2	1254	472
2	1254	803
2	1255	392
2	1255	424
2	1256	105
2	1258	463
2	1258	527
2	1261	180
2	1261	980
2	1262	369
2	1262	657
2	1263	722
2	1264	185
2	1264	892
2	1265	626
2	1267	617
2	1268	393
2	1268	592
2	1268	621
2	1268	648
2	1269	464
2	1270	591
2	1271	226
2	1272	57
2	1272	192
2	1273	813
2	1275	395
2	1275	483
2	1278	181
2	1278	476
2	1278	858
2	1280	442
2	1281	491
2	1281	845
2	1281	890
2	1282	438
2	1284	22
2	1285	388
2	1285	410
2	1286	414
2	1290	247
2	1291	285
2	1291	620
2	1292	342
2	1294	378
2	1294	658
2	1295	717
2	1295	779
2	1295	878
2	1296	323
2	1296	524
2	1296	847
2	1297	326
2	1297	998
2	1299	177
2	1299	692
2	1301	349
2	1301	389
2	1302	215
2	1302	654
2	1306	82
2	1306	276
2	1306	340
2	1313	306
2	1313	530
2	1314	673
2	1314	711
2	1315	53
2	1315	159
2	1315	428
2	1316	383
2	1316	697
2	1316	869
2	1318	279
2	1318	314
2	1319	526
2	1319	700
2	1320	969
2	1321	217
2	1321	640
2	1322	222
2	1322	400
2	1326	333
2	1326	341
2	1326	545
2	1327	284
2	1327	836
2	1328	320
2	1328	965
2	1329	195
2	1329	596
2	1330	897
2	1331	703
2	1332	174
2	1333	966
2	1335	735
2	1337	614
2	1340	394
2	1341	272
2	1341	851
2	1343	169
2	1345	203
2	1346	204
2	1347	929
2	1348	46
2	1350	381
2	1351	747
2	1351	780
2	1353	266
2	1353	479
2	1354	212
2	1354	416
2	1355	877
2	1356	5
2	1356	50
2	1357	11
2	1357	32
2	1357	798
2	1358	7
2	1358	151
2	1358	598
2	1359	108
2	1359	415
2	1359	817
2	1362	171
2	1362	537
2	1364	213
2	1364	975
2	1366	97
2	1367	796
2	1368	131
2	1368	896
2	1369	125
2	1373	905
2	1374	210
2	1376	618
2	1383	18
2	1385	136
2	1387	98
2	1388	128
2	1389	175
2	1389	480
2	1390	705
2	1391	337
2	1393	667
2	1394	755
2	1396	271
2	1396	384
2	1397	19
2	1401	772
2	1403	597
2	1404	372
2	1405	297
2	1406	733
2	1408	230
2	1408	317
2	1408	744
2	1410	248
2	1410	978
2	1411	617
2	1412	509
2	1414	254
2	1414	491
2	1416	850
2	1418	202
2	1420	327
2	1421	820
2	1423	295
2	1424	495
2	1425	45
2	1425	452
2	1425	901
2	1429	158
2	1431	403
2	1433	498
2	1434	634
2	1435	377
2	1436	436
2	1436	767
2	1437	111
2	1439	492
2	1442	529
2	1443	679
2	1444	760
2	1445	800
2	1446	36
2	1446	228
2	1448	332
2	1448	566
2	1449	58
2	1449	839
2	1452	741
2	1453	649
2	1454	658
2	1455	374
2	1456	717
2	1456	983
2	1457	225
2	1458	739
2	1459	262
2	1459	408
2	1461	80
2	1462	331
2	1465	13
2	1465	546
2	1468	558
2	1469	71
2	1470	569
2	1470	572
2	1470	586
2	1470	887
2	1472	273
2	1472	513
2	1473	390
2	1474	594
2	1476	22
2	1478	655
2	1480	226
2	1480	584
2	1481	724
2	1483	402
2	1485	281
2	1485	609
2	1487	398
2	1487	646
2	1487	731
2	1487	743
2	1489	147
2	1490	207
2	1490	282
2	1491	395
2	1491	722
2	1494	121
2	1494	808
2	1495	52
2	1495	60
2	1495	560
2	1496	284
2	1496	637
2	1497	353
2	1498	40
2	1499	318
2	1499	608
2	1500	544
2	1500	830
2	1501	333
2	1501	464
2	1502	283
2	1502	393
2	1502	522
2	1503	746
2	1504	194
2	1505	501
2	1505	737
2	1505	740
2	1507	276
2	1507	857
2	1509	710
2	1510	481
2	1511	120
2	1511	625
2	1513	268
2	1513	841
2	1514	955
2	1516	443
2	1518	321
2	1518	460
2	1520	204
2	1521	752
2	1522	440
2	1522	932
2	1523	74
2	1523	163
2	1524	231
2	1524	366
2	1525	133
2	1526	302
2	1527	139
2	1527	335
2	1527	782
2	1529	243
2	1529	448
2	1529	467
2	1529	665
2	1529	849
2	1531	10
2	1531	774
2	1532	19
2	1532	439
2	1533	292
2	1533	350
2	1533	818
2	1534	43
2	1534	768
2	1535	921
2	1536	33
2	1537	672
2	1537	881
2	1538	338
2	1538	833
2	1538	989
2	1539	92
2	1539	551
2	1540	404
2	1544	54
2	1544	234
2	1544	247
2	1545	210
2	1545	525
2	1548	69
2	1548	606
2	1549	591
2	1551	325
2	1551	713
2	1553	361
2	1553	604
2	1554	104
2	1554	428
2	1557	714
2	1557	930
2	1558	100
2	1558	984
2	1559	882
2	1560	771
2	1561	684
2	1561	745
2	1562	756
2	1563	598
2	1563	636
2	1563	968
2	1565	847
2	1566	260
2	1569	218
2	1569	480
2	1569	502
2	1570	574
2	1571	346
2	1572	489
2	1573	101
2	1574	89
2	1574	838
2	1576	423
2	1576	789
2	1577	192
2	1577	631
2	1578	638
2	1581	293
2	1583	275
2	1584	311
2	1584	514
2	1585	666
2	1586	442
2	1586	990
2	1587	747
2	1587	750
2	1588	95
2	1589	176
2	1589	853
2	1590	113
2	1590	836
2	1591	334
2	1592	648
2	1594	6
2	1594	680
2	1595	450
2	1596	385
2	1596	581
2	1597	38
2	1599	420
2	1600	788
2	1601	735
2	1602	87
2	1602	794
2	1603	364
2	1605	429
2	1606	414
2	1606	490
2	1607	588
2	1607	698
2	1610	705
2	1610	987
2	1611	417
2	1611	610
2	1612	602
2	1613	477
2	1613	764
2	1614	169
2	1615	560
2	1616	479
2	1616	706
2	1618	207
2	1621	363
2	1622	147
2	1623	126
2	1624	138
2	1625	16
2	1630	27
2	1631	406
2	1631	649
2	1633	520
2	1636	351
2	1636	469
2	1636	883
2	1638	775
2	1642	253
2	1642	422
2	1643	59
2	1644	7
2	1644	150
2	1648	266
2	1649	213
2	1651	421
2	1651	549
2	1652	688
2	1653	127
2	1654	234
2	1654	626
2	1656	29
2	1656	245
2	1656	278
2	1656	498
2	1657	259
2	1660	209
2	1660	381
2	1660	405
2	1661	190
2	1665	280
2	1665	640
2	1667	993
2	1671	25
2	1671	177
2	1673	3
2	1674	114
2	1674	810
2	1676	220
2	1677	251
2	1678	73
2	1679	776
2	1679	843
2	1680	436
2	1680	671
2	1681	204
2	1682	742
2	1684	655
2	1685	661
2	1687	47
2	1689	412
2	1689	503
2	1690	492
2	1690	568
2	1691	759
2	1694	337
2	1694	493
2	1695	767
2	1695	868
2	1697	51
2	1697	296
2	1697	540
2	1697	699
2	1698	328
2	1699	159
2	1699	453
2	1700	170
2	1702	232
2	1702	497
2	1703	612
2	1705	391
2	1707	411
2	1708	539
2	1709	546
2	1710	980
2	1711	452
2	1712	451
2	1713	205
2	1714	637
2	1714	745
2	1715	42
2	1715	210
2	1716	485
2	1717	447
2	1717	678
2	1718	639
2	1718	726
2	1720	547
2	1722	507
2	1723	353
2	1724	20
2	1725	111
2	1726	939
2	1727	432
2	1728	789
2	1729	545
2	1730	105
2	1731	188
2	1733	645
2	1736	419
2	1736	771
2	1739	110
2	1739	426
2	1739	585
2	1739	618
2	1740	77
2	1740	233
2	1742	378
2	1743	274
2	1744	352
2	1744	632
2	1747	695
2	1749	297
2	1749	785
2	1750	395
2	1751	129
2	1751	290
2	1751	523
2	1752	112
2	1752	480
2	1752	723
2	1753	19
2	1753	572
2	1753	679
2	1755	285
2	1755	567
2	1755	636
2	1758	900
2	1758	955
2	1759	584
2	1759	932
2	1760	219
2	1760	376
2	1763	716
2	1764	392
2	1766	26
2	1767	820
2	1768	973
2	1769	714
2	1770	160
2	1770	336
2	1770	764
2	1771	672
2	1773	630
2	1774	320
2	1776	454
2	1778	504
2	1779	516
2	1780	74
2	1780	783
2	1780	988
2	1781	46
2	1781	999
2	1782	892
2	1783	460
2	1783	651
2	1784	161
2	1785	12
2	1785	445
2	1791	906
2	1793	817
2	1796	494
2	1796	596
2	1797	341
2	1797	354
2	1797	821
2	1798	368
2	1798	742
2	1799	57
2	1800	617
2	1800	754
2	1800	838
2	1801	106
2	1802	22
2	1802	625
2	1803	222
2	1803	979
2	1804	487
2	1805	646
2	1807	356
2	1809	70
2	1809	513
2	1810	322
2	1810	495
2	1810	728
2	1811	990
2	1812	4
2	1813	741
2	1816	120
2	1818	321
2	1818	403
2	1818	576
2	1819	525
2	1820	209
2	1820	577
2	1823	24
2	1823	67
2	1823	207
2	1823	634
2	1824	284
2	1825	832
2	1827	17
2	1827	316
2	1827	581
2	1828	453
2	1829	25
2	1829	960
2	1831	30
2	1832	102
2	1832	589
2	1834	428
2	1834	614
2	1835	115
2	1835	519
2	1836	517
2	1838	318
2	1840	14
2	1840	773
2	1843	348
2	1843	644
2	1845	301
2	1846	988
2	1847	132
2	1849	201
2	1851	75
2	1851	396
2	1851	496
2	1852	200
2	1852	514
2	1853	13
2	1855	736
2	1856	126
2	1857	280
2	1858	655
2	1859	235
2	1859	911
2	1863	435
2	1864	557
2	1866	818
2	1867	143
2	1867	183
2	1868	755
2	1869	124
2	1869	657
2	1869	669
2	1870	266
2	1871	60
2	1871	799
2	1873	694
2	1874	422
2	1878	455
2	1880	563
2	1880	707
2	1883	23
2	1883	116
2	1883	187
2	1884	289
2	1885	732
2	1885	959
2	1886	193
2	1886	312
2	1886	442
2	1886	668
2	1886	800
2	1887	420
2	1888	723
2	1888	888
2	1889	515
2	1889	731
2	1891	681
2	1891	992
2	1892	647
2	1893	443
2	1894	340
2	1896	167
2	1896	314
2	1899	415
2	1899	688
2	1899	772
2	1901	169
2	1901	181
2	1902	100
2	1902	940
2	1903	45
2	1903	467
2	1903	744
2	1904	277
2	1904	279
2	1904	841
2	1906	249
2	1906	762
2	1908	642
2	1909	721
2	1911	48
2	1911	523
2	1911	709
2	1912	349
2	1914	63
2	1914	452
2	1915	983
2	1917	161
2	1918	185
2	1919	621
2	1919	658
2	1919	683
2	1920	536
2	1921	121
2	1921	127
2	1921	446
2	1922	586
2	1922	686
2	1923	43
2	1925	548
2	1926	130
2	1929	263
2	1930	184
2	1930	376
2	1930	679
2	1931	724
2	1931	897
2	1931	989
2	1932	948
2	1933	191
2	1933	323
2	1934	933
2	1935	265
2	1935	607
2	1936	481
2	1936	944
2	1938	620
2	1938	969
2	1940	69
2	1940	149
2	1942	73
2	1942	798
2	1943	327
2	1944	357
2	1945	146
2	1947	90
2	1948	371
2	1948	717
2	1948	756
2	1949	578
2	1950	451
2	1950	875
2	1952	535
2	1952	785
2	1952	902
2	1953	22
2	1953	534
2	1955	656
2	1956	363
2	1959	141
2	1962	144
2	1962	328
2	1962	393
2	1963	355
2	1964	590
2	1966	408
2	1967	296
2	1967	539
2	1967	747
2	1968	765
2	1969	795
2	1971	166
2	1971	375
2	1971	379
2	1973	9
2	1973	44
2	1973	633
2	1973	640
2	1974	512
2	1975	965
2	1976	197
2	1976	592
2	1977	175
2	1977	477
2	1978	774
2	1980	585
2	1981	912
2	1983	316
2	1985	602
2	1987	508
2	1988	856
2	1995	417
2	1996	915
2	1998	648
2	1999	72
2	1999	529
2	2000	660
2	2001	46
2	2001	742
2	2002	148
2	2004	34
2	2005	359
2	2006	662
2	2007	758
2	2008	168
2	2010	231
2	2010	944
2	2011	672
2	2012	570
2	2013	615
2	2014	520
2	2014	582
2	2014	776
2	2016	66
2	2016	315
2	2017	38
2	2017	177
2	2017	588
2	2018	497
2	2018	784
2	2020	182
2	2020	537
2	2022	154
2	2022	352
2	2022	643
2	2022	816
2	2023	143
2	2025	778
2	2026	999
2	2027	270
2	2027	282
2	2027	285
2	2030	454
2	2031	827
2	2033	221
2	2033	580
2	2033	591
2	2034	47
2	2036	547
2	2037	444
2	2038	332
2	2038	839
2	2039	486
2	2039	677
2	2040	281
2	2041	555
2	2043	350
2	2044	271
2	2045	228
2	2045	624
2	2047	24
2	2047	423
2	2047	629
2	2048	81
2	2049	52
2	2049	553
2	2050	278
2	2050	388
2	2050	906
2	2051	410
2	2052	36
2	2052	407
2	2053	142
2	2054	27
2	2054	550
2	2055	12
2	2055	276
2	2055	313
2	2056	157
2	2058	738
2	2060	560
2	2060	607
2	2061	401
2	2061	526
2	2062	196
2	2063	92
2	2063	389
2	2064	579
2	2065	466
2	2066	432
2	2067	28
2	2067	744
2	2070	329
2	2070	561
2	2070	754
2	2072	506
2	2073	330
2	2074	584
2	2077	48
2	2077	954
2	2078	411
2	2079	755
2	2079	806
2	2080	206
2	2080	299
2	2081	600
2	2082	17
2	2082	284
2	2082	455
2	2082	638
2	2084	78
2	2085	356
2	2085	371
2	2087	525
2	2087	567
2	2087	855
2	2088	173
2	2091	898
2	2092	628
2	2092	733
2	2094	995
2	2096	238
2	2096	306
2	2097	297
2	2098	611
2	2098	764
2	2099	204
2	2099	616
2	2099	769
2	2100	194
2	2102	247
2	2102	635
2	2103	475
2	2104	210
2	2104	614
2	2106	13
2	2107	70
2	2107	216
2	2108	734
2	2108	988
2	2110	101
2	2110	593
2	2111	405
2	2111	544
2	2112	300
2	2118	53
2	2118	414
2	2119	696
2	2119	878
2	2120	509
2	2121	182
2	2121	634
2	2121	652
2	2122	93
2	2122	429
2	2124	211
2	2124	218
2	2124	474
2	2124	681
2	2127	268
2	2127	418
2	2127	670
2	2128	450
2	2128	627
2	2129	33
2	2129	236
2	2130	416
2	2131	323
2	2131	609
2	2134	660
2	2135	91
2	2136	193
2	2136	517
2	2136	759
2	2137	353
2	2138	866
2	2140	226
2	2142	483
2	2142	737
2	2144	540
2	2144	757
2	2148	630
2	2150	197
2	2151	669
2	2151	717
2	2152	427
2	2153	897
2	2154	117
2	2155	293
2	2155	370
2	2156	179
2	2156	798
2	2157	360
2	2157	460
2	2157	767
2	2158	380
2	2158	823
2	2159	195
2	2159	732
2	2161	377
2	2161	438
2	2161	559
2	2161	621
2	2164	796
2	2165	4
2	2165	766
2	2166	121
2	2166	633
2	2166	771
2	2167	227
2	2168	10
2	2171	507
2	2172	376
2	2173	442
2	2175	791
2	2176	653
2	2177	118
2	2177	321
2	2179	910
2	2182	801
2	2184	133
2	2185	122
2	2186	82
2	2186	400
2	2186	536
2	2189	604
2	2191	130
2	2192	45
2	2193	422
2	2195	161
2	2196	354
2	2196	468
2	2198	108
2	2198	366
2	2199	317
2	2199	970
2	2200	147
2	2200	177
2	2201	843
2	2203	392
2	2204	809
2	2205	184
2	2206	266
2	2209	115
2	2209	476
2	2211	459
2	2212	316
2	2214	363
2	2216	192
2	2216	834
2	2217	220
2	2217	564
2	2218	202
2	2218	758
2	2218	786
2	2220	787
2	2221	430
2	2222	465
2	2223	375
2	2224	603
2	2226	250
2	2226	453
2	2227	597
2	2228	79
2	2228	141
2	2229	29
2	2231	404
2	2232	71
2	2233	775
2	2235	530
2	2238	219
2	2238	306
2	2238	513
2	2240	462
2	2240	957
2	2242	341
2	2243	35
2	2243	396
2	2244	434
2	2244	443
2	2244	466
2	2245	49
2	2245	87
2	2246	592
2	2246	822
2	2247	176
2	2247	208
2	2247	940
2	2249	749
2	2250	14
2	2250	210
2	2252	610
2	2252	666
2	2253	583
2	2253	740
2	2255	921
2	2257	67
2	2259	995
2	2261	623
2	2261	659
2	2261	671
2	2262	722
2	2263	39
2	2263	299
2	2264	212
2	2264	581
2	2265	737
2	2267	454
2	2268	719
2	2269	433
2	2270	647
2	2271	213
2	2272	162
2	2274	484
2	2274	975
2	2276	355
2	2277	55
2	2278	761
2	2279	3
2	2280	602
2	2281	805
2	2284	612
2	2284	715
2	2285	98
2	2287	590
2	2288	413
2	2288	660
2	2288	946
2	2288	962
2	2290	371
2	2291	738
2	2292	391
2	2292	729
2	2293	170
2	2293	301
2	2293	421
2	2294	259
2	2294	698
2	2294	790
2	2296	720
2	2296	756
2	2297	424
2	2297	885
2	2298	326
2	2300	541
2	2301	277
2	2303	295
2	2304	235
2	2304	347
2	2309	792
2	2309	859
2	2314	88
2	2314	97
2	2315	291
2	2317	26
2	2317	569
2	2317	705
2	2319	574
2	2320	618
2	2321	683
2	2322	547
2	2322	556
2	2322	861
2	2323	193
2	2324	136
2	2328	22
2	2328	206
2	2328	534
2	2330	589
2	2330	989
2	2331	205
2	2333	678
2	2334	498
2	2334	957
2	2335	441
2	2336	312
2	2336	960
2	2337	201
2	2337	279
2	2337	327
2	2338	807
2	2340	76
2	2342	241
2	2342	242
2	2343	185
2	2343	314
2	2344	717
2	2344	819
2	2346	976
2	2347	161
2	2347	563
2	2348	342
2	2349	331
2	2351	692
2	2352	110
2	2353	78
2	2353	584
2	2356	128
2	2356	620
2	2356	696
2	2358	310
2	2361	75
2	2361	979
2	2362	33
2	2363	158
2	2364	46
2	2364	643
2	2365	823
2	2366	336
2	2367	419
2	2371	28
2	2371	155
2	2371	264
2	2371	743
2	2372	146
2	2372	318
2	2374	892
2	2376	667
2	2378	766
2	2379	437
2	2381	178
2	2381	606
2	2382	834
2	2384	223
2	2385	708
2	2386	562
2	2386	684
2	2389	284
2	2389	344
2	2390	519
2	2392	211
2	2394	793
2	2395	290
2	2395	293
2	2395	434
2	2396	2
2	2398	360
2	2398	400
2	2399	593
2	2400	361
2	2400	377
2	2400	422
2	2400	611
2	2401	807
2	2403	752
2	2404	455
2	2405	865
2	2406	116
2	2406	221
2	2407	503
2	2408	494
2	2408	887
2	2409	171
2	2410	60
2	2410	718
2	2410	948
2	2411	187
2	2411	265
2	2415	36
2	2416	914
2	2418	107
2	2418	408
2	2419	191
2	2420	923
2	2420	970
2	2421	947
2	2422	6
2	2422	246
2	2422	940
2	2422	990
2	2423	750
2	2424	148
2	2424	254
2	2425	406
2	2426	902
2	2426	978
2	2427	189
2	2427	890
2	2429	13
2	2433	289
2	2433	661
2	2437	186
2	2438	427
2	2439	676
2	2440	316
2	2442	167
2	2442	421
2	2443	196
2	2445	141
2	2445	446
2	2446	671
2	2449	356
2	2452	207
2	2452	622
2	2453	430
2	2454	627
2	2457	94
2	2457	154
2	2457	961
2	2458	325
2	2459	7
2	2459	725
2	2460	820
2	2463	703
2	2465	308
2	2466	340
2	2468	383
2	2468	780
2	2470	465
2	2471	527
2	2471	694
2	2471	799
2	2472	857
2	2472	897
2	2474	412
2	2476	837
2	2479	112
2	2481	755
2	2482	395
2	2484	120
2	2484	378
2	2484	508
2	2484	666
2	2485	230
2	2486	243
2	2486	292
2	2489	447
2	2492	980
2	2493	673
2	2494	147
2	2494	989
2	2495	142
2	2495	677
2	2496	65
2	2497	595
2	2497	931
2	2499	193
2	2500	157
2	2501	459
2	2502	62
2	2502	563
2	2503	375
2	2503	624
2	2504	916
2	2507	722
2	2508	768
2	2509	40
2	2509	416
2	2510	351
2	2511	70
2	2511	302
2	2512	61
2	2512	270
2	2513	862
2	2515	82
2	2516	297
2	2517	253
2	2518	299
2	2519	333
2	2519	528
2	2519	554
2	2519	648
2	2520	981
2	2522	559
2	2522	841
2	2527	124
2	2531	500
2	2532	294
2	2534	102
2	2534	858
2	2536	751
2	2537	151
2	2538	644
2	2540	47
2	2541	531
2	2541	724
2	2542	749
2	2543	845
2	2544	113
2	2545	503
2	2545	746
2	2545	747
2	2546	101
2	2546	522
2	2547	298
2	2548	448
2	2548	597
2	2549	161
2	2549	716
2	2550	633
2	2551	238
2	2552	541
2	2553	248
2	2553	740
2	2554	431
2	2555	244
2	2555	373
2	2555	452
2	2555	904
2	2556	132
2	2556	784
2	2557	242
2	2558	742
2	2560	550
2	2560	655
2	2560	855
2	2561	826
2	2562	84
2	2562	435
2	2563	353
2	2563	874
2	2563	959
2	2564	107
2	2564	800
2	2565	53
2	2566	631
2	2568	76
2	2571	185
2	2571	615
2	2571	670
2	2572	718
2	2573	523
2	2574	205
2	2575	374
2	2575	702
2	2577	358
2	2577	680
2	2579	599
2	2579	902
2	2582	100
2	2582	285
2	2583	96
2	2585	590
2	2586	737
2	2589	281
2	2590	130
2	2591	861
2	2592	323
2	2592	610
2	2594	404
2	2594	828
2	2594	989
2	2596	625
2	2596	829
2	2596	860
2	2598	721
2	2600	283
2	2600	544
2	2601	901
2	2602	691
2	2602	897
2	2603	71
2	2603	183
2	2603	307
2	2603	840
2	2604	8
2	2604	50
2	2605	589
2	2605	675
2	2606	380
2	2606	403
2	2606	871
2	2607	153
2	2607	339
2	2607	653
2	2608	757
2	2608	853
2	2610	661
2	2610	750
2	2612	764
2	2614	489
2	2614	788
2	2615	986
2	2616	524
2	2617	87
2	2618	999
2	2619	744
2	2620	975
2	2623	588
2	2624	136
2	2624	608
2	2625	629
2	2626	481
2	2628	594
2	2629	245
2	2629	247
2	2629	320
2	2633	956
2	2634	428
2	2634	825
2	2636	59
2	2636	970
2	2637	891
2	2638	810
2	2642	421
2	2643	614
2	2643	660
2	2643	762
2	2644	290
2	2646	623
2	2647	822
2	2648	319
2	2649	439
2	2651	51
2	2651	321
2	2652	1
2	2655	2
2	2656	470
2	2657	67
2	2657	236
2	2657	259
2	2657	834
2	2659	433
2	2660	603
2	2662	668
2	2663	111
2	2663	495
2	2665	221
2	2665	305
2	2665	378
2	2665	472
2	2666	152
2	2666	772
2	2670	619
2	2670	765
2	2671	237
2	2671	262
2	2674	359
2	2674	585
2	2674	897
2	2675	951
2	2676	143
2	2677	381
2	2678	271
2	2678	360
2	2679	94
2	2679	647
2	2680	518
2	2682	232
2	2686	950
2	2687	103
2	2688	79
2	2688	949
2	2689	767
2	2693	790
2	2694	308
2	2694	461
2	2694	478
2	2694	883
2	2696	18
2	2696	134
2	2696	577
2	2698	32
2	2698	684
2	2699	964
2	2700	919
2	2704	30
2	2704	172
2	2704	176
2	2705	427
2	2705	820
2	2706	420
2	2706	567
2	2708	671
2	2710	397
2	2710	493
2	2710	723
2	2711	203
2	2712	224
2	2712	538
2	2716	779
2	2718	268
2	2718	276
2	2719	328
2	2719	568
2	2719	636
2	2719	701
2	2724	269
2	2724	372
2	2725	367
2	2725	496
2	2726	362
2	2726	520
2	2726	745
2	2727	326
2	2727	981
2	2728	72
2	2728	644
2	2732	398
2	2732	916
2	2736	15
2	2736	703
2	2737	39
2	2737	66
2	2739	55
2	2740	316
2	2741	41
2	2743	175
2	2745	155
2	2746	54
2	2746	441
2	2747	365
2	2748	226
2	2748	571
2	2748	625
2	2751	385
2	2753	442
2	2754	23
2	2754	964
2	2758	807
2	2758	979
2	2759	458
2	2760	6
2	2761	548
2	2764	552
2	2765	746
2	2766	584
2	2767	976
2	2769	95
2	2769	194
2	2770	180
2	2771	364
2	2772	609
2	2772	638
2	2772	892
2	2773	511
2	2774	955
2	2774	990
2	2780	799
2	2782	74
2	2782	590
2	2784	40
2	2784	158
2	2786	977
2	2789	460
2	2791	348
2	2792	105
2	2794	207
2	2794	361
2	2794	504
2	2796	209
2	2797	930
2	2798	190
2	2801	359
2	2802	974
2	2803	56
2	2803	177
2	2804	860
2	2806	390
2	2807	231
2	2807	265
2	2807	540
2	2809	423
2	2810	352
2	2810	786
2	2811	141
2	2811	333
2	2812	19
2	2813	933
2	2814	13
2	2814	102
2	2815	800
2	2815	846
2	2816	304
2	2816	492
2	2818	988
2	2820	356
2	2820	479
2	2820	637
2	2821	628
2	2821	665
2	2824	899
2	2825	44
2	2826	624
2	2826	740
2	2829	301
2	2830	557
2	2832	271
2	2832	716
2	2835	494
2	2836	436
2	2838	497
2	2841	64
2	2843	650
2	2845	477
2	2845	850
2	2848	267
2	2848	576
2	2849	344
2	2850	553
2	2850	736
2	2851	53
2	2852	277
2	2852	549
2	2852	994
2	2853	289
2	2854	61
2	2856	16
2	2856	346
2	2856	653
2	2856	824
2	2857	123
2	2863	77
2	2863	644
2	2863	666
2	2863	689
2	2864	295
2	2864	380
2	2865	663
2	2868	81
2	2868	241
2	2869	227
2	2870	307
2	2870	447
2	2872	168
2	2872	382
2	2872	506
2	2872	912
2	2873	325
2	2873	932
2	2874	539
2	2875	18
2	2875	118
2	2875	491
2	2876	26
2	2877	558
2	2879	32
2	2880	409
2	2880	438
2	2881	775
2	2881	891
2	2882	877
2	2884	594
2	2887	410
2	2888	583
2	2890	555
2	2891	30
2	2891	735
2	2893	57
2	2893	769
2	2895	759
2	2897	39
2	2897	614
2	2897	697
2	2898	152
2	2898	656
2	2899	182
2	2899	749
2	2899	933
2	2900	1
2	2900	526
2	2900	771
2	2901	70
2	2902	12
2	2902	324
2	2902	674
2	2903	723
2	2904	543
2	2906	881
2	2907	317
2	2908	199
2	2908	581
2	2908	807
2	2909	213
2	2910	29
2	2911	188
2	2912	470
2	2913	375
2	2913	586
2	2914	732
2	2915	537
2	2915	752
2	2915	798
2	2916	668
2	2916	773
2	2917	266
2	2918	408
2	2918	541
2	2918	782
2	2919	239
2	2919	249
2	2921	631
2	2921	756
2	2923	532
2	2924	994
2	2925	203
2	2925	468
2	2926	567
2	2926	767
2	2927	632
2	2927	679
2	2929	219
2	2932	293
2	2933	508
2	2935	777
2	2936	71
2	2936	248
2	2936	641
2	2937	109
2	2940	453
2	2944	113
2	2944	237
2	2944	426
2	2945	931
2	2946	651
2	2946	779
2	2947	100
2	2948	582
2	2949	652
2	2949	865
2	2949	916
2	2950	396
2	2951	424
2	2951	856
2	2952	728
2	2954	104
2	2958	90
2	2958	163
2	2958	589
2	2959	388
2	2959	559
2	2963	173
2	2963	191
2	2963	258
2	2963	568
2	2966	639
2	2966	763
2	2967	211
2	2967	766
2	2969	196
2	2969	478
2	2970	19
2	2970	259
2	2971	345
2	2971	534
2	2973	11
2	2973	155
2	2973	271
2	2974	157
2	2975	720
2	2976	286
2	2976	923
2	2977	788
2	2978	338
2	2978	481
2	2979	322
2	2980	356
2	2980	570
2	2980	956
2	2981	655
2	2982	169
2	2983	250
2	2984	13
2	2984	489
2	2984	502
2	2985	455
2	2985	475
2	2987	496
2	2988	671
2	2989	60
2	2989	327
2	2989	929
2	2991	121
2	2994	484
2	2994	564
2	2994	573
2	2995	208
2	2996	112
2	2996	336
2	2997	308
2	2997	365
2	2999	118
2	3000	452
2	3001	358
2	3001	457
2	3002	200
2	3003	54
2	3003	381
2	3003	626
2	3003	796
2	3006	628
2	3009	82
2	3009	538
2	3010	527
2	3010	910
2	3011	463
2	3012	512
2	3012	712
2	3013	962
2	3014	241
2	3016	103
2	3017	153
2	3017	257
2	3017	689
2	3018	204
2	3019	416
2	3021	748
2	3021	913
2	3022	228
2	3023	3
2	3023	332
2	3024	184
2	3024	630
2	3026	301
2	3028	751
2	3028	948
2	3030	117
2	3030	349
2	3030	731
2	3031	302
2	3031	434
2	3031	981
2	3033	194
2	3033	647
2	3036	126
2	3039	146
2	3041	483
2	3045	254
2	3047	234
2	3047	579
2	3047	755
2	3047	795
2	3048	513
2	3048	825
2	3049	428
2	3049	734
2	3050	110
2	3050	361
2	3051	179
2	3053	421
2	3053	829
2	3054	780
2	3055	68
2	3055	606
2	3055	666
2	3056	223
2	3058	114
2	3058	180
2	3062	6
2	3062	176
2	3063	101
2	3063	547
2	3064	255
2	3064	326
2	3065	222
2	3065	882
2	3067	406
2	3067	669
2	3067	794
2	3068	80
2	3068	643
2	3070	85
2	3071	25
2	3071	572
2	3071	591
2	3075	279
2	3075	590
2	3077	776
2	3078	400
2	3079	343
2	3079	708
2	3079	867
2	3081	178
2	3081	553
2	3081	642
2	3082	879
2	3083	161
2	3083	826
2	3084	609
2	3084	698
2	3085	583
2	3089	135
2	3089	333
2	3093	217
2	3096	44
2	3096	405
2	3098	158
2	3100	4
2	3100	752
2	3100	778
2	3102	650
2	3104	231
2	3105	127
2	3105	805
2	3106	714
2	3107	585
2	3107	945
2	3108	540
2	3108	994
2	3109	233
2	3112	270
2	3113	768
2	3113	782
2	3113	849
2	3117	939
2	3118	348
2	3119	22
2	3119	507
2	3122	389
2	3122	420
2	3123	729
2	3123	988
2	3125	27
2	3126	287
2	3128	90
2	3128	638
2	3131	37
2	3133	21
2	3133	77
2	3135	682
2	3137	23
2	3139	537
2	3140	112
2	3145	467
2	3145	661
2	3146	759
2	3151	476
2	3151	957
2	3156	686
2	3157	680
2	3158	189
2	3159	872
2	3160	503
2	3162	374
2	3163	42
2	3163	663
2	3164	262
2	3164	600
2	3165	523
2	3165	668
2	3166	719
2	3167	617
2	3168	10
2	3168	320
2	3169	450
2	3171	388
2	3171	783
2	3172	546
2	3173	224
2	3173	817
2	3174	192
2	3174	579
2	3175	31
2	3175	237
2	3175	767
2	3177	564
2	3178	538
2	3181	532
2	3184	256
2	3185	148
2	3185	253
2	3185	731
2	3186	221
2	3186	986
2	3190	551
2	3190	792
2	3193	398
2	3196	65
2	3196	824
2	3197	204
2	3197	952
2	3198	72
2	3198	147
2	3198	569
2	3199	521
2	3200	124
2	3200	506
2	3202	887
2	3205	626
2	3206	128
2	3206	361
2	3206	524
2	3207	732
2	3208	254
2	3208	446
2	3209	627
2	3209	635
2	3209	658
2	3210	515
2	3210	981
2	3211	97
2	3213	423
2	3214	869
2	3215	28
2	3215	193
2	3215	215
2	3216	426
2	3216	773
2	3217	49
2	3217	344
2	3217	412
2	3217	418
2	3217	443
2	3218	800
2	3218	843
2	3219	339
2	3219	735
2	3221	137
2	3223	459
2	3223	488
2	3223	588
2	3224	170
2	3224	444
2	3225	64
2	3225	169
2	3228	622
2	3229	235
2	3229	372
2	3230	652
2	3231	45
2	3231	99
2	3234	332
2	3234	755
2	3236	649
2	3236	881
2	3238	280
2	3239	458
2	3239	935
2	3239	998
2	3240	309
2	3241	222
2	3241	598
2	3242	155
2	3242	232
2	3245	338
2	3245	428
2	3246	864
2	3247	571
2	3248	533
2	3250	208
2	3252	152
2	3252	602
2	3252	699
2	3253	904
2	3255	333
2	3255	604
2	3256	350
2	3256	915
2	3258	747
2	3259	966
2	3261	550
2	3261	751
2	3263	581
2	3264	694
2	3264	744
2	3264	984
2	3265	305
2	3265	376
2	3267	437
2	3268	219
2	3268	791
2	3269	199
2	3269	552
2	3271	330
2	3272	843
2	3273	558
2	3274	342
2	3275	366
2	3276	356
2	3277	530
2	3277	647
2	3278	417
2	3279	159
2	3279	912
2	3280	640
2	3281	54
2	3281	347
2	3281	676
2	3285	123
2	3286	739
2	3287	316
2	3288	410
2	3289	424
2	3290	179
2	3290	714
2	3292	514
2	3293	217
2	3294	526
2	3294	838
2	3296	6
2	3296	469
2	3298	200
2	3299	401
2	3299	513
2	3300	674
2	3300	737
2	3302	73
2	3304	1
2	3304	122
2	3304	466
2	3305	357
2	3308	82
2	3308	429
2	3308	563
2	3308	717
2	3309	870
2	3310	784
2	3312	303
2	3315	197
2	3315	935
2	3316	139
2	3318	52
2	3320	452
2	3321	335
2	3323	480
2	3324	690
2	3325	573
2	3325	800
2	3327	942
2	3328	600
2	3328	972
2	3329	258
2	3330	324
2	3330	404
2	3332	613
2	3334	84
2	3334	447
2	3335	749
2	3337	682
2	3338	368
2	3338	713
2	3339	189
2	3339	728
2	3339	788
2	3340	796
2	3342	252
2	3343	104
2	3345	384
2	3345	804
2	3346	273
2	3346	297
2	3347	522
2	3349	778
2	3350	587
2	3351	643
2	3355	457
2	3357	360
2	3357	483
2	3357	759
2	3365	110
2	3365	938
2	3369	394
2	3371	497
2	3372	701
2	3373	345
2	3373	634
2	3373	790
2	3376	240
2	3376	793
2	3377	161
2	3378	259
2	3379	103
2	3379	596
2	3380	135
2	3380	584
2	3382	666
2	3385	236
2	3387	178
2	3387	419
2	3388	835
2	3390	609
2	3393	692
2	3395	281
2	3396	442
2	3397	329
2	3399	726
2	3400	215
2	3400	553
2	3401	702
2	3402	119
2	3402	185
2	3402	473
2	3403	408
2	3404	190
2	3404	906
2	3405	468
2	3406	291
2	3406	492
2	3406	575
2	3406	695
2	3408	380
2	3409	23
2	3409	267
2	3409	375
2	3410	14
2	3410	462
2	3411	390
2	3412	422
2	3412	867
2	3413	62
2	3413	761
2	3415	776
2	3416	35
2	3417	343
2	3419	169
2	3419	261
2	3420	407
2	3420	665
2	3421	30
2	3424	538
2	3425	323
2	3427	17
2	3427	724
2	3428	36
2	3428	371
2	3429	186
2	3429	526
2	3429	583
2	3430	99
2	3430	810
2	3432	294
2	3433	230
2	3433	445
2	3434	585
2	3435	753
2	3436	332
2	3438	207
2	3438	266
2	3440	287
2	3440	577
2	3440	614
2	3441	433
2	3441	436
2	3441	548
2	3441	605
2	3441	964
2	3443	63
2	3443	491
2	3444	792
2	3446	334
2	3446	382
2	3447	699
2	3447	752
2	3447	865
2	3448	327
2	3449	38
2	3449	495
2	3450	932
2	3451	65
2	3451	401
2	3451	510
2	3453	615
2	3455	731
2	3456	760
2	3457	657
2	3459	515
2	3461	638
2	3462	58
2	3462	779
2	3463	2
2	3465	231
2	3471	81
2	3471	89
2	3471	121
2	3472	184
2	3472	625
2	3473	307
2	3476	188
2	3476	627
2	3477	298
2	3477	914
2	3478	550
2	3480	691
2	3481	539
2	3481	656
2	3484	558
2	3485	512
2	3486	241
2	3486	564
2	3488	251
2	3490	117
2	3490	549
2	3491	527
2	3494	98
2	3494	131
2	3498	138
2	3500	223
2	3500	694
2	3501	713
2	3502	567
2	3503	535
2	3504	522
2	3504	561
2	3504	775
2	3505	927
2	3506	249
2	3507	365
2	3508	284
2	3509	68
2	3510	649
2	3511	237
2	3512	175
2	3512	613
2	3512	719
2	3514	326
2	3517	395
2	3517	569
2	3519	570
2	3520	205
2	3521	59
2	3524	27
2	3524	782
2	3524	978
2	3525	696
2	3526	310
2	3527	811
2	3528	831
2	3530	543
2	3531	18
2	3532	88
2	3532	97
2	3533	198
2	3533	525
2	3534	574
2	3534	711
2	3535	790
2	3536	109
2	3536	280
2	3538	562
2	3539	629
2	3542	563
2	3546	1
2	3546	346
2	3547	587
2	3548	450
2	3549	374
2	3552	271
2	3552	755
2	3553	603
2	3555	52
2	3555	133
2	3555	256
2	3555	453
2	3555	632
2	3556	345
2	3556	653
2	3556	654
2	3558	236
2	3559	474
2	3561	546
2	3561	734
2	3561	844
2	3563	233
2	3563	677
2	3564	92
2	3564	159
2	3564	364
2	3565	293
2	3567	235
2	3567	669
2	3567	810
2	3568	809
2	3570	430
2	3570	823
2	3571	394
2	3572	689
2	3572	742
2	3573	628
2	3574	278
2	3577	13
2	3578	67
2	3578	706
2	3579	283
2	3579	414
2	3583	731
2	3585	425
2	3586	502
2	3586	828
2	3587	82
2	3587	518
2	3587	681
2	3588	322
2	3590	650
2	3591	814
2	3591	949
2	3592	956
2	3593	645
2	3594	206
2	3594	467
2	3594	496
2	3594	866
2	3595	292
2	3595	350
2	3595	352
2	3595	737
2	3598	84
2	3598	423
2	3598	490
2	3602	3
2	3602	551
2	3607	451
2	3607	517
2	3607	688
2	3607	726
2	3608	218
2	3608	526
2	3608	572
2	3609	438
2	3610	251
2	3610	573
2	3611	381
2	3611	557
2	3612	412
2	3613	41
2	3614	685
2	3616	298
2	3618	516
2	3621	274
2	3621	300
2	3622	7
2	3622	314
2	3623	858
2	3624	655
2	3625	584
2	3625	947
2	3627	183
2	3628	348
2	3628	388
2	3630	609
2	3631	553
2	3631	855
2	3634	470
2	3634	604
2	3636	361
2	3636	591
2	3637	302
2	3637	547
2	3638	102
2	3638	252
2	3638	335
2	3641	710
2	3641	907
2	3644	312
2	3646	254
2	3657	273
2	3659	210
2	3661	514
2	3661	640
2	3662	651
2	3663	120
2	3663	341
2	3663	500
2	3664	228
2	3664	327
2	3665	42
2	3665	164
2	3666	266
2	3666	290
2	3667	794
2	3669	111
2	3669	785
2	3670	47
2	3670	148
2	3673	372
2	3673	732
2	3674	149
2	3675	234
2	3676	263
2	3676	468
2	3676	492
2	3677	21
2	3677	750
2	3677	992
2	3679	558
2	3679	893
2	3681	296
2	3681	576
2	3681	816
2	3682	238
2	3684	633
2	3685	104
2	3686	57
2	3686	286
2	3686	567
2	3686	800
2	3687	85
2	3688	605
2	3689	648
2	3691	195
2	3691	366
2	3692	87
2	3693	253
2	3694	48
2	3694	678
2	3695	363
2	3695	390
2	3695	455
2	3695	748
2	3697	154
2	3700	333
2	3700	401
2	3700	727
2	3701	221
2	3703	231
2	3703	406
2	3703	667
2	3705	915
2	3706	189
2	3706	757
2	3707	236
2	3707	427
2	3708	138
2	3711	185
2	3711	564
2	3712	529
2	3712	675
2	3713	559
2	3714	141
2	3715	375
2	3715	684
2	3715	775
2	3717	362
2	3717	593
2	3717	820
2	3717	881
2	3720	603
2	3720	928
2	3721	963
2	3724	742
2	3725	58
2	3725	508
2	3725	643
2	3728	75
2	3728	332
2	3728	595
2	3730	472
2	3731	201
2	3731	616
2	3733	933
2	3734	507
2	3734	512
2	3735	89
2	3735	134
2	3735	311
2	3736	225
2	3736	397
2	3739	153
2	3739	946
2	3740	143
2	3740	177
2	3740	398
2	3740	722
2	3742	281
2	3742	517
2	3744	244
2	3744	719
2	3745	671
2	3746	487
2	3747	301
2	3748	226
2	3749	679
2	3751	519
2	3753	113
2	3753	408
2	3755	528
2	3757	627
2	3758	235
2	3759	67
2	3759	68
2	3759	867
2	3760	229
2	3760	280
2	3760	959
2	3761	741
2	3761	883
2	3762	693
2	3763	718
2	3764	336
2	3764	556
2	3765	15
2	3766	101
2	3766	898
2	3767	716
2	3768	243
2	3768	480
2	3769	350
2	3769	443
2	3769	665
2	3770	29
2	3771	123
2	3771	150
2	3771	759
2	3772	382
2	3773	88
2	3773	223
2	3773	307
2	3773	364
2	3774	208
2	3777	457
2	3777	574
2	3778	416
2	3778	454
2	3780	117
2	3781	659
2	3785	563
2	3785	644
2	3787	536
2	3788	437
2	3788	486
2	3789	645
2	3789	728
2	3790	251
2	3791	10
2	3791	446
2	3795	578
2	3795	928
2	3796	209
2	3796	343
2	3796	378
2	3798	212
2	3798	304
2	3798	381
2	3800	636
2	3800	647
2	3800	650
2	3801	653
2	3802	744
2	3805	622
2	3806	789
2	3806	853
2	3809	129
2	3809	474
2	3809	814
2	3811	2
2	3812	284
2	3813	315
2	3813	823
2	3814	293
2	3815	502
2	3815	770
2	3816	12
2	3816	760
2	3817	801
2	3820	326
2	3820	386
2	3821	688
2	3821	973
2	3822	638
2	3823	27
2	3823	899
2	3824	63
2	3825	705
2	3826	74
2	3828	23
2	3829	36
2	3829	305
2	3829	630
2	3829	827
2	3830	524
2	3831	303
2	3831	809
2	3832	885
2	3834	271
2	3834	835
2	3835	258
2	3836	352
2	3837	260
2	3837	794
2	3838	753
2	3839	147
2	3841	389
2	3842	121
2	3843	132
2	3845	646
2	3847	358
2	3848	821
2	3849	788
2	3850	922
2	3851	399
2	3854	530
2	3856	706
2	3860	410
2	3860	458
2	3861	535
2	3861	598
2	3861	796
2	3863	99
2	3863	504
2	3864	768
2	3866	61
2	3867	550
2	3867	571
2	3867	974
2	3868	599
2	3868	704
2	3869	161
2	3869	757
2	3870	241
2	3871	287
2	3872	165
2	3873	984
2	3875	56
2	3875	855
2	3876	286
2	3876	330
2	3876	421
2	3876	461
2	3876	525
2	3877	623
2	3877	707
2	3878	569
2	3879	888
2	3880	774
2	3883	47
2	3883	139
2	3883	155
2	3883	217
2	3883	348
2	3883	466
2	3884	485
2	3885	35
2	3885	589
2	3885	615
2	3886	682
2	3888	54
2	3888	342
2	3889	471
2	3889	637
2	3890	230
2	3890	469
2	3891	22
2	3892	423
2	3892	581
2	3893	509
2	3893	522
2	3894	157
2	3894	167
2	3894	542
2	3895	614
2	3896	807
2	3897	417
2	3897	683
2	3899	346
2	3899	736
2	3899	738
2	3900	882
2	3901	506
2	3902	495
2	3902	717
2	3902	785
2	3904	815
2	3904	871
2	3904	924
2	3905	510
2	3907	350
2	3907	729
2	3909	116
2	3910	374
2	3910	492
2	3910	758
2	3911	57
2	3911	207
2	3911	618
2	3912	554
2	3913	73
2	3913	80
2	3913	801
2	3915	548
2	3916	583
2	3916	724
2	3917	624
2	3918	82
2	3918	397
2	3919	659
2	3920	266
2	3920	355
2	3921	566
2	3922	465
2	3923	549
2	3924	178
2	3925	376
2	3925	489
2	3925	545
2	3927	237
2	3928	115
2	3930	635
2	3931	836
2	3933	277
2	3933	972
2	3934	152
2	3934	281
2	3935	324
2	3937	711
2	3938	368
2	3938	371
2	3940	438
2	3941	728
2	3943	841
2	3944	816
2	3945	43
2	3947	366
2	3951	621
2	3952	718
2	3954	221
2	3956	656
2	3957	279
2	3957	312
2	3957	413
2	3958	449
2	3959	222
2	3959	620
2	3959	743
2	3960	741
2	3962	26
2	3962	214
2	3962	370
2	3962	780
2	3963	163
2	3963	309
2	3964	44
2	3966	756
2	3967	288
2	3967	477
2	3967	680
2	3968	578
2	3968	861
2	3969	88
2	3970	273
2	3970	354
2	3972	784
2	3973	686
2	3974	681
2	3974	782
2	3977	362
2	3978	807
2	3979	119
2	3982	358
2	3982	697
2	3983	463
2	3984	239
2	3984	481
2	3985	792
2	3986	877
2	3990	219
2	3990	593
2	3990	941
2	3991	276
2	3991	344
2	3997	311
2	4003	662
2	4004	670
2	4005	172
2	4005	318
2	4007	144
2	4007	664
2	4008	45
2	4008	483
2	4009	564
2	4010	323
2	4013	181
2	4013	494
2	4014	49
2	4014	977
2	4017	180
2	4020	218
2	4020	259
2	4020	617
2	4023	356
2	4023	384
2	4025	597
2	4026	33
2	4026	55
2	4026	131
2	4026	306
2	4026	797
2	4028	808
2	4028	992
2	4029	134
2	4029	244
2	4030	161
2	4030	731
2	4031	69
2	4031	191
2	4032	740
2	4032	911
2	4032	937
2	4033	65
2	4033	998
2	4035	168
2	4036	159
2	4036	292
2	4036	819
2	4038	31
2	4040	542
2	4041	194
2	4041	666
2	4042	78
2	4046	12
2	4047	86
2	4047	171
2	4047	373
2	4049	903
2	4050	73
2	4050	833
2	4053	322
2	4053	579
2	4054	245
2	4054	530
2	4054	958
2	4055	369
2	4055	736
2	4058	631
2	4060	575
2	4063	341
2	4067	186
2	4067	300
2	4067	324
2	4068	543
2	4069	64
2	4069	122
2	4069	828
2	4070	235
2	4071	424
2	4071	950
2	4072	387
2	4073	48
2	4073	527
2	4073	576
2	4073	811
2	4077	192
2	4079	482
2	4080	92
2	4081	326
2	4081	605
2	4082	425
2	4082	723
2	4083	501
2	4083	942
2	4085	46
2	4086	258
2	4086	971
2	4087	377
2	4089	94
2	4089	155
2	4089	519
2	4089	553
2	4089	984
2	4090	215
2	4092	526
2	4094	1
2	4094	290
2	4094	307
2	4098	336
2	4099	299
2	4100	612
2	4101	746
2	4102	748
2	4103	182
2	4103	310
2	4103	768
2	4104	129
2	4104	416
2	4105	160
2	4105	602
2	4106	47
2	4106	225
2	4107	169
2	4107	254
2	4107	870
2	4108	461
2	4109	6
2	4109	669
2	4109	725
2	4110	154
2	4110	499
2	4111	609
2	4111	764
2	4111	796
2	4114	735
2	4115	876
2	4115	930
2	4116	272
2	4116	528
2	4116	945
2	4117	512
2	4118	115
2	4118	149
2	4119	355
2	4120	353
2	4120	484
2	4120	647
2	4122	703
2	4123	830
2	4126	389
2	4127	448
2	4127	503
2	4127	687
2	4128	381
2	4130	56
2	4130	141
2	4131	427
2	4133	90
2	4133	213
2	4133	678
2	4135	938
2	4136	441
2	4136	782
2	4138	604
2	4141	50
2	4143	183
2	4143	901
2	4145	39
2	4145	62
2	4146	760
2	4146	848
2	4147	935
2	4148	478
2	4149	177
2	4149	317
2	4150	207
2	4151	695
2	4152	873
2	4153	793
2	4154	986
2	4155	226
2	4155	296
2	4155	431
2	4155	690
2	4157	197
2	4157	518
2	4160	417
2	4161	147
2	4162	367
2	4162	649
2	4164	747
2	4165	76
2	4166	120
2	4166	413
2	4167	498
2	4169	187
2	4171	289
2	4171	817
2	4171	843
2	4172	473
2	4173	500
2	4174	611
2	4175	789
2	4177	546
2	4179	571
2	4179	802
2	4179	924
2	4180	791
2	4181	778
2	4183	457
2	4184	257
2	4184	378
2	4186	17
2	4186	465
2	4187	385
2	4190	398
2	4191	57
2	4194	603
2	4196	785
2	4197	119
2	4201	439
2	4201	627
2	4202	340
2	4202	569
2	4202	919
2	4204	616
2	4204	713
2	4205	78
2	4205	440
2	4205	666
2	4206	309
2	4207	830
2	4208	260
2	4208	621
2	4208	640
2	4209	81
2	4210	424
2	4211	515
2	4211	964
2	4212	134
2	4212	855
2	4213	291
2	4213	668
2	4214	466
2	4214	689
2	4214	753
2	4216	68
2	4216	96
2	4217	179
2	4217	347
2	4218	185
2	4220	15
2	4221	51
2	4221	856
2	4222	411
2	4223	755
2	4226	691
2	4227	93
2	4227	565
2	4228	172
2	4230	125
2	4230	258
2	4231	430
2	4231	438
2	4232	408
2	4234	142
2	4234	596
2	4235	208
2	4235	339
2	4236	326
2	4236	380
2	4236	561
2	4236	590
2	4238	452
2	4238	837
2	4239	564
2	4239	646
2	4240	8
2	4240	88
2	4240	869
2	4241	20
2	4241	542
2	4243	428
2	4244	576
2	4245	77
2	4245	597
2	4246	386
2	4248	67
2	4248	294
2	4249	523
2	4250	241
2	4250	301
2	4250	421
2	4251	219
2	4253	661
2	4254	562
2	4255	405
2	4256	275
2	4256	677
2	4256	971
2	4257	40
2	4257	94
2	4258	934
2	4259	59
2	4259	524
2	4259	694
2	4262	644
2	4263	27
2	4263	286
2	4264	79
2	4265	499
2	4265	820
2	4266	284
2	4267	836
2	4268	105
2	4268	435
2	4269	763
2	4270	304
2	4271	302
2	4271	311
2	4271	540
2	4271	593
2	4272	306
2	4273	745
2	4275	53
2	4276	132
2	4276	136
2	4277	345
2	4278	635
2	4279	607
2	4281	91
2	4282	608
2	4283	391
2	4283	539
2	4283	681
2	4284	118
2	4284	135
2	4284	679
2	4285	715
2	4285	741
2	4286	775
2	4287	371
2	4288	319
2	4289	349
2	4290	231
2	4290	366
2	4294	24
2	4295	55
2	4299	554
2	4299	893
2	4300	396
2	4300	798
2	4302	333
2	4302	379
2	4302	630
2	4303	127
2	4305	659
2	4305	852
2	4306	946
2	4307	585
2	4309	237
2	4310	858
2	4311	318
2	4313	667
2	4316	685
2	4317	246
2	4320	9
2	4320	698
2	4320	913
2	4321	197
2	4322	729
2	4325	1
2	4325	511
2	4327	944
2	4328	267
2	4331	373
2	4333	431
2	4333	678
2	4335	375
2	4335	716
2	4336	332
2	4337	628
2	4338	36
2	4338	233
2	4338	404
2	4339	64
2	4339	503
2	4340	238
2	4340	589
2	4341	731
2	4342	765
2	4343	457
2	4343	840
2	4344	521
2	4345	158
2	4345	673
2	4345	719
2	4346	213
2	4346	773
2	4346	950
2	4347	450
2	4348	412
2	4350	441
2	4350	625
2	4351	341
2	4351	634
2	4353	206
2	4353	799
2	4354	243
2	4355	376
2	4355	384
2	4356	25
2	4359	931
2	4363	99
2	4363	137
2	4363	722
2	4363	877
2	4364	339
2	4365	402
2	4366	686
2	4366	952
2	4367	479
2	4368	106
2	4368	558
2	4369	760
2	4370	274
2	4371	272
2	4372	538
2	4372	717
2	4372	869
2	4375	776
2	4376	797
2	4377	999
2	4380	23
2	4381	508
2	4382	525
2	4383	221
2	4383	656
2	4384	697
2	4385	192
2	4385	475
2	4385	846
2	4385	996
2	4387	217
2	4387	432
2	4388	273
2	4388	481
2	4388	592
2	4389	98
2	4391	911
2	4394	758
2	4395	263
2	4396	4
2	4396	464
2	4397	39
2	4397	45
2	4397	449
2	4398	186
2	4398	242
2	4398	917
2	4399	281
2	4399	693
2	4400	194
2	4401	50
2	4401	598
2	4401	647
2	4402	11
2	4402	631
2	4403	448
2	4403	606
2	4404	122
2	4404	528
2	4405	144
2	4406	322
2	4407	574
2	4408	364
2	4409	86
2	4409	231
2	4410	92
2	4411	782
2	4411	993
2	4412	830
2	4413	133
2	4414	568
2	4414	611
2	4416	515
2	4417	81
2	4418	641
2	4420	89
2	4423	494
2	4424	927
2	4425	546
2	4427	199
2	4427	607
2	4428	474
2	4429	248
2	4429	505
2	4431	321
2	4434	401
2	4435	414
2	4435	968
2	4438	434
2	4439	75
2	4439	614
2	4440	299
2	4440	469
2	4440	687
2	4440	852
2	4442	388
2	4442	724
2	4443	943
2	4444	590
2	4445	101
2	4445	400
2	4445	642
2	4445	664
2	4446	665
2	4446	728
2	4448	809
2	4450	390
2	4451	132
2	4451	156
2	4453	973
2	4453	987
2	4455	370
2	4456	94
2	4456	771
2	4457	66
2	4458	110
2	4458	745
2	4460	753
2	4462	82
2	4462	615
2	4463	789
2	4464	262
2	4464	597
2	4464	755
2	4466	582
2	4467	790
2	4468	628
2	4468	648
2	4470	14
2	4471	685
2	4473	338
2	4473	585
2	4473	975
2	4475	359
2	4476	575
2	4477	351
2	4477	504
2	4477	587
2	4479	134
2	4481	467
2	4482	269
2	4482	461
2	4483	691
2	4483	800
2	4487	519
2	4488	379
2	4489	123
2	4490	912
2	4491	309
2	4491	392
2	4492	407
2	4493	3
2	4494	297
2	4494	1000
2	4496	334
2	4497	646
2	4498	32
2	4498	487
2	4499	764
2	4500	282
2	4501	453
2	4502	88
2	4502	738
2	4504	636
2	4507	643
2	4508	425
2	4509	318
2	4509	957
2	4510	460
2	4511	736
2	4513	59
2	4513	95
2	4514	463
2	4514	964
2	4515	353
2	4517	896
2	4519	70
2	4522	41
2	4522	114
2	4522	176
2	4523	203
2	4523	954
2	4524	111
2	4525	501
2	4526	209
2	4527	273
2	4528	173
2	4529	713
2	4531	499
2	4531	591
2	4532	544
2	4532	916
2	4533	442
2	4534	289
2	4534	330
2	4534	670
2	4535	182
2	4537	855
2	4538	69
2	4541	793
2	4542	232
2	4543	644
2	4544	215
2	4545	241
2	4545	852
2	4546	10
2	4548	578
2	4549	78
2	4550	165
2	4550	496
2	4552	68
2	4553	824
2	4554	197
2	4554	672
2	4554	684
2	4555	33
2	4556	541
2	4556	556
2	4556	606
2	4556	720
2	4557	437
2	4559	661
2	4560	104
2	4561	326
2	4561	883
2	4561	953
2	4562	212
2	4562	548
2	4563	127
2	4563	637
2	4563	803
2	4563	939
2	4564	542
2	4565	737
2	4566	502
2	4566	777
2	4568	557
2	4570	671
2	4572	188
2	4572	211
2	4573	24
2	4574	72
2	4574	109
2	4574	126
2	4577	317
2	4577	770
2	4578	719
2	4580	638
2	4581	254
2	4581	743
2	4581	779
2	4582	886
2	4585	406
2	4585	620
2	4586	67
2	4586	337
2	4588	694
2	4591	457
2	4593	189
2	4593	356
2	4594	208
2	4595	723
2	4596	384
2	4597	37
2	4598	633
2	4600	626
2	4601	81
2	4601	435
2	4601	706
2	4601	834
2	4602	11
2	4602	742
2	4603	818
2	4604	784
2	4606	65
2	4607	372
2	4607	954
2	4609	569
2	4609	837
2	4610	526
2	4610	669
2	4611	319
2	4611	341
2	4611	434
2	4614	458
2	4614	751
2	4615	97
2	4615	281
2	4615	735
2	4615	787
2	4615	864
2	4616	222
2	4616	428
2	4616	605
2	4616	656
2	4617	571
2	4617	975
2	4619	131
2	4621	853
2	4622	290
2	4622	730
2	4622	774
2	4623	407
2	4624	40
2	4624	563
2	4624	662
2	4626	123
2	4626	481
2	4628	6
2	4628	419
2	4629	60
2	4629	642
2	4631	480
2	4631	515
2	4631	594
2	4631	768
2	4632	729
2	4633	83
2	4633	705
2	4634	512
2	4634	580
2	4634	731
2	4635	220
2	4635	362
2	4635	416
2	4636	692
2	4637	186
2	4637	579
2	4638	445
2	4638	446
2	4639	116
2	4639	159
2	4639	352
2	4639	532
2	4640	586
2	4641	229
2	4642	63
2	4645	418
2	4645	453
2	4645	465
2	4646	2
2	4646	135
2	4648	164
2	4648	292
2	4648	300
2	4648	596
2	4649	701
2	4650	42
2	4650	100
2	4650	391
2	4651	224
2	4653	210
2	4654	368
2	4654	775
2	4656	666
2	4656	746
2	4657	13
2	4657	493
2	4658	23
2	4658	823
2	4658	919
2	4660	90
2	4660	160
2	4661	84
2	4662	17
2	4662	216
2	4662	945
2	4664	321
2	4664	504
2	4668	522
2	4670	249
2	4671	190
2	4671	528
2	4672	525
2	4673	799
2	4676	236
2	4676	568
2	4677	1
2	4677	174
2	4677	992
2	4678	214
2	4678	289
2	4679	25
2	4679	250
2	4679	415
2	4681	171
2	4681	801
2	4683	635
2	4683	741
2	4684	240
2	4686	19
2	4686	545
2	4686	691
2	4687	440
2	4687	476
2	4688	555
2	4690	554
2	4693	279
2	4694	449
2	4695	47
2	4696	424
2	4696	819
2	4699	77
2	4700	28
2	4702	167
2	4702	488
2	4702	942
2	4703	303
2	4703	552
2	4704	989
2	4705	461
2	4706	965
2	4708	103
2	4711	857
2	4711	933
2	4713	130
2	4717	107
2	4717	314
2	4717	772
2	4718	798
2	4720	533
2	4720	750
2	4721	708
2	4722	114
2	4722	734
2	4723	131
2	4723	263
2	4725	454
2	4725	698
2	4728	148
2	4729	617
2	4731	158
2	4731	432
2	4731	743
2	4731	861
2	4732	259
2	4733	478
2	4734	194
2	4740	519
2	4740	863
2	4741	387
2	4742	661
2	4743	258
2	4744	15
2	4744	563
2	4744	813
2	4747	371
2	4747	961
2	4749	105
2	4749	223
2	4751	490
2	4752	51
2	4752	184
2	4752	550
2	4753	361
2	4753	837
2	4754	57
2	4754	320
2	4755	826
2	4756	324
2	4756	434
2	4757	551
2	4759	41
2	4761	982
2	4762	37
2	4762	754
2	4764	850
2	4769	677
2	4769	716
2	4769	849
2	4770	753
2	4770	827
2	4771	202
2	4772	384
2	4772	390
2	4772	802
2	4775	627
2	4775	668
2	4775	865
2	4776	215
2	4777	165
2	4777	559
2	4777	795
2	4778	509
2	4778	526
2	4779	364
2	4779	613
2	4779	644
2	4779	935
2	4781	241
2	4781	385
2	4782	286
2	4782	722
2	4784	151
2	4786	243
2	4787	658
2	4787	885
2	4788	196
2	4789	506
2	4790	61
2	4790	784
2	4791	707
2	4792	483
2	4793	170
2	4793	356
2	4793	606
2	4794	59
2	4795	277
2	4795	575
2	4796	29
2	4796	121
2	4796	757
2	4796	864
2	4797	363
2	4798	8
2	4798	622
2	4802	735
2	4803	354
2	4804	608
2	4805	565
2	4805	699
2	4806	254
2	4806	660
2	4807	268
2	4808	290
2	4808	781
2	4808	914
2	4809	228
2	4810	208
2	4810	431
2	4811	281
2	4813	652
2	4813	756
2	4813	990
2	4814	116
2	4815	376
2	4817	710
2	4818	374
2	4819	308
2	4819	381
2	4819	548
2	4820	569
2	4820	941
2	4821	394
2	4823	585
2	4823	773
2	4824	560
2	4825	647
2	4826	558
2	4826	690
2	4827	307
2	4830	321
2	4831	709
2	4834	693
2	4836	436
2	4837	673
2	4838	634
2	4839	247
2	4840	945
2	4841	246
2	4842	378
2	4843	322
2	4845	672
2	4846	198
2	4846	880
2	4847	104
2	4847	959
2	4848	153
2	4852	441
2	4856	631
2	4858	980
2	4860	79
2	4861	814
2	4862	173
2	4862	343
2	4864	383
2	4864	389
2	4865	231
2	4865	259
2	4867	48
2	4867	607
2	4867	925
2	4868	886
2	4869	426
2	4869	465
2	4869	764
2	4871	715
2	4871	905
2	4872	175
2	4873	683
2	4875	270
2	4875	368
2	4875	782
2	4876	632
2	4877	133
2	4878	408
2	4880	282
2	4880	298
2	4880	577
2	4880	769
2	4881	15
2	4881	55
2	4883	749
2	4883	930
2	4884	219
2	4885	181
2	4885	468
2	4886	348
2	4886	583
2	4886	650
2	4887	158
2	4887	252
2	4887	391
2	4888	392
2	4890	689
2	4892	217
2	4893	39
2	4893	279
2	4894	244
2	4896	258
2	4896	535
2	4896	605
2	4897	284
2	4897	780
2	4899	271
2	4899	657
2	4900	216
2	4900	505
2	4900	531
2	4901	502
2	4902	598
2	4902	696
2	4903	260
2	4903	482
2	4904	197
2	4904	359
2	4906	192
2	4907	869
2	4908	771
2	4909	76
2	4909	222
2	4909	547
2	4910	738
2	4911	109
2	4913	20
2	4914	457
2	4915	2
2	4915	507
2	4915	704
2	4915	993
2	4917	232
2	4917	387
2	4919	405
2	4919	730
2	4919	737
2	4921	588
2	4922	47
2	4922	459
2	4923	820
2	4924	760
2	4925	522
2	4925	567
2	4925	757
2	4925	818
2	4926	917
2	4926	1000
2	4927	543
2	4928	34
2	4928	345
2	4930	534
2	4932	527
2	4932	783
2	4933	142
2	4933	317
2	4934	800
2	4935	180
2	4935	257
2	4937	254
2	4938	972
2	4939	427
2	4939	861
2	4940	956
2	4942	40
2	4942	788
2	4948	578
2	4949	466
2	4949	744
2	4950	765
2	4950	984
2	4951	430
2	4952	553
2	4953	336
2	4956	299
2	4958	12
2	4958	57
2	4958	854
2	4959	538
2	4959	623
2	4961	191
2	4961	616
2	4963	311
2	4964	797
2	4964	947
2	4968	799
2	4968	864
2	4969	397
2	4969	889
2	4970	264
2	4970	434
2	4973	410
2	4975	297
2	4976	433
2	4978	13
2	4979	205
2	4980	148
2	4980	218
2	4980	724
2	4981	110
2	4983	266
2	4983	395
2	4984	273
2	4984	719
2	4984	884
2	4985	539
2	4986	579
2	4987	225
2	4989	111
2	4990	90
2	4990	138
2	4994	86
2	4994	476
2	4994	705
2	4995	701
2	4998	72
2	4998	487
2	4999	333
