2	-1	0
2	1	137
2	1	271
2	1	766
2	2	470
2	5	30
2	5	34
2	6	891
2	7	356
2	8	857
2	10	191
2	10	636
2	12	285
2	14	630
2	15	558
2	15	781
2	17	5
2	17	75
2	18	528
2	18	647
2	20	127
2	20	722
2	21	398
2	22	594
2	25	767
2	29	633
2	29	776
2	30	365
2	32	466
2	32	648
2	33	107
2	33	333
2	33	402
2	33	802
2	35	809
2	35	997
2	36	162
2	36	298
2	36	642
2	38	7
2	38	937
2	39	317
2	40	451
2	41	485
2	41	841
2	42	239
2	43	138
2	44	11
2	46	172
2	46	628
2	48	145
2	48	349
2	52	926
2	53	459
2	53	683
2	54	411
2	55	109
2	55	993
2	57	45
2	57	602
2	58	12
2	59	434
2	59	608
2	61	370
2	61	576
2	61	649
2	61	693
2	62	482
2	63	549
2	64	24
2	64	958
2	66	605
2	66	746
2	66	794
2	69	925
2	71	177
2	71	483
2	71	718
2	71	839
2	73	236
2	74	564
2	76	301
2	76	428
2	77	761
2	78	625
2	79	616
2	79	705
2	81	319
2	83	833
2	83	938
2	84	81
2	84	378
2	84	407
2	84	864
2	84	934
2	85	123
2	85	381
2	87	17
2	87	501
2	87	866
2	88	562
2	89	584
2	90	69
2	90	388
2	91	258
2	91	672
2	93	159
2	94	21
2	94	729
2	94	885
2	95	169
2	95	512
2	96	6
2	96	77
2	96	740
2	96	760
2	97	259
2	97	730
2	98	455
2	98	515
2	103	266
2	104	134
2	104	627
2	104	922
2	105	347
2	105	495
2	106	181
2	107	318
2	107	714
2	108	511
2	109	976
2	111	82
2	112	305
2	112	637
2	112	667
2	113	44
2	115	993
2	116	640
2	118	146
2	120	264
2	120	335
2	120	765
2	121	798
2	122	98
2	123	508
2	125	255
2	126	379
2	127	240
2	127	241
2	128	332
2	128	502
2	128	819
2	128	928
2	130	225
2	130	653
2	132	216
2	133	336
2	134	303
2	135	325
2	135	452
2	137	571
2	139	612
2	142	393
2	143	100
2	143	509
2	143	979
2	143	996
2	145	87
2	146	691
2	146	876
2	147	344
2	151	656
2	155	724
2	156	308
2	157	244
2	161	550
2	163	168
2	164	385
2	164	673
2	167	262
2	167	920
2	168	901
2	169	472
2	170	203
2	170	504
2	171	664
2	172	62
2	173	182
2	173	942
2	174	578
2	176	59
2	177	679
2	178	51
2	178	95
2	178	282
2	178	382
2	178	401
2	178	745
2	179	374
2	180	171
2	180	685
2	181	952
2	182	932
2	184	221
2	184	936
2	185	55
2	185	321
2	185	433
2	185	947
2	187	431
2	187	719
2	188	500
2	188	779
2	189	7
2	189	710
2	189	937
2	193	205
2	193	552
2	194	113
2	194	674
2	195	249
2	195	314
2	195	359
2	195	510
2	196	142
2	196	213
2	196	399
2	197	326
2	198	195
2	199	647
2	201	324
2	201	524
2	202	338
2	202	544
2	202	877
2	203	854
2	206	112
2	206	115
2	206	748
2	207	624
2	208	862
2	210	737
2	211	611
2	211	652
2	211	884
2	212	899
2	213	57
2	215	193
2	216	506
2	219	770
2	221	331
2	221	747
2	221	956
2	223	380
2	224	575
2	224	616
2	225	151
2	226	175
2	227	41
2	228	517
2	229	163
2	234	586
2	234	996
2	235	677
2	236	480
2	238	774
2	239	476
2	240	598
2	240	678
2	240	727
2	243	643
2	244	461
2	246	655
2	248	121
2	248	708
2	248	908
2	250	730
2	252	10
2	252	348
2	253	430
2	253	725
2	253	803
2	255	66
2	257	79
2	258	28
2	258	265
2	258	642
2	261	162
2	261	298
2	261	465
2	262	336
2	264	453
2	265	94
2	265	373
2	266	607
2	267	92
2	267	397
2	267	514
2	268	451
2	269	457
2	269	479
2	269	512
2	270	638
2	270	659
2	271	851
2	272	417
2	276	284
2	278	30
2	279	313
2	280	376
2	280	670
2	281	718
2	284	54
2	284	501
2	286	609
2	287	783
2	289	254
2	289	420
2	289	572
2	291	511
2	291	661
2	293	525
2	294	217
2	294	582
2	295	77
2	295	830
2	297	2
2	297	351
2	298	5
2	298	80
2	298	425
2	298	767
2	299	110
2	299	760
2	300	799
2	301	445
2	302	423
2	302	763
2	303	507
2	304	610
2	304	868
2	306	241
2	306	673
2	306	827
2	310	360
2	311	658
2	312	539
2	313	29
2	315	491
2	316	67
2	316	201
2	316	726
2	317	540
2	318	442
2	319	437
2	319	647
2	320	106
2	320	756
2	323	337
2	324	178
2	324	189
2	324	668
2	325	515
2	325	808
2	326	208
2	326	422
2	328	226
2	328	229
2	328	408
2	328	698
2	329	645
2	330	39
2	330	309
2	330	743
2	331	840
2	332	588
2	334	273
2	335	275
2	338	536
2	339	17
2	339	552
2	341	212
2	341	246
2	341	920
2	342	13
2	342	924
2	343	734
2	345	75
2	345	185
2	345	523
2	346	618
2	347	164
2	347	853
2	348	906
2	349	138
2	349	377
2	349	460
2	351	529
2	351	712
2	353	63
2	353	70
2	355	537
2	357	99
2	357	580
2	358	766
2	359	411
2	359	482
2	364	264
2	365	258
2	366	334
2	368	744
2	369	72
2	369	179
2	371	160
2	372	121
2	373	614
2	373	664
2	373	862
2	374	129
2	374	665
2	374	682
2	374	764
2	376	510
2	380	308
2	380	968
2	380	998
2	381	636
2	382	65
2	385	227
2	385	780
2	386	574
2	388	604
2	390	291
2	391	49
2	392	85
2	392	225
2	392	875
2	393	727
2	394	695
2	396	394
2	396	787
2	398	773
2	400	594
2	400	728
2	402	679
2	403	772
2	405	249
2	407	23
2	407	586
2	408	153
2	408	254
2	408	488
2	408	596
2	409	548
2	411	403
2	412	733
2	412	735
2	413	835
2	414	312
2	414	414
2	414	707
2	415	137
2	416	556
2	418	654
2	419	44
2	419	384
2	420	687
2	423	322
2	424	294
2	425	399
2	426	122
2	426	257
2	428	566
2	428	721
2	429	367
2	432	601
2	435	429
2	435	611
2	437	491
2	437	533
2	438	184
2	438	217
2	438	233
2	438	238
2	438	610
2	441	14
2	441	169
2	441	219
2	441	342
2	442	105
2	442	564
2	443	310
2	444	380
2	444	722
2	446	168
2	447	387
2	447	828
2	448	371
2	448	427
2	449	26
2	450	136
2	452	333
2	453	196
2	453	465
2	454	98
2	455	244
2	455	265
2	456	43
2	458	3
2	458	740
2	458	857
2	463	562
2	464	705
2	466	608
2	467	373
2	469	919
2	471	618
2	472	907
2	473	716
2	474	581
2	475	803
2	480	163
2	484	745
2	485	245
2	486	616
2	487	468
2	488	527
2	491	325
2	491	817
2	492	62
2	493	289
2	493	704
2	493	991
2	494	150
2	494	555
2	494	571
2	494	657
2	494	799
2	496	983
2	498	215
2	498	410
2	498	462
2	499	308
2	499	311
2	501	677
2	501	943
2	503	189
2	503	347
2	503	448
2	503	521
2	504	141
2	504	715
2	505	275
2	505	279
2	505	539
2	505	646
2	506	53
2	507	341
2	507	666
2	507	732
2	508	185
2	509	395
2	511	806
2	512	848
2	514	960
2	515	622
2	515	798
2	515	977
2	517	309
2	517	724
2	518	193
2	519	421
2	519	487
2	519	671
2	521	756
2	523	439
2	524	34
2	524	200
2	526	980
2	527	598
2	528	669
2	528	791
2	528	910
2	530	77
2	530	420
2	530	975
2	531	442
2	532	660
2	534	298
2	534	720
2	538	760
2	539	274
2	539	710
2	540	273
2	542	259
2	542	510
2	545	155
2	546	793
2	547	551
2	547	886
2	549	187
2	549	390
2	549	696
2	551	383
2	552	328
2	553	393
2	553	945
2	555	91
2	557	718
2	558	469
2	558	517
2	559	728
2	560	580
2	561	336
2	561	922
2	565	70
2	566	208
2	566	508
2	567	564
2	568	762
2	569	637
2	570	194
2	570	590
2	572	166
2	572	674
2	572	812
2	573	504
2	573	543
2	576	326
2	577	37
2	577	397
2	579	248
2	580	744
2	581	851
2	581	909
2	582	25
2	584	114
2	584	239
2	584	460
2	585	153
2	585	725
2	589	612
2	590	980
2	591	242
2	591	524
2	592	797
2	594	345
2	594	458
2	596	172
2	596	218
2	596	446
2	597	266
2	597	749
2	598	201
2	598	808
2	599	614
2	599	713
2	600	232
2	600	343
2	600	490
2	601	479
2	602	118
2	605	121
2	605	706
2	605	765
2	607	735
2	607	880
2	608	403
2	608	501
2	608	783
2	609	643
2	610	567
2	611	23
2	612	565
2	614	678
2	614	775
2	615	161
2	615	162
2	616	376
2	618	755
2	622	24
2	623	167
2	623	625
2	624	441
2	624	512
2	625	226
2	625	898
2	628	723
2	632	502
2	633	575
2	634	291
2	635	175
2	635	892
2	636	331
2	636	351
2	637	781
2	641	92
2	641	931
2	643	841
2	644	538
2	645	764
2	647	215
2	647	306
2	649	87
2	650	31
2	650	335
2	650	503
2	651	425
2	652	475
2	652	726
2	653	693
2	656	223
2	656	734
2	657	506
2	659	409
2	659	452
2	660	491
2	660	751
2	660	933
2	661	366
2	661	435
2	662	604
2	663	826
2	664	105
2	666	314
2	667	601
2	669	83
2	670	22
2	671	192
2	671	692
2	672	621
2	672	736
2	674	556
2	675	312
2	675	327
2	675	609
2	676	864
2	677	454
2	678	809
2	679	81
2	679	530
2	680	676
2	681	139
2	684	316
2	685	712
2	686	983
2	687	195
2	688	526
2	688	578
2	689	182
2	689	541
2	691	60
2	692	979
2	693	290
2	693	563
2	694	470
2	694	704
2	694	960
2	695	132
2	695	656
2	695	753
2	697	485
2	698	963
2	699	143
2	699	930
2	700	200
2	700	260
2	701	68
2	701	258
2	702	156
2	702	159
2	702	668
2	703	163
2	703	703
2	704	588
2	705	126
2	706	42
2	706	62
2	706	170
2	708	929
2	709	642
2	710	146
2	710	599
2	710	943
2	711	251
2	711	360
2	711	466
2	712	519
2	713	79
2	713	301
2	714	241
2	714	257
2	715	394
2	717	48
2	718	842
2	719	12
2	720	211
2	720	449
2	720	473
2	722	41
2	723	319
2	723	651
2	724	416
2	725	645
2	727	443
2	728	493
2	728	554
2	728	737
2	729	909
2	730	40
2	730	619
2	731	444
2	731	518
2	731	782
2	732	123
2	733	832
2	734	154
2	735	455
2	737	173
2	737	197
2	738	483
2	739	86
2	739	144
2	739	231
2	740	136
2	741	212
2	741	300
2	741	699
2	741	787
2	742	7
2	742	25
2	743	431
2	743	994
2	745	65
2	745	430
2	746	392
2	747	547
2	748	59
2	749	895
2	750	340
2	751	232
2	752	682
2	753	54
2	755	217
2	755	379
2	756	21
2	758	494
2	760	282
2	760	623
2	762	336
2	763	641
2	763	873
2	765	296
2	765	869
2	765	929
2	766	169
2	766	261
2	767	115
2	772	210
2	772	730
2	775	426
2	775	618
2	776	968
2	781	121
2	781	591
2	782	565
2	783	246
2	784	733
2	785	166
2	787	399
2	787	986
2	788	697
2	789	762
2	790	111
2	790	264
2	795	919
2	796	603
2	798	45
2	799	303
2	799	345
2	801	206
2	803	66
2	804	351
2	806	590
2	807	458
2	807	636
2	808	49
2	808	428
2	809	751
2	810	304
2	811	334
2	812	347
2	812	365
2	813	797
2	814	219
2	814	764
2	815	515
2	816	158
2	818	628
2	818	665
2	818	874
2	819	508
2	819	677
2	820	391
2	823	749
2	823	897
2	824	546
2	825	700
2	826	313
2	828	393
2	828	540
2	830	854
2	831	868
2	832	680
2	834	658
2	835	411
2	836	767
2	838	574
2	840	649
2	841	734
2	843	744
2	844	14
2	844	249
2	845	273
2	845	358
2	846	82
2	847	57
2	847	129
2	847	450
2	847	529
2	848	74
2	848	485
2	850	714
2	850	863
2	851	650
2	852	418
2	853	583
2	854	113
2	854	234
2	855	324
2	856	520
2	857	173
2	857	456
2	857	756
2	860	592
2	860	847
2	860	861
2	862	146
2	866	608
2	868	538
2	869	638
2	871	127
2	872	309
2	873	247
2	873	505
2	873	931
2	874	59
2	876	754
2	877	562
2	878	559
2	879	186
2	879	397
2	881	211
2	881	807
2	882	776
2	883	240
2	885	785
2	886	280
2	886	950
2	887	563
2	888	584
2	889	142
2	889	629
2	889	746
2	889	970
2	893	218
2	893	375
2	893	424
2	894	172
2	894	175
2	896	735
2	897	367
2	898	123
2	898	279
2	898	343
2	898	554
2	898	567
2	898	705
2	899	32
2	900	710
2	900	833
2	902	277
2	903	100
2	903	772
2	904	344
2	905	684
2	907	616
2	907	673
2	907	846
2	908	568
2	911	222
2	911	395
2	911	480
2	912	314
2	913	131
2	914	464
2	914	752
2	914	796
2	914	801
2	915	782
2	916	77
2	918	825
2	920	436
2	920	444
2	921	159
2	922	364
2	922	522
2	924	111
2	924	531
2	924	539
2	924	697
2	925	618
2	927	134
2	927	668
2	927	836
2	930	662
2	931	23
2	932	2
2	933	981
2	934	352
2	934	913
2	936	460
2	937	660
2	938	578
2	939	502
2	941	167
2	941	323
2	941	561
2	941	633
2	943	698
2	943	990
2	944	220
2	944	427
2	945	87
2	945	422
2	945	896
2	947	368
2	947	648
2	948	644
2	948	792
2	949	691
2	951	475
2	952	892
2	953	573
2	954	533
2	954	736
2	957	591
2	961	144
2	962	786
2	963	307
2	963	334
2	965	997
2	967	348
2	967	704
2	968	90
2	969	17
2	970	738
2	971	260
2	971	582
2	971	906
2	973	45
2	974	336
2	974	403
2	974	569
2	975	121
2	975	671
2	976	420
2	976	768
2	977	552
2	977	556
2	977	580
2	978	354
2	978	632
2	978	775
2	979	238
2	981	155
2	982	377
2	982	868
2	983	11
2	984	593
2	984	694
2	989	859
2	990	474
2	991	811
2	993	10
2	993	255
2	993	755
2	996	468
2	997	446
2	998	153
2	999	137
2	999	740
2	999	801
2	999	895
2	1000	687
2	1001	637
2	1002	15
2	1002	386
2	1002	521
2	1002	765
2	1003	338
2	1004	252
2	1005	273
2	1005	885
2	1006	285
2	1007	168
2	1008	327
2	1008	778
2	1010	83
2	1010	391
2	1010	784
2	1014	99
2	1014	353
2	1014	927
2	1015	351
2	1016	209
2	1016	663
2	1016	821
2	1017	191
2	1017	658
2	1017	857
2	1018	416
2	1018	807
2	1019	33
2	1019	548
2	1019	585
2	1020	423
2	1020	666
2	1022	321
2	1024	148
2	1024	379
2	1024	524
2	1025	496
2	1027	317
2	1027	486
2	1028	587
2	1029	108
2	1030	182
2	1030	402
2	1031	347
2	1033	18
2	1033	689
2	1034	193
2	1035	187
2	1037	27
2	1037	824
2	1038	532
2	1040	547
2	1041	203
2	1042	476
2	1043	470
2	1044	207
2	1047	462
2	1049	174
2	1049	332
2	1049	836
2	1051	256
2	1052	291
2	1054	226
2	1054	430
2	1054	550
2	1056	613
2	1058	150
2	1058	374
2	1059	376
2	1060	218
2	1063	7
2	1063	485
2	1063	790
2	1064	903
2	1070	67
2	1070	117
2	1071	102
2	1073	358
2	1073	523
2	1073	826
2	1075	180
2	1076	95
2	1078	511
2	1084	620
2	1084	874
2	1086	675
2	1087	665
2	1088	185
2	1089	206
2	1089	722
2	1090	499
2	1090	805
2	1092	457
2	1092	605
2	1093	633
2	1093	657
2	1093	669
2	1094	436
2	1094	692
2	1095	590
2	1096	656
2	1097	96
2	1097	201
2	1097	472
2	1097	678
2	1100	670
2	1100	989
2	1103	925
2	1108	192
2	1108	664
2	1108	754
2	1109	697
2	1110	38
2	1110	175
2	1110	393
2	1112	308
2	1112	602
2	1112	762
2	1113	124
2	1113	434
2	1113	712
2	1114	271
2	1114	562
2	1114	767
2	1115	140
2	1115	541
2	1115	748
2	1116	795
2	1116	953
2	1117	366
2	1118	48
2	1118	92
2	1118	711
2	1119	42
2	1119	241
2	1119	718
2	1119	915
2	1120	259
2	1121	179
2	1124	584
2	1125	247
2	1125	850
2	1126	163
2	1126	746
2	1127	798
2	1128	71
2	1128	154
2	1129	427
2	1132	453
2	1134	123
2	1134	730
2	1135	5
2	1137	601
2	1137	609
2	1140	30
2	1140	871
2	1141	189
2	1141	289
2	1143	977
2	1145	543
2	1145	721
2	1146	614
2	1147	477
2	1149	725
2	1151	578
2	1152	245
2	1152	270
2	1153	391
2	1153	395
2	1153	419
2	1154	169
2	1154	307
2	1154	862
2	1155	371
2	1155	589
2	1155	651
2	1156	225
2	1158	242
2	1161	607
2	1161	885
2	1162	45
2	1162	312
2	1164	16
2	1167	350
2	1167	792
2	1168	828
2	1169	702
2	1171	195
2	1171	199
2	1171	576
2	1172	91
2	1172	756
2	1173	134
2	1174	815
2	1175	317
2	1175	839
2	1177	549
2	1178	188
2	1178	560
2	1180	749
2	1181	155
2	1181	352
2	1182	283
2	1183	515
2	1183	610
2	1184	535
2	1186	210
2	1187	666
2	1189	62
2	1189	508
2	1191	750
2	1193	279
2	1193	455
2	1194	430
2	1195	157
2	1195	438
2	1196	52
2	1197	386
2	1198	480
2	1200	904
2	1201	399
2	1203	253
2	1204	763
2	1205	98
2	1206	444
2	1206	794
2	1207	99
2	1208	539
2	1209	161
2	1209	303
2	1211	347
2	1212	130
2	1212	656
2	1214	781
2	1215	238
2	1215	335
2	1216	531
2	1217	860
2	1218	222
2	1218	457
2	1221	667
2	1221	824
2	1222	600
2	1222	754
2	1223	850
2	1224	227
2	1224	785
2	1225	964
2	1226	173
2	1230	930
2	1231	35
2	1232	811
2	1234	553
2	1236	122
2	1238	58
2	1240	557
2	1241	733
2	1242	799
2	1244	218
2	1244	239
2	1244	990
2	1245	223
2	1245	744
2	1246	448
2	1249	904
2	1250	573
2	1251	305
2	1252	633
2	1252	809
2	1253	485
2	1254	162
2	1255	512
2	1255	745
2	1258	309
2	1259	909
2	1261	310
2	1261	706
2	1261	924
2	1262	363
2	1262	664
2	1262	997
2	1263	538
2	1263	690
2	1264	56
2	1264	68
2	1264	85
2	1264	254
2	1264	375
2	1265	76
2	1265	150
2	1265	497
2	1266	189
2	1267	742
2	1269	445
2	1270	412
2	1271	759
2	1272	127
2	1274	760
2	1275	655
2	1275	820
2	1276	603
2	1277	547
2	1277	894
2	1278	735
2	1280	295
2	1283	960
2	1285	272
2	1285	432
2	1285	449
2	1285	779
2	1287	711
2	1288	990
2	1289	265
2	1289	509
2	1290	168
2	1292	582
2	1294	37
2	1294	433
2	1295	41
2	1295	126
2	1295	325
2	1296	185
2	1298	337
2	1300	682
2	1302	558
2	1302	774
2	1303	30
2	1303	565
2	1306	115
2	1306	626
2	1307	344
2	1307	821
2	1307	917
2	1308	784
2	1308	894
2	1312	280
2	1312	402
2	1313	832
2	1313	862
2	1315	172
2	1315	837
2	1318	625
2	1319	502
2	1319	800
2	1321	73
2	1321	660
2	1322	308
2	1322	884
2	1323	775
2	1324	26
2	1324	149
2	1325	650
2	1326	313
2	1328	47
2	1328	685
2	1329	116
2	1329	137
2	1329	739
2	1330	181
2	1330	844
2	1331	220
2	1331	455
2	1333	128
2	1333	638
2	1334	949
2	1335	118
2	1336	867
2	1337	853
2	1338	240
2	1340	160
2	1340	339
2	1340	472
2	1342	333
2	1343	216
2	1343	243
2	1344	738
2	1345	945
2	1348	611
2	1349	414
2	1351	55
2	1352	550
2	1354	630
2	1355	259
2	1355	587
2	1356	42
2	1356	679
2	1357	568
2	1360	222
2	1362	187
2	1364	294
2	1364	541
2	1367	567
2	1367	648
2	1369	349
2	1370	971
2	1371	163
2	1371	460
2	1371	524
2	1374	210
2	1374	439
2	1375	306
2	1375	659
2	1377	422
2	1377	551
2	1377	781
2	1377	791
2	1378	151
2	1378	153
2	1378	186
2	1379	217
2	1382	10
2	1383	403
2	1385	464
2	1386	203
2	1388	766
2	1389	451
2	1389	724
2	1390	342
2	1391	603
2	1392	390
2	1392	476
2	1393	162
2	1395	809
2	1396	876
2	1397	822
2	1398	397
2	1403	484
2	1404	503
2	1404	641
2	1405	385
2	1405	506
2	1407	928
2	1409	530
2	1412	561
2	1413	130
2	1414	380
2	1417	150
2	1417	755
2	1418	717
2	1420	299
2	1421	169
2	1422	256
2	1422	904
2	1423	564
2	1424	596
2	1424	727
2	1425	188
2	1426	764
2	1428	880
2	1432	82
2	1434	399
2	1434	654
2	1434	657
2	1434	789
2	1435	539
2	1436	23
2	1436	394
2	1437	902
2	1438	861
2	1439	136
2	1439	455
2	1439	613
2	1439	999
2	1441	841
2	1441	873
2	1443	622
2	1445	486
2	1446	488
2	1446	678
2	1448	269
2	1448	891
2	1452	120
2	1453	572
2	1453	892
2	1454	482
2	1454	494
2	1454	536
2	1455	513
2	1456	237
2	1456	595
2	1457	66
2	1457	196
2	1458	376
2	1459	126
2	1459	201
2	1459	274
2	1460	146
2	1460	780
2	1461	647
2	1463	480
2	1464	431
2	1464	707
2	1465	321
2	1466	427
2	1467	339
2	1468	166
2	1468	305
2	1469	588
2	1471	240
2	1471	249
2	1471	569
2	1472	154
2	1472	268
2	1474	161
2	1475	371
2	1475	416
2	1475	721
2	1476	250
2	1476	413
2	1476	694
2	1478	17
2	1481	289
2	1482	13
2	1484	623
2	1485	322
2	1485	590
2	1486	391
2	1490	212
2	1490	332
2	1490	457
2	1491	352
2	1491	838
2	1492	213
2	1492	487
2	1493	986
2	1494	445
2	1495	197
2	1495	347
2	1496	653
2	1497	133
2	1497	502
2	1498	350
2	1499	728
2	1500	489
2	1501	139
2	1501	345
2	1501	961
2	1502	421
2	1502	440
2	1502	701
2	1504	83
2	1505	495
2	1507	790
2	1508	929
2	1509	9
2	1509	194
2	1511	235
2	1511	862
2	1512	784
2	1513	5
2	1513	142
2	1513	214
2	1513	470
2	1514	211
2	1516	759
2	1516	866
2	1517	374
2	1520	532
2	1520	537
2	1520	829
2	1522	585
2	1522	792
2	1524	181
2	1524	283
2	1526	546
2	1528	135
2	1528	578
2	1531	259
2	1532	801
2	1532	873
2	1533	655
2	1534	251
2	1535	190
2	1535	375
2	1536	369
2	1536	471
2	1537	363
2	1538	171
2	1539	63
2	1539	85
2	1539	836
2	1541	344
2	1542	837
2	1543	783
2	1543	911
2	1544	10
2	1544	31
2	1544	207
2	1544	660
2	1544	948
2	1546	225
2	1546	498
2	1546	704
2	1547	583
2	1548	465
2	1549	267
2	1550	106
2	1550	926
2	1551	743
2	1552	621
2	1552	658
2	1552	795
2	1553	557
2	1553	778
2	1554	430
2	1554	699
2	1555	277
2	1555	402
2	1555	682
2	1557	317
2	1558	548
2	1558	702
2	1558	914
2	1559	663
2	1562	362
2	1562	671
2	1563	509
2	1563	634
2	1563	652
2	1564	56
2	1564	565
2	1565	547
2	1566	732
2	1567	160
2	1568	191
2	1568	220
2	1568	705
2	1570	379
2	1570	697
2	1572	27
2	1572	512
2	1573	275
2	1574	745
2	1575	517
2	1575	857
2	1578	346
2	1578	760
2	1578	958
2	1581	125
2	1581	351
2	1581	737
2	1582	215
2	1582	990
2	1583	831
2	1585	127
2	1585	478
2	1586	710
2	1586	893
2	1586	925
2	1586	934
2	1589	638
2	1589	746
2	1590	176
2	1590	425
2	1591	823
2	1591	834
2	1592	695
2	1593	115
2	1593	762
2	1593	870
2	1594	370
2	1595	439
2	1596	44
2	1597	510
2	1599	47
2	1599	460
2	1600	119
2	1600	865
2	1603	223
2	1603	483
2	1604	800
2	1608	280
2	1608	338
2	1610	134
2	1612	614
2	1613	617
2	1613	738
2	1615	335
2	1615	527
2	1615	970
2	1617	446
2	1618	300
2	1618	305
2	1618	484
2	1620	293
2	1620	748
2	1622	868
2	1623	331
2	1623	372
2	1623	797
2	1623	876
2	1625	966
2	1626	480
2	1627	490
2	1630	238
2	1630	436
2	1630	535
2	1632	10
2	1632	230
2	1633	645
2	1634	34
2	1634	235
2	1634	670
2	1634	972
2	1636	752
2	1637	419
2	1637	588
2	1640	584
2	1640	616
2	1641	182
2	1641	568
2	1641	676
2	1643	625
2	1644	476
2	1645	272
2	1645	352
2	1646	139
2	1646	288
2	1647	144
2	1647	180
2	1647	192
2	1647	355
2	1648	501
2	1649	542
2	1650	108
2	1650	457
2	1653	71
2	1653	605
2	1654	229
2	1655	276
2	1656	431
2	1656	742
2	1659	729
2	1660	4
2	1664	99
2	1664	775
2	1665	83
2	1667	441
2	1667	993
2	1670	693
2	1670	912
2	1671	723
2	1672	73
2	1672	194
2	1673	137
2	1673	398
2	1674	672
2	1676	296
2	1676	608
2	1677	271
2	1677	868
2	1681	519
2	1683	231
2	1685	61
2	1685	724
2	1685	967
2	1686	330
2	1693	357
2	1694	807
2	1696	773
2	1697	65
2	1697	262
2	1697	302
2	1697	332
2	1697	543
2	1698	161
2	1699	560
2	1700	40
2	1703	420
2	1703	592
2	1704	104
2	1705	20
2	1705	859
2	1706	442
2	1709	151
2	1710	340
2	1711	79
2	1712	626
2	1713	94
2	1713	363
2	1714	576
2	1715	667
2	1716	321
2	1717	135
2	1717	308
2	1718	902
2	1719	791
2	1722	116
2	1723	317
2	1727	386
2	1728	299
2	1728	461
2	1728	680
2	1729	406
2	1729	855
2	1730	72
2	1730	156
2	1733	657
2	1733	789
2	1735	322
2	1735	397
2	1737	878
2	1738	128
2	1738	853
2	1740	573
2	1740	743
2	1741	251
2	1741	899
2	1742	32
2	1742	466
2	1742	665
2	1743	763
2	1745	609
2	1746	91
2	1746	569
2	1747	744
2	1747	847
2	1748	248
2	1750	8
2	1750	373
2	1751	405
2	1754	353
2	1754	462
2	1754	474
2	1755	264
2	1755	912
2	1758	507
2	1758	628
2	1758	793
2	1759	530
2	1760	644
2	1761	82
2	1761	785
2	1762	711
2	1763	107
2	1763	638
2	1764	297
2	1764	471
2	1766	232
2	1766	646
2	1767	86
2	1767	800
2	1769	882
2	1770	56
2	1770	226
2	1771	199
2	1771	369
2	1771	536
2	1771	965
2	1773	611
2	1775	350
2	1776	602
2	1777	378
2	1777	919
2	1779	623
2	1782	92
2	1782	304
2	1782	313
2	1783	222
2	1783	678
2	1785	986
2	1786	776
2	1787	735
2	1788	686
2	1789	267
2	1789	460
2	1789	692
2	1790	53
2	1791	482
2	1793	539
2	1793	587
2	1793	713
2	1794	5
2	1794	334
2	1795	371
2	1796	16
2	1797	824
2	1798	119
2	1798	765
2	1799	516
2	1800	167
2	1800	311
2	1802	393
2	1802	617
2	1803	80
2	1803	528
2	1804	219
2	1804	574
2	1807	545
2	1807	755
2	1809	230
2	1810	37
2	1810	348
2	1810	529
2	1811	655
2	1812	259
2	1814	148
2	1816	2
2	1816	997
2	1819	36
2	1819	396
2	1820	368
2	1820	606
2	1826	502
2	1827	295
2	1827	696
2	1828	649
2	1828	882
2	1828	993
2	1830	508
2	1832	315
2	1833	197
2	1834	710
2	1834	759
2	1834	935
2	1836	142
2	1836	185
2	1839	7
2	1839	201
2	1841	464
2	1842	391
2	1843	641
2	1844	208
2	1845	633
2	1848	42
2	1848	284
2	1849	15
2	1849	163
2	1849	275
2	1850	78
2	1851	66
2	1853	299
2	1854	26
2	1854	456
2	1855	473
2	1855	591
2	1855	771
2	1856	532
2	1857	469
2	1858	571
2	1859	410
2	1860	639
2	1861	98
2	1863	929
2	1864	319
2	1866	663
2	1867	808
2	1868	333
2	1870	35
2	1871	632
2	1871	834
2	1872	576
2	1874	176
2	1874	794
2	1875	302
2	1875	774
2	1876	305
2	1876	361
2	1877	57
2	1877	447
2	1877	541
2	1878	283
2	1878	483
2	1879	288
2	1879	537
2	1879	668
2	1879	914
2	1880	367
2	1881	897
2	1885	97
2	1885	444
2	1885	511
2	1886	849
2	1887	228
2	1888	19
2	1888	457
2	1891	475
2	1893	62
2	1893	657
2	1894	449
2	1895	143
2	1896	476
2	1896	842
2	1897	799
2	1897	822
2	1899	351
2	1900	134
2	1900	563
2	1901	59
2	1901	340
2	1901	566
2	1902	215
2	1902	592
2	1902	940
2	1903	775
2	1904	164
2	1904	303
2	1906	182
2	1906	377
2	1907	106
2	1908	701
2	1910	948
2	1911	169
2	1911	402
2	1911	725
2	1912	205
2	1912	252
2	1913	397
2	1914	45
2	1914	374
2	1915	162
2	1915	187
2	1915	439
2	1915	472
2	1915	724
2	1915	804
2	1916	706
2	1917	77
2	1917	976
2	1919	278
2	1921	424
2	1922	127
2	1922	610
2	1922	906
2	1923	55
2	1923	73
2	1923	138
2	1923	250
2	1924	298
2	1926	28
2	1926	191
2	1926	309
2	1928	608
2	1929	67
2	1929	490
2	1930	419
2	1931	362
2	1931	422
2	1932	500
2	1933	236
2	1933	420
2	1934	93
2	1934	531
2	1935	257
2	1936	704
2	1936	772
2	1938	223
2	1939	31
2	1939	218
2	1939	544
2	1940	332
2	1944	40
2	1944	620
2	1945	238
2	1945	328
2	1945	787
2	1946	79
2	1946	406
2	1947	316
2	1948	47
2	1948	504
2	1950	256
2	1950	488
2	1951	357
2	1952	388
2	1953	65
2	1953	572
2	1954	994
2	1955	335
2	1955	634
2	1956	524
2	1956	590
2	1957	112
2	1959	221
2	1959	428
2	1959	952
2	1960	148
2	1961	967
2	1962	756
2	1962	820
2	1963	604
2	1964	268
2	1964	468
2	1965	104
2	1965	372
2	1966	50
2	1966	413
2	1968	876
2	1969	132
2	1969	762
2	1970	715
2	1971	291
2	1974	293
2	1974	378
2	1975	421
2	1975	635
2	1976	339
2	1978	1
2	1978	92
2	1978	364
2	1979	386
2	1980	530
2	1981	327
2	1981	393
2	1984	344
2	1984	684
2	1987	200
2	1987	578
2	1987	599
2	1987	613
2	1987	709
2	1988	249
2	1988	797
2	1991	274
2	1991	831
2	1991	886
2	1992	801
2	1992	862
2	1993	253
2	1997	412
2	1999	277
2	1999	749
2	2000	719
2	2000	948
2	2002	884
2	2003	101
2	2005	892
2	2008	521
2	2009	22
2	2010	641
2	2012	540
2	2012	768
2	2013	230
2	2013	983
2	2014	75
2	2014	258
2	2014	343
2	2016	306
2	2017	108
2	2017	147
2	2017	679
2	2018	252
2	2019	426
2	2019	736
2	2020	313
2	2020	662
2	2021	88
2	2021	346
2	2021	433
2	2022	192
2	2022	441
2	2026	172
2	2026	324
2	2026	435
2	2027	18
2	2027	557
2	2029	498
2	2029	556
2	2030	122
2	2031	607
2	2031	813
2	2032	193
2	2032	348
2	2033	161
2	2033	450
2	2033	716
2	2033	960
2	2034	779
2	2037	11
2	2037	82
2	2037	460
2	2039	239
2	2040	832
2	2041	741
2	2041	744
2	2042	481
2	2043	245
2	2043	394
2	2043	853
2	2044	633
2	2044	826
2	2045	71
2	2045	79
2	2045	731
2	2047	128
2	2047	526
2	2047	722
2	2048	567
2	2049	482
2	2050	631
2	2050	648
2	2051	259
2	2053	30
2	2053	337
2	2055	38
2	2055	244
2	2056	195
2	2057	932
2	2059	210
2	2060	793
2	2060	807
2	2061	95
2	2061	285
2	2063	417
2	2063	980
2	2066	57
2	2067	637
2	2067	683
2	2067	763
2	2071	368
2	2071	626
2	2071	808
2	2072	513
2	2074	396
2	2076	381
2	2076	673
2	2077	49
2	2077	354
2	2077	605
2	2080	60
2	2082	579
2	2084	909
2	2086	903
2	2087	157
2	2087	469
2	2088	845
2	2089	1
2	2090	125
2	2090	131
2	2090	505
2	2092	113
2	2093	293
2	2093	829
2	2094	525
2	2094	534
2	2095	791
2	2096	261
2	2096	349
2	2096	474
2	2098	581
2	2099	479
2	2099	489
2	2099	509
2	2099	528
2	2100	242
2	2101	17
2	2101	357
2	2101	595
2	2102	844
2	2103	40
2	2103	376
2	2103	691
2	2104	778
2	2105	220
2	2105	422
2	2105	739
2	2107	618
2	2107	665
2	2108	100
2	2108	116
2	2108	196
2	2108	514
2	2108	676
2	2109	144
2	2109	418
2	2109	614
2	2109	764
2	2109	789
2	2111	698
2	2111	849
2	2112	395
2	2114	51
2	2114	690
2	2116	166
2	2116	694
2	2118	310
2	2119	586
2	2119	950
2	2120	162
2	2120	289
2	2121	262
2	2123	204
2	2123	319
2	2123	549
2	2123	707
2	2125	72
2	2125	866
2	2126	127
2	2128	414
2	2129	420
2	2129	758
2	2129	884
2	2130	689
2	2131	86
2	2131	537
2	2132	105
2	2132	795
2	2133	984
2	2135	710
2	2136	250
2	2137	19
2	2138	432
2	2138	456
2	2138	677
2	2139	134
2	2139	771
2	2143	207
2	2143	651
2	2143	688
2	2144	54
2	2144	85
2	2144	590
2	2145	302
2	2146	160
2	2146	308
2	2147	359
2	2147	504
2	2148	564
2	2148	718
2	2149	291
2	2149	705
2	2150	367
2	2151	445
2	2152	67
2	2152	840
2	2153	175
2	2153	317
2	2156	431
2	2156	960
2	2157	483
2	2158	331
2	2159	231
2	2159	314
2	2160	327
2	2160	438
2	2160	661
2	2162	600
2	2163	410
2	2163	713
2	2164	178
2	2164	544
2	2165	229
2	2165	271
2	2165	963
2	2166	156
2	2168	523
2	2168	642
2	2168	900
2	2169	303
2	2169	426
2	2171	371
2	2173	149
2	2173	419
2	2173	761
2	2174	335
2	2174	981
2	2175	355
2	2175	404
2	2176	217
2	2176	471
2	2176	889
2	2177	52
2	2178	538
2	2178	947
2	2179	78
2	2179	296
2	2179	726
2	2180	594
2	2182	797
2	2183	219
2	2183	702
2	2184	745
2	2186	45
2	2186	740
2	2187	709
2	2189	191
2	2190	374
2	2191	657
2	2192	279
2	2196	782
2	2197	369
2	2197	411
2	2197	429
2	2197	738
2	2200	425
2	2202	541
2	2203	507
2	2203	630
2	2204	33
2	2204	330
2	2204	473
2	2204	616
2	2205	716
2	2206	659
2	2206	660
2	2206	829
2	2208	448
2	2210	99
2	2210	270
2	2210	365
2	2210	772
2	2212	129
2	2212	185
2	2212	186
2	2213	77
2	2213	427
2	2214	11
2	2215	362
2	2217	4
2	2218	415
2	2218	428
2	2219	298
2	2219	992
2	2221	311
2	2221	517
2	2223	155
2	2223	460
2	2223	684
2	2223	743
2	2224	108
2	2224	321
2	2224	503
2	2228	265
2	2231	727
2	2233	285
2	2233	708
2	2234	165
2	2235	27
2	2235	580
2	2236	585
2	2237	114
2	2237	491
2	2237	591
2	2239	724
2	2240	13
2	2242	212
2	2242	323
2	2243	169
2	2243	521
2	2244	62
2	2244	850
2	2245	65
2	2246	542
2	2246	951
2	2251	24
2	2252	781
2	2253	121
2	2254	596
2	2256	725
2	2257	571
2	2258	602
2	2258	751
2	2259	378
2	2259	614
2	2260	356
2	2261	301
2	2262	350
2	2263	829
2	2264	353
2	2264	360
2	2266	565
2	2267	493
2	2267	662
2	2268	225
2	2268	534
2	2268	906
2	2272	394
2	2272	465
2	2272	554
2	2276	348
2	2277	869
2	2279	704
2	2280	468
2	2281	808
2	2283	329
2	2284	499
2	2284	768
2	2284	886
2	2284	994
2	2286	404
2	2288	292
2	2288	387
2	2288	547
2	2292	75
2	2292	235
2	2292	522
2	2292	675
2	2292	854
2	2295	539
2	2295	615
2	2295	756
2	2297	6
2	2299	96
2	2299	636
2	2302	593
2	2303	528
2	2303	847
2	2304	257
2	2304	681
2	2304	939
2	2305	762
2	2307	518
2	2307	587
2	2307	678
2	2308	931
2	2310	316
2	2310	713
2	2310	737
2	2310	959
2	2312	981
2	2314	620
2	2315	599
2	2316	767
2	2318	497
2	2318	623
2	2318	779
2	2321	31
2	2321	293
2	2322	420
2	2323	453
2	2323	757
2	2324	685
2	2324	817
2	2325	239
2	2325	993
2	2326	240
2	2327	920
2	2328	651
2	2331	58
2	2331	339
2	2332	32
2	2332	399
2	2338	221
2	2339	12
2	2339	426
2	2340	422
2	2340	546
2	2342	220
2	2342	649
2	2342	674
2	2344	89
2	2345	333
2	2345	365
2	2346	196
2	2347	265
2	2348	381
2	2348	618
2	2348	934
2	2350	120
2	2350	794
2	2351	133
2	2351	933
2	2352	278
2	2352	645
2	2353	458
2	2353	889
2	2355	376
2	2358	459
2	2359	111
2	2359	421
2	2359	487
2	2360	80
2	2360	110
2	2360	310
2	2361	230
2	2361	680
2	2363	435
2	2365	899
2	2366	86
2	2366	731
2	2366	845
2	2372	454
2	2373	654
2	2374	171
2	2374	703
2	2379	390
2	2379	455
2	2383	169
2	2384	71
2	2385	986
2	2387	37
2	2387	158
2	2387	330
2	2389	224
2	2390	465
2	2390	761
2	2392	234
2	2392	368
2	2392	692
2	2393	106
2	2393	584
2	2395	321
2	2396	83
2	2396	281
2	2396	297
2	2396	488
2	2396	617
2	2397	41
2	2397	842
2	2398	141
2	2398	626
2	2399	93
2	2401	695
2	2402	55
2	2402	424
2	2402	527
2	2407	402
2	2408	7
2	2410	184
2	2413	17
2	2415	135
2	2415	159
2	2415	195
2	2415	717
2	2415	855
2	2418	42
2	2418	530
2	2418	967
2	2419	116
2	2420	49
2	2420	444
2	2421	238
2	2422	442
2	2423	970
2	2424	434
2	2424	589
2	2425	182
2	2425	785
2	2426	145
2	2427	343
2	2429	525
2	2429	598
2	2430	43
2	2430	389
2	2431	126
2	2431	150
2	2431	481
2	2432	312
2	2432	987
2	2433	635
2	2435	496
2	2435	609
2	2435	872
2	2439	631
2	2441	94
2	2441	192
2	2441	508
2	2441	655
2	2443	274
2	2443	294
2	2443	335
2	2447	524
2	2449	105
2	2450	131
2	2451	261
2	2451	558
2	2452	177
2	2452	575
2	2453	964
2	2455	767
2	2456	531
2	2458	242
2	2458	857
2	2460	201
2	2460	604
2	2463	26
2	2463	134
2	2465	611
2	2465	751
2	2466	772
2	2466	909
2	2467	302
2	2469	346
2	2470	614
2	2471	139
2	2471	236
2	2472	363
2	2472	693
2	2474	480
2	2475	235
2	2476	385
2	2476	998
2	2477	306
2	2479	403
2	2481	344
2	2481	464
2	2483	127
2	2483	953
2	2484	284
2	2484	890
2	2486	62
2	2487	319
2	2490	709
2	2492	148
2	2492	318
2	2492	324
2	2493	283
2	2494	87
2	2498	544
2	2499	172
2	2499	341
2	2499	947
2	2500	777
2	2501	80
2	2501	202
2	2501	788
2	2503	136
2	2504	69
2	2506	291
2	2507	311
2	2507	718
2	2509	138
2	2509	210
2	2511	840
2	2512	157
2	2512	409
2	2514	362
2	2517	911
2	2517	965
2	2518	243
2	2518	605
2	2519	170
2	2519	394
2	2521	260
2	2522	130
2	2522	980
2	2524	349
2	2525	339
2	2527	360
2	2527	720
2	2527	932
2	2528	576
2	2530	59
2	2532	523
2	2534	114
2	2535	583
2	2535	908
2	2537	662
2	2537	938
2	2540	188
2	2540	290
2	2541	700
2	2544	183
2	2548	63
2	2548	484
2	2548	613
2	2550	727
2	2550	745
2	2550	986
2	2552	175
2	2554	57
2	2554	92
2	2554	405
2	2554	759
2	2554	827
2	2555	430
2	2555	640
2	2557	670
2	2558	711
2	2560	146
2	2560	462
2	2561	128
2	2562	222
2	2563	438
2	2563	597
2	2565	624
2	2566	122
2	2567	231
2	2569	44
2	2569	320
2	2570	392
2	2571	731
2	2571	905
2	2573	211
2	2573	225
2	2574	983
2	2575	247
2	2575	628
2	2576	267
2	2577	34
2	2577	67
2	2578	948
2	2579	502
2	2580	117
2	2580	633
2	2580	659
2	2584	386
2	2585	64
2	2585	400
2	2586	425
2	2587	895
2	2588	817
2	2589	588
2	2589	862
2	2590	19
2	2591	744
2	2592	690
2	2593	47
2	2593	629
2	2594	382
2	2596	794
2	2598	790
2	2599	109
2	2599	356
2	2599	684
2	2599	687
2	2600	97
2	2601	289
2	2602	491
2	2602	517
2	2602	556
2	2602	710
2	2603	984
2	2604	107
2	2607	198
2	2607	608
2	2610	71
2	2611	168
2	2611	756
2	2613	137
2	2616	250
2	2617	209
2	2617	760
2	2619	73
2	2619	407
2	2621	295
2	2621	851
2	2622	929
2	2622	991
2	2623	242
2	2626	835
2	2628	908
2	2629	353
2	2633	352
2	2634	469
2	2635	698
2	2636	568
2	2637	98
2	2637	163
2	2638	610
2	2640	383
2	2640	973
2	2641	303
2	2641	354
2	2642	434
2	2643	853
2	2644	850
2	2645	233
2	2645	506
2	2645	599
2	2646	237
2	2648	816
2	2649	14
2	2649	31
2	2649	708
2	2650	149
2	2650	393
2	2651	176
2	2652	615
2	2653	631
2	2654	197
2	2654	204
2	2655	256
2	2655	648
2	2656	167
2	2656	262
2	2656	487
2	2657	129
2	2658	40
2	2659	725
2	2659	774
2	2659	958
2	2660	404
2	2660	422
2	2660	767
2	2662	271
2	2662	447
2	2663	114
2	2663	649
2	2664	12
2	2665	548
2	2665	651
2	2666	658
2	2667	140
2	2668	372
2	2670	316
2	2671	736
2	2672	85
2	2672	142
2	2672	443
2	2673	199
2	2674	479
2	2676	896
2	2680	297
2	2680	577
2	2682	229
2	2682	328
2	2682	645
2	2682	980
2	2682	993
2	2683	280
2	2683	384
2	2683	806
2	2684	771
2	2685	26
2	2685	191
2	2688	260
2	2689	201
2	2690	274
2	2690	357
2	2690	441
2	2691	20
2	2691	682
2	2691	723
2	2691	728
2	2692	171
2	2692	417
2	2692	442
2	2692	560
2	2693	123
2	2694	232
2	2694	504
2	2696	789
2	2697	512
2	2700	606
2	2701	235
2	2701	358
2	2702	298
2	2702	712
2	2703	268
2	2704	173
2	2704	716
2	2706	184
2	2708	932
2	2709	925
2	2710	451
2	2710	625
2	2711	683
2	2712	287
2	2713	88
2	2714	336
2	2714	838
2	2715	165
2	2715	387
2	2718	722
2	2719	30
2	2719	32
2	2719	585
2	2719	749
2	2720	875
2	2721	281
2	2722	584
2	2722	830
2	2722	856
2	2725	3
2	2726	616
2	2726	847
2	2727	629
2	2730	187
2	2731	254
2	2734	704
2	2734	790
2	2736	571
2	2737	35
2	2741	87
2	2743	296
2	2743	566
2	2743	734
2	2744	25
2	2744	978
2	2745	565
2	2746	59
2	2746	549
2	2749	922
2	2750	611
2	2750	768
2	2750	781
2	2752	795
2	2753	564
2	2754	56
2	2754	563
2	2755	285
2	2755	352
2	2756	136
2	2759	111
2	2759	488
2	2759	652
2	2760	901
2	2761	146
2	2761	511
2	2762	366
2	2763	820
2	2763	982
2	2764	220
2	2764	741
2	2765	351
2	2766	368
2	2768	958
2	2770	28
2	2771	54
2	2771	205
2	2771	381
2	2771	633
2	2771	903
2	2774	980
2	2776	335
2	2778	118
2	2779	726
2	2780	308
2	2780	590
2	2783	928
2	2784	326
2	2784	378
2	2784	922
2	2785	589
2	2786	506
2	2788	770
2	2790	70
2	2790	707
2	2791	224
2	2791	426
2	2792	637
2	2796	774
2	2797	775
2	2797	990
2	2798	127
2	2798	239
2	2798	478
2	2799	266
2	2799	542
2	2799	638
2	2800	521
2	2800	559
2	2801	169
2	2801	348
2	2801	838
2	2803	429
2	2803	796
2	2808	345
2	2809	79
2	2809	837
2	2810	104
2	2810	196
2	2810	286
2	2810	389
2	2811	373
2	2812	495
2	2812	609
2	2813	721
2	2815	396
2	2816	475
2	2816	540
2	2816	801
2	2817	372
2	2817	420
2	2817	470
2	2820	561
2	2821	444
2	2821	884
2	2823	744
2	2824	130
2	2824	301
2	2824	472
2	2827	14
2	2827	573
2	2828	325
2	2829	684
2	2830	403
2	2832	382
2	2834	103
2	2835	494
2	2835	906
2	2837	456
2	2837	671
2	2838	356
2	2838	588
2	2839	391
2	2840	12
2	2840	532
2	2840	667
2	2841	219
2	2841	536
2	2842	150
2	2843	836
2	2844	617
2	2845	253
2	2845	735
2	2846	51
2	2846	178
2	2846	608
2	2846	630
2	2847	41
2	2847	240
2	2847	612
2	2848	1
2	2848	703
2	2848	984
2	2849	663
2	2850	480
2	2851	819
2	2852	344
2	2852	778
2	2854	53
2	2854	333
2	2854	890
2	2855	68
2	2855	400
2	2856	759
2	2856	840
2	2857	374
2	2857	555
2	2858	393
2	2858	628
2	2858	877
2	2859	162
2	2860	725
2	2861	243
2	2861	402
2	2862	294
2	2862	557
2	2864	292
2	2864	851
2	2865	155
2	2865	163
2	2865	311
2	2866	17
2	2866	121
2	2867	579
2	2868	538
2	2869	27
2	2870	898
2	2871	799
2	2872	455
2	2873	343
2	2878	619
2	2878	639
2	2880	192
2	2881	346
2	2882	45
2	2882	360
2	2882	615
2	2884	448
2	2884	676
2	2885	107
2	2885	329
2	2885	675
2	2888	452
2	2889	202
2	2890	50
2	2890	126
2	2891	26
2	2894	44
2	2894	390
2	2895	513
2	2895	534
2	2895	690
2	2896	125
2	2896	795
2	2897	334
2	2899	531
2	2899	666
2	2901	25
2	2903	144
2	2905	810
2	2906	502
2	2908	4
2	2908	642
2	2910	953
2	2911	715
2	2912	852
2	2913	512
2	2913	631
2	2914	147
2	2915	757
2	2916	309
2	2918	7
2	2918	458
2	2918	797
2	2924	304
2	2924	729
2	2926	136
2	2926	554
2	2931	244
2	2931	328
2	2931	726
2	2932	680
2	2933	498
2	2934	738
2	2935	626
2	2937	641
2	2938	562
2	2942	373
2	2943	91
2	2943	262
2	2943	347
2	2944	307
2	2946	660
2	2948	251
2	2948	571
2	2949	285
2	2949	367
2	2951	640
2	2951	803
2	2952	446
2	2952	678
2	2953	167
2	2953	249
2	2954	284
2	2956	585
2	2956	728
2	2957	460
2	2959	990
2	2960	143
2	2961	20
2	2962	692
2	2963	596
2	2964	607
2	2965	38
2	2965	705
2	2966	103
2	2968	550
2	2969	319
2	2970	332
2	2971	686
2	2972	152
2	2972	370
2	2973	526
2	2974	687
2	2975	34
2	2976	234
2	2976	758
2	2976	900
2	2977	501
2	2977	634
2	2979	691
2	2979	822
2	2981	76
2	2981	270
2	2981	870
2	2984	636
2	2986	769
2	2988	552
2	2989	291
2	2991	200
2	2991	436
2	2992	682
2	2993	511
2	2997	127
2	2997	605
2	2998	664
2	2998	872
2	2999	33
2	3000	320
2	3001	354
2	3006	681
2	3007	318
2	3009	173
2	3009	480
2	3011	56
2	3011	811
2	3012	840
2	3012	889
2	3013	189
2	3013	419
2	3014	654
2	3015	286
2	3015	435
2	3017	788
2	3018	342
2	3020	109
2	3020	624
2	3022	36
2	3022	669
2	3024	443
2	3027	196
2	3028	160
2	3028	745
2	3029	353
2	3029	774
2	3030	432
2	3032	577
2	3033	574
2	3033	688
2	3036	243
2	3036	993
2	3037	202
2	3037	583
2	3037	815
2	3038	67
2	3039	292
2	3039	302
2	3039	355
2	3040	66
2	3041	314
2	3042	431
2	3044	61
2	3045	625
2	3046	493
2	3047	967
2	3047	976
2	3050	414
2	3050	449
2	3052	484
2	3053	454
2	3057	488
2	3059	551
2	3060	269
2	3062	350
2	3062	572
2	3067	732
2	3068	77
2	3068	666
2	3069	43
2	3071	385
2	3071	485
2	3071	573
2	3072	8
2	3072	548
2	3075	114
2	3075	135
2	3076	53
2	3076	491
2	3076	689
2	3077	86
2	3077	394
2	3080	400
2	3081	917
2	3082	854
2	3083	645
2	3084	677
2	3085	199
2	3085	791
2	3085	839
2	3087	792
2	3087	851
2	3088	88
2	3088	139
2	3088	543
2	3088	712
2	3088	912
2	3090	276
2	3091	176
2	3091	635
2	3092	242
2	3092	863
2	3093	847
2	3094	540
2	3094	782
2	3096	266
2	3096	378
2	3097	925
2	3098	646
2	3099	303
2	3099	470
2	3100	310
2	3101	13
2	3101	388
2	3102	239
2	3102	517
2	3102	841
2	3103	711
2	3103	938
2	3104	563
2	3106	614
2	3107	471
2	3108	234
2	3108	569
2	3108	638
2	3109	7
2	3110	47
2	3110	455
2	3110	615
2	3111	12
2	3111	748
2	3112	313
2	3113	9
2	3113	225
2	3114	198
2	3115	197
2	3116	520
2	3116	628
2	3117	346
2	3118	734
2	3119	73
2	3120	195
2	3120	799
2	3121	324
2	3121	533
2	3123	786
2	3123	974
2	3124	421
2	3124	609
2	3126	676
2	3128	787
2	3128	884
2	3130	18
2	3130	703
2	3130	764
2	3131	70
2	3134	294
2	3137	59
2	3138	151
2	3138	258
2	3138	546
2	3144	906
2	3145	4
2	3145	230
2	3145	660
2	3146	857
2	3148	245
2	3151	338
2	3152	925
2	3154	193
2	3154	508
2	3154	947
2	3155	566
2	3155	701
2	3156	112
2	3156	692
2	3158	343
2	3158	700
2	3161	509
2	3162	597
2	3162	861
2	3163	298
2	3163	434
2	3163	652
2	3164	423
2	3165	424
2	3169	758
2	3169	780
2	3170	332
2	3170	399
2	3170	816
2	3172	671
2	3172	962
2	3173	596
2	3173	957
2	3174	120
2	3174	155
2	3175	874
2	3175	967
2	3177	20
2	3178	357
2	3179	196
2	3179	264
2	3179	804
2	3180	723
2	3182	249
2	3182	600
2	3182	640
2	3184	564
2	3185	928
2	3186	240
2	3186	710
2	3187	141
2	3188	453
2	3189	382
2	3190	601
2	3190	617
2	3191	267
2	3193	22
2	3193	994
2	3194	545
2	3194	637
2	3196	204
2	3196	788
2	3197	556
2	3197	651
2	3198	752
2	3199	460
2	3201	80
2	3202	784
2	3202	904
2	3203	831
2	3205	872
2	3206	474
2	3208	887
2	3209	589
2	3210	371
2	3211	169
2	3212	115
2	3212	372
2	3212	814
2	3213	443
2	3213	486
2	3213	535
2	3213	653
2	3214	103
2	3214	930
2	3215	13
2	3215	756
2	3217	83
2	3218	595
2	3219	559
2	3219	632
2	3219	843
2	3220	140
2	3221	38
2	3221	531
2	3222	67
2	3222	478
2	3223	74
2	3224	790
2	3226	581
2	3226	716
2	3227	36
2	3227	363
2	3227	941
2	3229	54
2	3229	293
2	3230	978
2	3231	182
2	3231	729
2	3234	192
2	3236	19
2	3236	952
2	3237	246
2	3240	401
2	3241	122
2	3241	974
2	3242	500
2	3244	472
2	3244	525
2	3244	776
2	3245	428
2	3246	775
2	3247	218
2	3247	378
2	3247	936
2	3249	236
2	3249	633
2	3249	774
2	3250	116
2	3250	312
2	3253	66
2	3254	121
2	3255	392
2	3256	200
2	3256	480
2	3256	576
2	3257	513
2	3258	43
2	3259	6
2	3259	749
2	3259	860
2	3261	188
2	3264	696
2	3265	72
2	3265	365
2	3266	250
2	3266	308
2	3266	367
2	3268	126
2	3268	490
2	3269	469
2	3270	481
2	3272	187
2	3272	345
2	3274	587
2	3275	916
2	3277	432
2	3281	567
2	3282	663
2	3283	854
2	3284	28
2	3284	167
2	3285	379
2	3285	413
2	3287	594
2	3288	251
2	3289	675
2	3290	69
2	3290	98
2	3292	475
2	3294	125
2	3294	178
2	3294	503
2	3294	677
2	3296	792
2	3298	52
2	3298	376
2	3299	726
2	3300	661
2	3301	492
2	3302	702
2	3302	836
2	3303	104
2	3304	516
2	3304	660
2	3304	703
2	3305	41
2	3305	810
2	3305	944
2	3308	947
2	3309	258
2	3310	215
2	3311	754
2	3312	230
2	3316	910
2	3317	86
2	3317	523
2	3317	805
2	3317	937
2	3318	446
2	3318	568
2	3319	654
2	3319	992
2	3321	952
2	3324	514
2	3324	987
2	3325	128
2	3325	580
2	3326	849
2	3327	260
2	3328	253
2	3329	715
2	3330	270
2	3333	406
2	3334	425
2	3334	925
2	3334	927
2	3336	402
2	3336	604
2	3338	166
2	3338	256
2	3338	673
2	3339	736
2	3340	243
2	3340	520
2	3341	56
2	3341	601
2	3342	423
2	3343	342
2	3344	154
2	3344	191
2	3344	584
2	3345	398
2	3346	57
2	3346	674
2	3347	552
2	3348	658
2	3348	671
2	3350	647
2	3350	764
2	3352	160
2	3352	816
2	3354	457
2	3354	458
2	3354	856
2	3355	690
2	3355	814
2	3356	417
2	3358	353
2	3358	356
2	3358	694
2	3359	583
2	3362	357
2	3365	917
2	3366	783
2	3367	25
2	3367	265
2	3368	257
2	3368	393
2	3368	717
2	3368	744
2	3368	977
2	3369	130
2	3369	209
2	3372	455
2	3375	100
2	3375	684
2	3376	935
2	3377	184
2	3378	405
2	3379	625
2	3380	61
2	3380	78
2	3380	217
2	3381	612
2	3382	162
2	3382	349
2	3382	418
2	3383	3
2	3384	293
2	3385	148
2	3385	652
2	3386	361
2	3386	553
2	3387	263
2	3388	698
2	3389	439
2	3391	463
2	3392	62
2	3393	756
2	3393	822
2	3394	632
2	3395	507
2	3395	884
2	3399	303
2	3399	769
2	3400	728
2	3400	868
2	3401	414
2	3401	505
2	3402	445
2	3402	542
2	3402	881
2	3405	430
2	3407	109
2	3407	651
2	3409	464
2	3410	144
2	3411	761
2	3412	428
2	3412	595
2	3414	53
2	3414	95
2	3416	923
2	3417	277
2	3417	359
2	3418	758
2	3418	853
2	3420	147
2	3420	465
2	3422	877
2	3424	281
2	3424	669
2	3425	980
2	3426	26
2	3427	401
2	3427	779
2	3428	706
2	3429	348
2	3430	97
2	3431	346
2	3431	426
2	3432	495
2	3433	41
2	3435	58
2	3435	548
2	3436	991
2	3438	381
2	3438	561
2	3439	621
2	3440	19
2	3440	31
2	3441	404
2	3442	195
2	3443	1
2	3443	563
2	3446	29
2	3446	190
2	3446	549
2	3446	619
2	3447	560
2	3447	597
2	3448	106
2	3448	374
2	3448	790
2	3450	331
2	3450	585
2	3455	592
2	3456	92
2	3456	956
2	3457	55
2	3457	616
2	3457	908
2	3458	7
2	3460	643
2	3461	299
2	3462	712
2	3462	978
2	3463	219
2	3463	765
2	3464	262
2	3466	775
2	3468	878
2	3468	996
2	3471	119
2	3476	110
2	3476	884
2	3478	5
2	3478	170
2	3478	842
2	3479	352
2	3480	108
2	3480	139
2	3481	2
2	3483	947
2	3484	496
2	3485	307
2	3485	379
2	3486	201
2	3486	286
2	3486	907
2	3487	127
2	3490	247
2	3490	982
2	3491	402
2	3492	800
2	3493	167
2	3493	777
2	3495	617
2	3497	252
2	3498	855
2	3499	760
2	3501	271
2	3501	435
2	3502	641
2	3505	179
2	3505	748
2	3506	524
2	3506	533
2	3506	984
2	3507	143
2	3507	248
2	3507	528
2	3509	162
2	3509	328
2	3509	776
2	3509	816
2	3511	766
2	3515	113
2	3515	786
2	3517	288
2	3517	599
2	3517	680
2	3518	47
2	3518	200
2	3518	915
2	3519	362
2	3519	814
2	3521	199
2	3521	241
2	3521	773
2	3523	397
2	3524	743
2	3526	594
2	3527	394
2	3528	840
2	3529	969
2	3531	665
2	3532	626
2	3533	43
2	3533	335
2	3534	290
2	3535	284
2	3535	979
2	3539	173
2	3539	266
2	3542	694
2	3543	264
2	3545	226
2	3546	287
2	3547	61
2	3547	79
2	3548	316
2	3549	17
2	3549	129
2	3549	338
2	3549	444
2	3549	466
2	3550	529
2	3551	273
2	3553	118
2	3556	390
2	3557	813
2	3558	566
2	3560	72
2	3560	230
2	3561	589
2	3561	781
2	3563	542
2	3564	150
2	3564	461
2	3565	843
2	3567	62
2	3568	28
2	3568	135
2	3569	493
2	3571	37
2	3571	392
2	3572	59
2	3572	87
2	3572	895
2	3575	693
2	3576	251
2	3576	393
2	3576	764
2	3577	706
2	3578	309
2	3580	75
2	3580	377
2	3580	709
2	3582	578
2	3582	653
2	3585	106
2	3585	425
2	3585	546
2	3585	796
2	3586	306
2	3587	514
2	3589	296
2	3589	498
2	3591	629
2	3592	276
2	3593	44
2	3595	551
2	3596	590
2	3597	304
2	3599	237
2	3602	70
2	3602	839
2	3603	140
2	3603	593
2	3604	576
2	3604	647
2	3604	744
2	3605	439
2	3607	917
2	3608	884
2	3610	634
2	3611	620
2	3611	724
2	3613	965
2	3614	60
2	3614	532
2	3615	78
2	3615	263
2	3619	455
2	3619	492
2	3620	125
2	3620	236
2	3620	728
2	3621	572
2	3621	691
2	3622	477
2	3623	822
2	3623	894
2	3628	19
2	3628	388
2	3629	614
2	3632	403
2	3632	441
2	3633	320
2	3635	115
2	3635	531
2	3636	326
2	3637	396
2	3638	206
2	3639	253
2	3639	854
2	3640	418
2	3640	970
2	3642	85
2	3642	592
2	3643	228
2	3643	526
2	3643	585
2	3644	212
2	3644	480
2	3647	74
2	3647	628
2	3649	463
2	3650	769
2	3652	469
2	3653	443
2	3653	898
2	3654	607
2	3655	538
2	3656	110
2	3656	163
2	3657	501
2	3658	269
2	3660	356
2	3660	819
2	3662	474
2	3662	580
2	3664	333
2	3669	158
2	3670	63
2	3670	632
2	3671	784
2	3675	168
2	3675	521
2	3676	282
2	3676	318
2	3677	419
2	3679	12
2	3680	458
2	3682	683
2	3683	877
2	3684	4
2	3684	257
2	3684	404
2	3685	391
2	3685	615
2	3687	459
2	3688	399
2	3689	488
2	3689	716
2	3690	55
2	3690	327
2	3690	617
2	3691	45
2	3692	570
2	3692	672
2	3692	703
2	3692	720
2	3693	654
2	3694	23
2	3694	346
2	3694	732
2	3695	368
2	3695	695
2	3695	772
2	3697	13
2	3697	619
2	3697	725
2	3698	166
2	3699	577
2	3700	57
2	3701	51
2	3701	589
2	3703	278
2	3703	564
2	3704	146
2	3704	409
2	3704	512
2	3707	829
2	3707	855
2	3708	630
2	3708	774
2	3709	510
2	3711	901
2	3712	99
2	3712	601
2	3713	105
2	3713	679
2	3713	692
2	3714	128
2	3714	255
2	3716	863
2	3720	36
2	3720	155
2	3721	842
2	3723	584
2	3723	648
2	3724	762
2	3725	209
2	3726	137
2	3726	788
2	3727	21
2	3727	153
2	3728	31
2	3729	667
2	3730	341
2	3731	336
2	3731	484
2	3732	87
2	3732	114
2	3732	235
2	3733	252
2	3734	138
2	3734	781
2	3734	790
2	3734	819
2	3736	909
2	3740	861
2	3741	497
2	3741	588
2	3741	880
2	3743	203
2	3743	800
2	3744	763
2	3745	431
2	3745	551
2	3745	704
2	3747	446
2	3749	92
2	3749	766
2	3750	513
2	3751	56
2	3751	260
2	3751	525
2	3755	244
2	3755	500
2	3755	524
2	3755	828
2	3756	53
2	3757	14
2	3757	383
2	3758	9
2	3758	815
2	3758	903
2	3759	46
2	3761	1
2	3761	73
2	3762	604
2	3764	185
2	3765	148
2	3766	853
2	3767	119
2	3767	359
2	3767	944
2	3768	323
2	3769	362
2	3770	88
2	3770	714
2	3770	968
2	3771	293
2	3771	624
2	3772	122
2	3773	621
2	3774	144
2	3777	487
2	3777	779
2	3779	237
2	3779	562
2	3780	345
2	3780	559
2	3782	253
2	3784	545
2	3784	612
2	3787	60
2	3787	338
2	3788	44
2	3788	350
2	3790	2
2	3791	11
2	3791	656
2	3792	566
2	3793	230
2	3793	259
2	3793	301
2	3793	391
2	3794	902
2	3795	473
2	3797	211
2	3797	340
2	3797	803
2	3798	689
2	3800	329
2	3800	515
2	3800	705
2	3801	717
2	3802	936
2	3804	308
2	3804	461
2	3807	42
2	3807	424
2	3807	548
2	3809	955
2	3811	777
2	3812	309
2	3813	179
2	3814	445
2	3815	210
2	3817	722
2	3819	34
2	3819	217
2	3820	357
2	3822	634
2	3822	896
2	3822	934
2	3823	8
2	3825	83
2	3825	247
2	3826	922
2	3827	395
2	3831	508
2	3831	632
2	3832	787
2	3834	5
2	3834	542
2	3836	453
2	3838	226
2	3838	234
2	3839	129
2	3839	471
2	3842	150
2	3842	746
2	3842	974
2	3843	231
2	3843	959
2	3844	324
2	3844	550
2	3845	106
2	3845	502
2	3846	176
2	3846	832
2	3847	94
2	3848	78
2	3848	317
2	3848	635
2	3848	864
2	3849	112
2	3849	115
2	3849	703
2	3849	735
2	3851	111
2	3852	996
2	3854	339
2	3856	37
2	3857	152
2	3857	757
2	3857	784
2	3860	91
2	3860	517
2	3861	844
2	3861	876
2	3861	944
2	3862	478
2	3862	601
2	3863	61
2	3863	315
2	3864	349
2	3864	496
2	3864	509
2	3865	610
2	3867	258
2	3867	592
2	3867	830
2	3868	773
2	3869	557
2	3869	567
2	3870	440
2	3871	525
2	3871	537
2	3872	128
2	3873	30
2	3874	756
2	3874	838
2	3875	330
2	3875	633
2	3875	742
2	3876	534
2	3876	611
2	3877	369
2	3879	164
2	3879	512
2	3880	314
2	3881	58
2	3881	464
2	3881	568
2	3881	727
2	3881	748
2	3882	297
2	3884	165
2	3885	769
2	3885	869
2	3886	313
2	3886	495
2	3886	679
2	3887	89
2	3887	643
2	3888	344
2	3889	484
2	3890	543
2	3890	739
2	3891	415
2	3891	644
2	3892	254
2	3892	921
2	3892	965
2	3893	681
2	3894	775
2	3895	341
2	3896	85
2	3896	90
2	3896	202
2	3897	366
2	3900	269
2	3900	427
2	3900	772
2	3901	360
2	3901	549
2	3901	654
2	3902	470
2	3903	81
2	3903	162
2	3903	507
2	3903	686
2	3905	158
2	3905	662
2	3906	196
2	3906	458
2	3906	552
2	3906	791
2	3907	520
2	3908	636
2	3908	839
2	3908	855
2	3909	218
2	3909	233
2	3909	482
2	3910	3
2	3910	673
2	3911	144
2	3911	752
2	3912	897
2	3913	394
2	3913	861
2	3914	967
2	3915	328
2	3915	501
2	3916	740
2	3917	462
2	3918	450
2	3920	323
2	3920	443
2	3921	331
2	3921	624
2	3921	792
2	3922	305
2	3922	375
2	3922	646
2	3924	45
2	3925	536
2	3926	493
2	3926	693
2	3929	404
2	3930	737
2	3932	688
2	3932	799
2	3935	925
2	3936	22
2	3936	157
2	3936	177
2	3936	459
2	3938	587
2	3939	64
2	3940	759
2	3941	74
2	3941	276
2	3941	953
2	3942	365
2	3942	607
2	3943	347
2	3943	744
2	3943	943
2	3943	982
2	3947	24
2	3947	890
2	3948	88
2	3948	107
2	3950	883
2	3951	503
2	3952	371
2	3953	844
2	3954	642
2	3954	659
2	3955	721
2	3956	160
2	3957	848
2	3962	272
2	3964	494
2	3964	511
2	3965	460
2	3965	639
2	3965	683
2	3967	613
2	3967	638
2	3967	857
2	3968	278
2	3968	559
2	3968	951
2	3970	480
2	3971	285
2	3974	175
2	3974	762
2	3975	374
2	3979	55
2	3979	363
2	3980	111
2	3980	130
2	3980	265
2	3981	531
2	3981	824
2	3983	555
2	3983	656
2	3984	735
2	3985	423
2	3985	776
2	3985	835
2	3986	615
2	3986	929
2	3988	358
2	3988	414
2	3988	743
2	3989	474
2	3989	544
2	3990	192
2	3991	603
2	3991	828
2	3992	477
2	3993	725
2	3994	30
2	3995	466
2	3996	133
2	3998	232
2	3998	424
2	3999	575
2	4000	433
2	4001	714
2	4002	588
2	4002	696
2	4003	240
2	4004	67
2	4004	442
2	4006	72
2	4006	437
2	4007	53
2	4007	554
2	4007	564
2	4008	298
2	4008	944
2	4009	561
2	4009	623
2	4010	585
2	4011	217
2	4011	881
2	4011	998
2	4013	781
2	4015	85
2	4015	359
2	4016	562
2	4019	138
2	4019	698
2	4019	989
2	4020	165
2	4020	661
2	4021	435
2	4022	678
2	4023	193
2	4024	826
2	4025	380
2	4025	745
2	4026	89
2	4027	214
2	4027	1000
2	4028	301
2	4028	329
2	4028	594
2	4028	985
2	4029	178
2	4029	963
2	4031	885
2	4032	222
2	4032	418
2	4032	533
2	4032	567
2	4034	796
2	4037	147
2	4037	629
2	4037	634
2	4037	814
2	4038	583
2	4038	626
2	4040	235
2	4040	713
2	4042	195
2	4042	384
2	4043	426
2	4044	122
2	4044	497
2	4045	128
2	4045	510
2	4048	977
2	4049	28
2	4049	310
2	4050	491
2	4051	274
2	4053	804
2	4056	137
2	4057	197
2	4058	183
2	4059	237
2	4060	284
2	4060	721
2	4060	812
2	4061	42
2	4061	557
2	4062	393
2	4064	630
2	4064	815
2	4065	173
2	4065	416
2	4066	576
2	4067	346
2	4067	687
2	4067	709
2	4068	161
2	4068	401
2	4068	528
2	4070	671
2	4071	148
2	4071	420
2	4071	789
2	4072	3
2	4073	680
2	4075	112
2	4075	171
2	4075	577
2	4075	886
2	4076	308
2	4076	800
2	4077	19
2	4078	913
2	4079	345
2	4079	645
2	4080	746
2	4081	945
2	4082	388
2	4083	779
2	4085	260
2	4085	708
2	4086	170
2	4086	198
2	4087	316
2	4087	855
2	4088	295
2	4088	504
2	4088	664
2	4091	771
2	4091	773
2	4092	254
2	4093	258
2	4093	765
2	4095	109
2	4095	305
2	4097	598
2	4098	297
2	4099	539
2	4100	249
2	4100	304
2	4100	609
2	4101	452
2	4102	417
2	4102	666
2	4102	981
2	4103	134
2	4105	311
2	4105	339
2	4105	441
2	4105	926
2	4107	22
2	4108	870
2	4110	292
2	4110	579
2	4111	602
2	4112	226
2	4112	978
2	4115	142
2	4116	876
2	4117	69
2	4119	931
2	4119	988
2	4120	84
2	4122	202
2	4124	335
2	4125	667
2	4125	899
2	4127	200
2	4127	412
2	4128	145
2	4131	470
2	4131	864
2	4132	406
2	4133	110
2	4133	457
2	4133	728
2	4134	415
2	4134	859
2	4135	902
2	4137	199
2	4137	368
2	4138	949
2	4139	49
2	4139	538
2	4140	705
2	4141	180
2	4141	313
2	4142	219
2	4143	627
2	4145	351
2	4145	608
2	4146	445
2	4146	625
2	4147	647
2	4149	467
2	4149	655
2	4153	395
2	4154	340
2	4154	758
2	4155	855
2	4155	923
2	4156	697
2	4157	190
2	4158	123
2	4159	205
2	4159	439
2	4159	786
2	4159	936
2	4160	4
2	4160	643
2	4160	650
2	4161	549
2	4161	735
2	4162	68
2	4162	343
2	4162	472
2	4163	89
2	4163	262
2	4164	216
2	4165	42
2	4165	356
2	4166	117
2	4167	320
2	4167	488
2	4167	593
2	4168	500
2	4169	25
2	4170	98
2	4171	287
2	4171	480
2	4173	670
2	4178	563
2	4179	978
2	4180	451
2	4181	641
2	4182	540
2	4182	568
2	4182	979
2	4183	654
2	4186	149
2	4186	330
2	4186	723
2	4187	30
2	4187	694
2	4188	125
2	4191	550
2	4192	27
2	4192	742
2	4193	63
2	4193	821
2	4193	974
2	4195	221
2	4195	707
2	4198	21
2	4202	121
2	4202	167
2	4202	372
2	4203	138
2	4203	407
2	4203	944
2	4204	851
2	4206	242
2	4206	371
2	4206	624
2	4207	76
2	4208	107
2	4208	126
2	4209	726
2	4210	318
2	4211	13
2	4212	247
2	4212	268
2	4213	523
2	4213	847
2	4215	60
2	4219	217
2	4219	619
2	4221	194
2	4221	256
2	4221	866
2	4222	551
2	4223	275
2	4223	552
2	4226	426
2	4227	409
2	4227	784
2	4228	64
2	4228	337
2	4228	595
2	4233	201
2	4233	615
2	4234	688
2	4235	178
2	4235	289
2	4236	193
2	4237	315
2	4237	616
2	4238	618
2	4240	325
2	4241	743
2	4242	74
2	4242	701
2	4242	812
2	4244	369
2	4244	646
2	4245	668
2	4246	53
2	4246	54
2	4248	653
2	4249	633
2	4249	733
2	4252	197
2	4252	933
2	4252	979
2	4253	213
2	4253	857
2	4254	349
2	4255	752
2	4259	629
2	4260	783
2	4261	118
2	4261	176
2	4261	713
2	4262	567
2	4262	904
2	4263	366
2	4264	705
2	4265	454
2	4266	725
2	4268	749
2	4270	800
2	4272	135
2	4272	991
2	4273	531
2	4274	158
2	4274	700
2	4275	992
2	4277	69
2	4277	434
2	4277	761
2	4278	399
2	4278	864
2	4279	365
2	4279	489
2	4281	227
2	4282	675
2	4285	958
2	4286	34
2	4286	97
2	4287	142
2	4287	989
2	4288	71
2	4289	648
2	4289	962
2	4292	83
2	4292	145
2	4292	609
2	4292	882
2	4295	471
2	4296	892
2	4297	604
2	4299	732
2	4299	792
2	4300	460
2	4303	910
2	4304	607
2	4307	406
2	4309	512
2	4309	564
2	4309	866
2	4311	342
2	4313	404
2	4313	543
2	4314	25
2	4314	42
2	4314	510
2	4314	620
2	4315	442
2	4316	143
2	4316	255
2	4318	22
2	4318	206
2	4321	501
2	4322	539
2	4327	484
2	4327	630
2	4328	958
2	4329	427
2	4329	657
2	4330	48
2	4330	436
2	4331	237
2	4331	375
2	4334	593
2	4335	92
2	4335	479
2	4336	780
2	4337	123
2	4337	203
2	4340	46
2	4340	420
2	4341	58
2	4342	223
2	4342	232
2	4344	102
2	4344	438
2	4346	73
2	4347	238
2	4347	298
2	4348	208
2	4348	596
2	4350	709
2	4353	194
2	4353	323
2	4353	424
2	4354	239
2	4354	612
2	4356	130
2	4356	521
2	4356	623
2	4357	306
2	4357	334
2	4359	99
2	4360	417
2	4360	681
2	4360	767
2	4363	305
2	4364	528
2	4366	321
2	4366	632
2	4367	8
2	4368	559
2	4369	126
2	4369	532
2	4370	787
2	4371	583
2	4373	734
2	4374	685
2	4378	482
2	4379	876
2	4381	435
2	4382	885
2	4383	415
2	4383	744
2	4385	394
2	4385	640
2	4386	30
2	4386	362
2	4387	256
2	4390	28
2	4390	52
2	4391	140
2	4391	320
2	4392	347
2	4393	89
2	4393	390
2	4394	669
2	4395	56
2	4395	642
2	4395	728
2	4396	165
2	4396	247
2	4396	602
2	4397	569
2	4397	585
2	4399	579
2	4400	236
2	4400	494
2	4400	587
2	4402	368
2	4402	483
2	4405	961
2	4408	388
2	4408	410
2	4410	451
2	4410	878
2	4411	113
2	4411	469
2	4411	645
2	4412	196
2	4412	266
2	4413	727
2	4415	36
2	4416	439
2	4416	562
2	4418	398
2	4418	457
2	4418	993
2	4419	812
2	4421	216
2	4421	541
2	4421	907
2	4424	692
2	4424	955
2	4426	742
2	4428	555
2	4428	968
2	4430	229
2	4431	213
2	4432	426
2	4432	919
2	4433	755
2	4433	793
2	4434	20
2	4434	450
2	4434	684
2	4435	150
2	4436	748
2	4438	359
2	4439	441
2	4440	506
2	4441	971
2	4442	294
2	4442	659
2	4443	852
2	4445	570
2	4445	616
2	4448	195
2	4448	760
2	4450	159
2	4450	437
2	4452	463
2	4453	207
2	4454	55
2	4455	230
2	4456	248
2	4460	504
2	4461	330
2	4461	423
2	4461	665
2	4463	90
2	4463	770
2	4464	93
2	4465	392
2	4465	641
2	4466	16
2	4466	863
2	4467	147
2	4469	49
2	4470	419
2	4470	599
2	4470	720
2	4471	125
2	4472	132
2	4472	526
2	4472	850
2	4473	281
2	4475	80
2	4475	299
2	4475	897
2	4476	553
2	4477	432
2	4478	134
2	4478	689
2	4478	786
2	4479	341
2	4479	401
2	4479	765
2	4480	301
2	4481	9
2	4481	350
2	4482	14
2	4482	448
2	4483	874
2	4484	332
2	4485	105
2	4485	434
2	4486	158
2	4486	819
2	4487	445
2	4488	43
2	4488	63
2	4488	208
2	4489	304
2	4489	403
2	4489	531
2	4490	171
2	4490	535
2	4490	564
2	4491	162
2	4491	336
2	4491	404
2	4491	409
2	4492	507
2	4493	23
2	4493	114
2	4493	666
2	4494	774
2	4494	777
2	4495	686
2	4496	62
2	4496	929
2	4500	277
2	4502	412
2	4503	27
2	4503	225
2	4503	611
2	4503	862
2	4504	467
2	4504	693
2	4505	909
2	4506	260
2	4506	279
2	4507	362
2	4507	965
2	4509	76
2	4511	402
2	4513	701
2	4513	706
2	4513	977
2	4514	576
2	4514	732
2	4515	865
2	4517	508
2	4517	633
2	4520	239
2	4520	433
2	4522	323
2	4523	18
2	4523	387
2	4523	946
2	4524	91
2	4524	296
2	4525	903
2	4527	177
2	4530	154
2	4530	489
2	4531	488
2	4531	936
2	4532	663
2	4533	85
2	4533	809
2	4534	339
2	4535	8
2	4535	662
2	4536	557
2	4537	853
2	4538	136
2	4539	469
2	4541	345
2	4542	679
2	4544	234
2	4545	333
2	4546	143
2	4546	698
2	4548	845
2	4548	906
2	4549	331
2	4549	379
2	4550	119
2	4550	487
2	4550	660
2	4551	804
2	4552	674
2	4553	166
2	4553	223
2	4554	478
2	4554	497
2	4556	178
2	4556	356
2	4557	187
2	4557	292
2	4557	405
2	4559	364
2	4560	513
2	4560	867
2	4561	781
2	4562	360
2	4563	312
2	4564	35
2	4564	647
2	4565	492
2	4567	498
2	4570	243
2	4571	116
2	4571	318
2	4571	530
2	4573	943
2	4574	111
2	4574	182
2	4574	555
2	4574	896
2	4576	398
2	4576	511
2	4578	600
2	4578	925
2	4580	620
2	4581	263
2	4581	671
2	4582	325
2	4583	397
2	4583	747
2	4584	81
2	4584	84
2	4584	86
2	4585	46
2	4585	643
2	4585	750
2	4585	769
2	4586	430
2	4588	156
2	4590	203
2	4590	810
2	4591	57
2	4593	695
2	4593	894
2	4594	370
2	4596	735
2	4598	577
2	4599	140
2	4600	252
2	4600	700
2	4601	400
2	4602	648
2	4604	48
2	4604	636
2	4604	973
2	4606	232
2	4609	175
2	4609	317
2	4609	661
2	4610	201
2	4612	429
2	4614	295
2	4614	421
2	4614	718
2	4618	551
2	4619	73
2	4619	534
2	4619	566
2	4620	307
2	4620	540
2	4620	833
2	4621	987
2	4624	44
2	4625	228
2	4627	276
2	4627	751
2	4629	267
2	4632	626
2	4633	367
2	4634	518
2	4635	452
2	4635	533
2	4636	431
2	4637	40
2	4638	326
2	4639	92
2	4639	514
2	4644	250
2	4645	627
2	4646	164
2	4646	649
2	4647	255
2	4647	590
2	4647	963
2	4648	422
2	4648	729
2	4649	942
2	4651	562
2	4651	702
2	4653	280
2	4653	438
2	4654	392
2	4658	68
2	4659	33
2	4659	393
2	4660	49
2	4660	185
2	4661	281
2	4661	282
2	4661	764
2	4661	953
2	4662	449
2	4663	145
2	4663	173
2	4664	436
2	4665	404
2	4665	842
2	4666	125
2	4666	779
2	4667	124
2	4671	357
2	4671	425
2	4671	833
2	4671	910
2	4672	288
2	4672	300
2	4672	406
2	4674	107
2	4675	701
2	4675	853
2	4676	231
2	4678	417
2	4678	493
2	4678	581
2	4679	211
2	4681	898
2	4682	927
2	4684	215
2	4684	474
2	4685	435
2	4685	904
2	4686	305
2	4686	691
2	4687	412
2	4687	774
2	4689	133
2	4689	337
2	4689	744
2	4690	162
2	4690	529
2	4691	568
2	4691	678
2	4691	734
2	4691	844
2	4692	640
2	4695	105
2	4698	94
2	4701	468
2	4701	759
2	4702	146
2	4706	940
2	4708	350
2	4708	740
2	4710	257
2	4711	102
2	4711	174
2	4711	549
2	4712	483
2	4713	197
2	4717	155
2	4717	212
2	4717	929
2	4718	509
2	4719	714
2	4721	697
2	4722	89
2	4722	138
2	4722	560
2	4723	771
2	4726	819
2	4727	608
2	4731	266
2	4732	129
2	4733	831
2	4734	12
2	4736	639
2	4738	619
2	4740	444
2	4740	712
2	4742	287
2	4742	786
2	4743	120
2	4744	78
2	4745	207
2	4746	62
2	4747	336
2	4748	58
2	4748	142
2	4748	583
2	4748	749
2	4749	351
2	4750	172
2	4752	790
2	4753	221
2	4754	345
2	4755	152
2	4755	952
2	4756	27
2	4756	180
2	4756	433
2	4757	121
2	4757	269
2	4758	383
2	4758	596
2	4759	931
2	4760	683
2	4761	426
2	4762	641
2	4763	679
2	4764	445
2	4764	942
2	4765	686
2	4766	353
2	4770	522
2	4771	672
2	4772	541
2	4772	863
2	4773	459
2	4773	473
2	4774	626
2	4775	316
2	4775	761
2	4776	17
2	4776	311
2	4776	557
2	4777	80
2	4777	599
2	4778	871
2	4779	401
2	4779	547
2	4781	486
2	4782	46
2	4783	508
2	4785	309
2	4786	462
2	4787	237
2	4787	998
2	4788	879
2	4789	81
2	4790	32
2	4790	582
2	4790	700
2	4792	59
2	4793	92
2	4793	179
2	4794	397
2	4795	225
2	4796	434
2	4796	766
2	4797	631
2	4798	502
2	4800	646
2	4801	297
2	4802	943
2	4803	446
2	4804	694
2	4805	896
2	4806	392
2	4807	888
2	4809	650
2	4812	344
2	4812	764
2	4813	649
2	4814	29
2	4814	238
2	4814	504
2	4814	536
2	4814	598
2	4815	556
2	4816	620
2	4818	51
2	4818	485
2	4819	7
2	4819	563
2	4821	205
2	4821	517
2	4821	829
2	4821	866
2	4822	384
2	4822	539
2	4822	674
2	4822	801
2	4823	289
2	4824	660
2	4828	11
2	4829	257
2	4830	200
2	4830	559
2	4831	569
2	4832	308
2	4832	322
2	4836	206
2	4836	379
2	4837	188
2	4841	900
2	4843	711
2	4845	286
2	4846	9
2	4846	264
2	4848	889
2	4850	675
2	4852	35
2	4852	147
2	4855	796
2	4856	277
2	4857	110
2	4858	139
2	4861	365
2	4862	405
2	4862	574
2	4862	980
2	4863	463
2	4863	717
2	4864	690
2	4864	821
2	4865	725
2	4867	102
2	4868	95
2	4868	394
2	4868	645
2	4868	800
2	4869	33
2	4869	653
2	4872	164
2	4872	787
2	4873	334
2	4873	602
2	4873	768
2	4874	71
2	4874	106
2	4874	185
2	4874	763
2	4876	5
2	4877	280
2	4879	593
2	4879	607
2	4880	407
2	4880	732
2	4882	481
2	4884	276
2	4885	667
2	4886	193
2	4886	816
2	4887	20
2	4887	108
2	4887	635
2	4888	236
2	4888	382
2	4888	605
2	4890	357
2	4890	358
2	4890	453
2	4891	613
2	4892	86
2	4892	840
2	4893	727
2	4894	525
2	4895	118
2	4895	820
2	4896	565
2	4897	190
2	4898	418
2	4898	501
2	4898	610
2	4899	347
2	4899	482
2	4899	760
2	4902	521
2	4902	762
2	4903	22
2	4905	722
2	4906	100
2	4906	785
2	4907	223
2	4908	883
2	4909	313
2	4912	83
2	4914	901
2	4915	66
2	4918	24
2	4922	333
2	4925	37
2	4925	163
2	4929	131
2	4929	210
2	4929	244
2	4929	753
2	4930	227
2	4930	318
2	4930	659
2	4932	306
2	4932	935
2	4933	705
2	4934	553
2	4935	146
2	4935	376
2	4936	41
2	4937	12
2	4938	507
2	4940	479
2	4941	748
2	4941	827
2	4943	187
2	4946	21
2	4946	585
2	4948	461
2	4949	209
2	4949	381
2	4950	336
2	4951	398
2	4951	517
2	4951	561
2	4954	526
2	4956	154
2	4957	492
2	4957	742
2	4958	655
2	4959	317
2	4959	904
2	4959	960
2	4961	166
2	4962	713
2	4965	228
2	4966	6
2	4966	792
2	4966	808
2	4967	133
2	4967	765
2	4968	67
2	4969	454
2	4969	845
2	4970	226
2	4971	674
2	4972	26
2	4972	291
2	4973	148
2	4973	930
2	4974	377
2	4974	741
2	4975	465
2	4975	527
2	4977	551
2	4977	779
2	4980	125
2	4980	871
2	4981	277
2	4981	621
2	4982	36
2	4983	251
2	4986	403
2	4986	558
2	4989	164
2	4989	777
2	4990	577
2	4991	838
2	4992	341
2	4992	392
2	4993	474
2	4993	994
2	4994	420
2	4995	113
2	4995	298
2	4995	451
2	4996	267
2	4996	596
2	4997	278
2	4997	410
2	4997	780
2	5000	149
2	5000	487
