2	-1	0
2	1	158
2	1	657
2	2	169
2	2	802
2	3	171
2	3	682
2	4	276
2	4	523
2	4	684
2	4	914
2	4	960
2	6	9
2	6	12
2	6	165
2	7	965
2	9	716
2	9	988
2	11	61
2	11	697
2	12	121
2	12	212
2	12	655
2	14	74
2	14	141
2	15	466
2	16	73
2	16	503
2	17	225
2	17	254
2	17	945
2	17	949
2	19	643
2	20	658
2	23	306
2	23	518
2	23	772
2	24	374
2	25	337
2	25	698
2	26	43
2	26	923
2	27	190
2	27	596
2	31	217
2	33	37
2	33	120
2	33	664
2	33	687
2	34	474
2	35	628
2	37	142
2	37	405
2	37	767
2	38	187
2	38	710
2	39	564
2	39	616
2	40	588
2	41	181
2	41	206
2	41	267
2	41	705
2	42	818
2	43	380
2	44	725
2	45	482
2	46	54
2	51	365
2	51	467
2	51	730
2	52	958
2	54	766
2	56	201
2	57	907
2	58	359
2	59	305
2	59	498
2	60	247
2	61	632
2	62	270
2	63	666
2	63	724
2	64	263
2	64	450
2	65	109
2	65	203
2	66	620
2	68	99
2	68	238
2	68	570
2	69	153
2	70	39
2	74	434
2	74	970
2	76	348
2	78	44
2	78	432
2	78	963
2	81	524
2	81	784
2	83	329
2	84	717
2	86	443
2	86	584
2	86	671
2	86	722
2	87	999
2	90	408
2	91	858
2	92	444
2	92	488
2	93	409
2	94	386
2	94	410
2	94	475
2	96	198
2	96	300
2	97	78
2	97	134
2	97	398
2	98	4
2	98	29
2	98	364
2	99	911
2	100	260
2	100	696
2	103	817
2	104	692
2	105	204
2	105	351
2	106	349
2	106	699
2	106	780
2	106	992
2	107	16
2	107	543
2	108	341
2	109	195
2	110	407
2	112	200
2	112	278
2	113	100
2	113	381
2	115	957
2	116	87
2	116	556
2	117	590
2	118	145
2	120	497
2	120	750
2	120	844
2	123	483
2	126	369
2	127	180
2	127	729
2	127	892
2	129	196
2	131	789
2	132	430
2	132	542
2	133	224
2	134	706
2	134	960
2	135	41
2	136	639
2	138	491
2	139	855
2	141	522
2	141	534
2	142	307
2	142	372
2	143	673
2	144	19
2	145	694
2	146	296
2	147	34
2	147	700
2	148	684
2	149	266
2	149	368
2	151	104
2	152	376
2	152	481
2	152	764
2	153	572
2	153	703
2	154	88
2	156	422
2	156	774
2	157	662
2	159	354
2	159	420
2	160	194
2	161	64
2	161	94
2	161	211
2	161	672
2	161	937
2	162	869
2	163	719
2	164	539
2	165	963
2	166	640
2	166	726
2	167	436
2	167	560
2	167	630
2	167	685
2	169	338
2	170	328
2	170	431
2	171	155
2	171	268
2	171	455
2	172	968
2	173	26
2	173	473
2	173	594
2	174	241
2	174	258
2	175	359
2	175	489
2	176	174
2	176	649
2	176	743
2	177	669
2	177	917
2	178	2
2	178	212
2	178	355
2	179	495
2	180	876
2	183	742
2	184	7
2	184	146
2	184	292
2	184	342
2	185	14
2	185	113
2	185	220
2	185	771
2	186	58
2	187	152
2	187	546
2	190	61
2	190	280
2	191	536
2	191	738
2	192	279
2	192	367
2	193	102
2	193	325
2	193	476
2	193	754
2	194	566
2	197	15
2	197	66
2	197	994
2	198	179
2	198	472
2	198	660
2	198	793
2	199	191
2	199	237
2	199	511
2	200	227
2	201	413
2	202	896
2	203	733
2	204	544
2	205	811
2	206	305
2	206	759
2	206	769
2	207	494
2	207	937
2	208	447
2	208	718
2	209	449
2	210	90
2	210	167
2	210	999
2	211	209
2	212	663
2	213	213
2	213	548
2	215	256
2	216	226
2	216	504
2	216	862
2	217	825
2	218	68
2	218	254
2	219	785
2	219	864
2	220	605
2	220	636
2	220	874
2	221	303
2	221	739
2	222	730
2	224	89
2	224	519
2	225	390
2	225	448
2	225	633
2	225	668
2	226	853
2	227	631
2	228	395
2	228	577
2	229	604
2	230	498
2	230	949
2	233	18
2	234	850
2	235	10
2	235	272
2	236	551
2	237	264
2	238	600
2	238	787
2	239	33
2	239	361
2	239	382
2	240	229
2	240	260
2	240	824
2	241	878
2	241	992
2	242	492
2	242	826
2	243	56
2	243	334
2	244	812
2	246	346
2	246	799
2	246	838
2	247	724
2	248	321
2	248	613
2	250	761
2	251	20
2	253	269
2	253	734
2	253	736
2	253	841
2	254	223
2	254	553
2	255	228
2	255	588
2	255	608
2	255	670
2	256	282
2	257	147
2	257	148
2	257	253
2	258	708
2	258	984
2	259	505
2	259	554
2	259	909
2	260	262
2	260	676
2	261	105
2	261	834
2	263	510
2	264	293
2	264	391
2	266	404
2	266	578
2	267	569
2	268	271
2	268	616
2	269	430
2	270	429
2	270	463
2	273	587
2	273	710
2	274	627
2	275	84
2	276	46
2	276	691
2	277	150
2	277	326
2	277	501
2	280	352
2	281	547
2	281	650
2	282	263
2	282	822
2	282	926
2	283	425
2	283	646
2	283	866
2	283	905
2	284	599
2	285	740
2	285	990
2	286	169
2	286	454
2	287	617
2	287	858
2	288	141
2	288	153
2	289	112
2	289	485
2	289	565
2	290	696
2	291	117
2	293	360
2	293	406
2	293	683
2	294	110
2	294	156
2	294	347
2	294	615
2	294	728
2	295	63
2	296	217
2	296	524
2	297	540
2	298	557
2	299	889
2	300	445
2	300	781
2	301	192
2	301	201
2	301	711
2	301	976
2	302	125
2	303	340
2	305	259
2	305	482
2	305	937
2	306	350
2	307	122
2	308	712
2	310	301
2	310	887
2	311	284
2	311	488
2	313	723
2	316	645
2	318	36
2	319	180
2	320	422
2	321	862
2	322	493
2	322	720
2	322	904
2	323	405
2	324	353
2	324	776
2	325	80
2	325	319
2	325	344
2	325	749
2	325	755
2	327	157
2	328	407
2	329	9
2	329	480
2	330	22
2	330	695
2	331	592
2	332	295
2	333	183
2	333	995
2	334	81
2	334	831
2	335	194
2	335	290
2	335	521
2	335	700
2	335	865
2	336	381
2	337	219
2	337	672
2	337	930
2	339	40
2	339	311
2	339	594
2	340	165
2	340	717
2	341	127
2	341	190
2	341	600
2	342	317
2	343	416
2	343	950
2	344	526
2	346	388
2	346	509
2	346	894
2	348	49
2	349	44
2	350	887
2	351	410
2	353	768
2	355	308
2	355	652
2	357	95
2	357	468
2	359	775
2	361	428
2	362	274
2	362	537
2	363	423
2	363	713
2	363	879
2	363	925
2	366	818
2	367	29
2	367	809
2	368	91
2	369	209
2	369	715
2	370	548
2	371	398
2	371	589
2	371	612
2	371	706
2	373	198
2	373	564
2	373	802
2	374	338
2	374	703
2	375	798
2	375	891
2	376	196
2	377	281
2	378	288
2	378	591
2	378	850
2	381	34
2	382	348
2	384	26
2	384	211
2	384	241
2	384	694
2	385	433
2	385	746
2	385	784
2	386	748
2	387	926
2	388	97
2	389	611
2	390	55
2	391	331
2	391	663
2	393	910
2	393	942
2	395	70
2	395	365
2	396	324
2	397	900
2	399	339
2	401	954
2	403	821
2	403	932
2	404	226
2	406	341
2	407	307
2	407	687
2	409	278
2	410	865
2	411	343
2	414	562
2	415	47
2	415	721
2	418	28
2	418	520
2	418	586
2	419	104
2	419	927
2	422	378
2	422	606
2	423	235
2	423	413
2	424	796
2	425	793
2	425	822
2	425	916
2	426	445
2	426	884
2	427	185
2	427	609
2	427	869
2	429	48
2	429	318
2	431	30
2	433	971
2	434	149
2	434	302
2	436	392
2	436	442
2	437	492
2	437	947
2	438	31
2	439	597
2	441	181
2	442	849
2	443	166
2	443	449
2	443	582
2	443	872
2	444	446
2	444	491
2	444	963
2	445	124
2	445	286
2	445	946
2	447	195
2	447	899
2	448	622
2	448	669
2	449	111
2	449	342
2	450	18
2	450	435
2	451	310
2	451	484
2	452	23
2	452	59
2	452	127
2	452	261
2	452	704
2	453	451
2	454	41
2	455	736
2	456	120
2	456	861
2	457	314
2	459	350
2	459	415
2	459	487
2	459	869
2	460	364
2	461	169
2	461	194
2	461	510
2	461	639
2	462	751
2	463	265
2	464	523
2	465	327
2	466	140
2	466	728
2	466	897
2	467	139
2	467	533
2	468	573
2	469	724
2	469	794
2	470	907
2	471	892
2	472	57
2	473	126
2	474	112
2	474	135
2	474	393
2	474	739
2	474	935
2	476	229
2	477	440
2	477	911
2	478	571
2	479	178
2	480	25
2	480	106
2	480	213
2	480	315
2	483	125
2	483	214
2	486	284
2	486	675
2	487	598
2	488	146
2	488	984
2	489	665
2	491	421
2	491	909
2	491	913
2	492	184
2	492	647
2	493	951
2	494	866
2	495	920
2	496	254
2	497	385
2	497	596
2	497	776
2	499	508
2	500	53
2	501	14
2	501	300
2	501	558
2	501	974
2	502	514
2	503	494
2	504	388
2	504	529
2	504	735
2	504	760
2	508	605
2	508	682
2	508	994
2	510	460
2	510	575
2	512	27
2	512	156
2	513	141
2	513	260
2	514	108
2	514	461
2	515	567
2	517	601
2	519	172
2	519	187
2	519	990
2	521	372
2	522	289
2	523	115
2	523	396
2	523	627
2	524	613
2	524	690
2	525	204
2	525	333
2	527	344
2	527	712
2	528	745
2	529	280
2	529	1000
2	530	118
2	531	268
2	531	615
2	532	489
2	533	362
2	533	434
2	534	594
2	535	71
2	535	123
2	535	506
2	536	475
2	538	293
2	539	948
2	540	649
2	541	21
2	541	312
2	542	674
2	544	642
2	544	847
2	544	998
2	545	183
2	545	592
2	546	480
2	546	790
2	547	215
2	549	325
2	549	369
2	549	780
2	550	248
2	550	363
2	550	761
2	551	17
2	552	570
2	553	182
2	553	941
2	554	35
2	554	89
2	554	444
2	556	909
2	557	572
2	558	134
2	558	159
2	558	818
2	559	694
2	560	419
2	561	668
2	561	814
2	563	116
2	563	507
2	569	142
2	569	499
2	569	973
2	570	518
2	576	520
2	576	743
2	578	482
2	581	620
2	582	77
2	582	368
2	582	406
2	585	545
2	587	162
2	588	119
2	588	709
2	590	414
2	591	177
2	592	720
2	592	811
2	596	703
2	597	595
2	597	650
2	597	670
2	599	299
2	599	323
2	600	195
2	600	279
2	601	322
2	602	447
2	603	603
2	603	991
2	605	621
2	606	661
2	608	749
2	609	324
2	609	888
2	609	890
2	610	422
2	612	44
2	612	527
2	612	549
2	613	63
2	613	399
2	615	239
2	615	495
2	615	764
2	617	246
2	617	899
2	618	711
2	618	866
2	619	206
2	620	681
2	621	180
2	622	197
2	623	417
2	623	846
2	625	271
2	626	26
2	626	967
2	627	880
2	628	517
2	630	854
2	633	277
2	633	609
2	633	675
2	637	354
2	637	735
2	638	326
2	639	341
2	641	294
2	642	228
2	643	275
2	643	494
2	644	247
2	645	212
2	645	676
2	647	577
2	648	509
2	648	630
2	649	234
2	649	667
2	649	842
2	650	203
2	651	276
2	651	692
2	652	581
2	652	716
2	653	435
2	653	496
2	654	78
2	654	346
2	654	729
2	654	751
2	655	25
2	655	355
2	656	769
2	657	40
2	657	284
2	658	242
2	658	308
2	659	127
2	660	139
2	660	579
2	660	738
2	661	303
2	662	259
2	662	731
2	663	534
2	663	785
2	664	302
2	664	591
2	665	799
2	666	285
2	666	315
2	666	365
2	667	130
2	667	532
2	667	930
2	668	110
2	668	124
2	668	622
2	670	747
2	671	243
2	671	537
2	671	910
2	672	921
2	673	18
2	673	295
2	674	862
2	675	329
2	675	471
2	676	418
2	676	778
2	680	31
2	682	207
2	682	286
2	682	370
2	682	484
2	682	548
2	684	397
2	684	547
2	684	651
2	685	260
2	685	805
2	686	16
2	687	389
2	687	401
2	687	773
2	688	535
2	690	118
2	690	282
2	690	363
2	690	893
2	691	687
2	691	824
2	691	963
2	693	376
2	693	776
2	694	777
2	697	330
2	697	562
2	697	937
2	698	850
2	699	531
2	699	645
2	700	786
2	703	145
2	703	611
2	703	717
2	704	163
2	704	353
2	705	528
2	705	734
2	706	321
2	706	599
2	707	870
2	708	227
2	708	342
2	708	710
2	709	455
2	709	644
2	709	762
2	710	300
2	712	258
2	713	313
2	713	647
2	714	501
2	715	113
2	716	677
2	717	542
2	717	586
2	718	568
2	718	624
2	719	230
2	720	407
2	720	619
2	720	808
2	721	169
2	721	656
2	722	673
2	724	216
2	724	283
2	724	438
2	725	211
2	725	485
2	726	125
2	728	725
2	730	17
2	730	332
2	730	366
2	730	467
2	731	457
2	731	721
2	732	436
2	732	468
2	733	452
2	733	780
2	734	23
2	734	758
2	735	10
2	735	783
2	736	316
2	736	338
2	736	748
2	737	362
2	737	616
2	737	926
2	738	701
2	738	703
2	740	695
2	741	459
2	741	661
2	743	240
2	744	465
2	745	408
2	745	558
2	745	989
2	746	221
2	747	84
2	747	449
2	747	466
2	747	499
2	748	352
2	750	356
2	751	966
2	752	107
2	752	126
2	753	42
2	753	224
2	753	962
2	754	333
2	756	702
2	757	441
2	759	215
2	759	525
2	760	722
2	761	93
2	762	74
2	762	527
2	763	993
2	764	676
2	765	538
2	765	798
2	766	202
2	766	384
2	767	995
2	769	46
2	769	151
2	772	180
2	772	680
2	773	69
2	773	123
2	773	967
2	774	553
2	776	426
2	778	143
2	778	350
2	778	618
2	778	627
2	779	765
2	779	963
2	780	715
2	781	6
2	782	700
2	783	403
2	784	470
2	786	226
2	786	311
2	786	768
2	787	252
2	787	298
2	789	349
2	790	24
2	790	446
2	790	674
2	791	360
2	792	414
2	792	640
2	793	486
2	793	795
2	793	959
2	794	97
2	794	297
2	794	938
2	795	434
2	795	594
2	796	222
2	796	474
2	796	665
2	796	924
2	797	67
2	797	167
2	798	417
2	798	817
2	799	158
2	799	265
2	800	320
2	800	905
2	801	5
2	801	194
2	802	306
2	802	767
2	803	503
2	803	579
2	804	249
2	804	666
2	805	220
2	805	692
2	805	939
2	806	603
2	806	756
2	807	287
2	807	456
2	807	461
2	807	463
2	808	103
2	808	440
2	809	396
2	809	442
2	809	755
2	810	87
2	810	289
2	811	131
2	812	469
2	813	340
2	814	855
2	816	144
2	818	177
2	818	481
2	818	894
2	819	199
2	819	254
2	819	554
2	820	37
2	820	737
2	822	781
2	823	728
2	825	43
2	825	174
2	827	491
2	828	7
2	828	146
2	828	766
2	831	55
2	831	63
2	832	921
2	833	122
2	833	495
2	834	341
2	836	536
2	838	129
2	840	334
2	841	19
2	844	255
2	845	284
2	846	655
2	847	68
2	848	604
2	849	223
2	849	522
2	849	850
2	850	494
2	855	45
2	855	98
2	856	999
2	857	343
2	858	799
2	858	892
2	859	21
2	859	948
2	859	973
2	861	399
2	861	805
2	863	259
2	864	91
2	864	760
2	866	83
2	866	448
2	866	772
2	868	30
2	868	88
2	870	348
2	870	445
2	870	631
2	873	27
2	873	260
2	876	305
2	878	636
2	879	327
2	880	433
2	881	374
2	882	79
2	882	745
2	883	460
2	883	641
2	883	822
2	884	925
2	885	860
2	886	276
2	888	15
2	888	217
2	889	683
2	891	253
2	892	942
2	893	105
2	893	391
2	895	464
2	895	512
2	897	221
2	898	622
2	900	119
2	901	70
2	903	326
2	905	196
2	905	256
2	905	643
2	905	744
2	906	484
2	907	308
2	907	584
2	907	634
2	908	439
2	908	508
2	909	649
2	909	770
2	910	113
2	911	211
2	911	922
2	912	102
2	912	266
2	912	595
2	913	76
2	913	834
2	914	694
2	914	863
2	915	572
2	915	763
2	916	865
2	917	99
2	917	392
2	917	898
2	920	872
2	921	51
2	921	771
2	922	693
2	923	500
2	925	365
2	925	670
2	929	403
2	931	489
2	931	559
2	932	416
2	933	412
2	933	476
2	933	640
2	934	943
2	935	354
2	935	371
2	937	178
2	938	42
2	940	101
2	940	497
2	940	762
2	941	156
2	941	780
2	941	812
2	943	726
2	945	303
2	947	350
2	947	420
2	947	563
2	948	540
2	949	773
2	950	312
2	950	736
2	951	137
2	951	758
2	951	849
2	951	897
2	952	226
2	952	594
2	954	698
2	956	314
2	956	930
2	957	612
2	958	731
2	959	92
2	959	874
2	960	542
2	961	157
2	962	164
2	962	406
2	962	534
2	962	546
2	962	958
2	963	77
2	963	147
2	964	591
2	964	723
2	965	551
2	965	712
2	965	925
2	966	44
2	966	369
2	966	383
2	966	593
2	967	418
2	967	912
2	969	74
2	969	189
2	969	346
2	969	414
2	969	472
2	969	858
2	971	240
2	971	359
2	972	199
2	972	665
2	972	720
2	973	492
2	974	73
2	976	717
2	977	757
2	978	532
2	978	601
2	978	807
2	978	829
2	979	329
2	979	750
2	980	680
2	980	841
2	981	408
2	982	136
2	983	880
2	985	239
2	985	865
2	986	363
2	986	425
2	987	587
2	988	675
2	990	819
2	991	13
2	991	148
2	991	701
2	993	177
2	993	332
2	993	742
2	994	120
2	994	718
2	998	824
2	999	924
2	1000	614
2	1000	650
2	1001	46
2	1001	170
2	1001	241
2	1004	228
2	1005	734
2	1006	817
2	1008	727
2	1009	218
2	1009	483
2	1012	50
2	1013	585
2	1013	754
2	1014	586
2	1018	185
2	1018	703
2	1020	128
2	1020	277
2	1021	641
2	1023	130
2	1023	467
2	1024	325
2	1024	678
2	1026	257
2	1027	863
2	1028	160
2	1029	358
2	1030	800
2	1031	396
2	1032	818
2	1033	376
2	1033	761
2	1034	654
2	1035	746
2	1036	510
2	1036	911
2	1037	616
2	1038	494
2	1038	753
2	1038	837
2	1040	63
2	1041	382
2	1042	394
2	1042	663
2	1043	286
2	1044	131
2	1045	106
2	1045	311
2	1046	822
2	1047	4
2	1048	209
2	1049	849
2	1050	537
2	1050	788
2	1051	339
2	1052	352
2	1055	620
2	1055	826
2	1056	198
2	1056	403
2	1057	276
2	1059	553
2	1059	710
2	1059	789
2	1060	169
2	1060	617
2	1061	279
2	1061	770
2	1062	524
2	1063	378
2	1063	664
2	1064	292
2	1064	631
2	1064	659
2	1065	112
2	1066	162
2	1068	195
2	1068	450
2	1068	843
2	1068	936
2	1069	538
2	1069	642
2	1069	779
2	1069	864
2	1070	370
2	1070	688
2	1072	323
2	1074	300
2	1074	305
2	1074	351
2	1074	785
2	1075	597
2	1077	347
2	1077	442
2	1077	481
2	1079	132
2	1079	159
2	1079	752
2	1080	56
2	1080	433
2	1080	909
2	1081	27
2	1081	262
2	1084	230
2	1084	466
2	1084	513
2	1085	115
2	1085	514
2	1086	429
2	1086	655
2	1086	713
2	1086	904
2	1086	967
2	1087	59
2	1087	989
2	1089	324
2	1090	151
2	1090	531
2	1090	781
2	1091	868
2	1091	882
2	1094	229
2	1094	851
2	1094	852
2	1095	624
2	1095	799
2	1096	8
2	1096	776
2	1101	759
2	1102	635
2	1102	806
2	1105	435
2	1105	733
2	1107	463
2	1108	84
2	1109	275
2	1110	124
2	1110	577
2	1111	123
2	1112	34
2	1113	167
2	1115	116
2	1115	385
2	1116	142
2	1116	834
2	1117	60
2	1117	656
2	1117	850
2	1118	82
2	1118	238
2	1119	143
2	1121	103
2	1121	596
2	1121	677
2	1123	705
2	1124	488
2	1124	558
2	1126	876
2	1128	425
2	1129	33
2	1129	343
2	1131	197
2	1131	530
2	1135	206
2	1135	610
2	1136	125
2	1137	129
2	1137	648
2	1138	811
2	1139	365
2	1142	43
2	1142	99
2	1142	219
2	1143	192
2	1145	331
2	1146	743
2	1146	976
2	1148	201
2	1150	36
2	1150	709
2	1151	445
2	1151	662
2	1152	401
2	1152	719
2	1153	321
2	1154	778
2	1157	492
2	1157	767
2	1157	841
2	1158	371
2	1159	148
2	1160	23
2	1160	345
2	1160	588
2	1161	798
2	1162	431
2	1162	672
2	1163	117
2	1164	89
2	1164	550
2	1165	567
2	1166	161
2	1167	171
2	1168	165
2	1168	421
2	1168	508
2	1168	992
2	1169	147
2	1169	853
2	1170	69
2	1170	676
2	1171	221
2	1171	660
2	1172	271
2	1172	346
2	1173	712
2	1174	163
2	1174	180
2	1174	283
2	1174	478
2	1175	55
2	1175	837
2	1177	449
2	1177	771
2	1178	389
2	1179	207
2	1179	277
2	1181	97
2	1181	155
2	1181	701
2	1182	77
2	1182	417
2	1183	862
2	1185	176
2	1185	215
2	1185	469
2	1185	932
2	1187	910
2	1188	41
2	1188	269
2	1188	302
2	1188	405
2	1188	803
2	1190	799
2	1191	564
2	1194	790
2	1196	440
2	1196	703
2	1197	974
2	1198	11
2	1199	574
2	1199	637
2	1200	694
2	1201	104
2	1201	587
2	1201	869
2	1202	177
2	1202	685
2	1204	175
2	1204	797
2	1205	270
2	1207	611
2	1208	113
2	1208	963
2	1208	981
2	1209	888
2	1210	638
2	1211	134
2	1211	223
2	1214	21
2	1214	32
2	1215	822
2	1216	107
2	1218	533
2	1220	619
2	1220	883
2	1221	325
2	1222	193
2	1222	967
2	1223	257
2	1224	212
2	1224	663
2	1224	841
2	1225	679
2	1226	70
2	1226	307
2	1227	426
2	1227	542
2	1227	912
2	1229	377
2	1229	491
2	1229	692
2	1230	628
2	1231	762
2	1232	30
2	1232	282
2	1232	747
2	1232	754
2	1232	870
2	1235	92
2	1236	806
2	1237	130
2	1237	751
2	1238	98
2	1238	115
2	1239	691
2	1239	786
2	1240	593
2	1240	795
2	1240	796
2	1244	326
2	1244	408
2	1245	119
2	1245	687
2	1245	996
2	1246	154
2	1246	462
2	1247	372
2	1247	800
2	1248	4
2	1248	14
2	1248	166
2	1249	196
2	1249	756
2	1249	809
2	1251	208
2	1253	146
2	1253	173
2	1254	575
2	1255	758
2	1256	31
2	1257	120
2	1258	184
2	1258	928
2	1260	39
2	1260	385
2	1260	909
2	1260	921
2	1261	466
2	1262	759
2	1263	109
2	1266	430
2	1267	24
2	1268	12
2	1270	309
2	1270	414
2	1270	620
2	1271	503
2	1271	518
2	1272	114
2	1272	181
2	1272	815
2	1274	239
2	1275	273
2	1275	375
2	1275	652
2	1276	20
2	1276	483
2	1278	682
2	1279	659
2	1280	327
2	1281	484
2	1282	363
2	1282	924
2	1283	64
2	1284	37
2	1284	156
2	1285	320
2	1286	460
2	1286	463
2	1286	850
2	1287	596
2	1288	871
2	1290	28
2	1292	337
2	1292	968
2	1295	206
2	1295	393
2	1296	333
2	1298	515
2	1299	780
2	1301	479
2	1302	474
2	1302	912
2	1303	200
2	1303	506
2	1304	623
2	1305	713
2	1305	884
2	1306	251
2	1307	231
2	1308	546
2	1309	224
2	1309	813
2	1313	133
2	1313	241
2	1313	301
2	1314	360
2	1314	583
2	1314	636
2	1315	588
2	1316	352
2	1317	284
2	1321	362
2	1321	604
2	1322	18
2	1322	210
2	1323	391
2	1323	771
2	1327	190
2	1328	246
2	1328	490
2	1328	646
2	1329	33
2	1329	509
2	1329	565
2	1330	40
2	1330	86
2	1330	169
2	1330	388
2	1330	436
2	1333	465
2	1335	405
2	1336	272
2	1337	306
2	1338	661
2	1338	670
2	1338	739
2	1339	356
2	1340	457
2	1341	374
2	1342	10
2	1343	819
2	1344	25
2	1344	725
2	1346	655
2	1346	757
2	1346	792
2	1347	420
2	1349	447
2	1351	735
2	1354	521
2	1355	973
2	1356	167
2	1360	258
2	1360	632
2	1363	22
2	1363	208
2	1364	215
2	1364	644
2	1364	651
2	1365	716
2	1366	140
2	1366	314
2	1367	138
2	1369	434
2	1370	65
2	1370	595
2	1370	834
2	1372	163
2	1376	600
2	1377	318
2	1377	338
2	1377	972
2	1378	95
2	1378	209
2	1378	750
2	1379	164
2	1380	741
2	1381	698
2	1381	785
2	1382	288
2	1386	946
2	1387	818
2	1389	428
2	1389	443
2	1390	293
2	1390	313
2	1390	803
2	1391	631
2	1393	695
2	1393	876
2	1394	125
2	1396	68
2	1400	456
2	1401	641
2	1402	892
2	1404	111
2	1405	192
2	1406	788
2	1407	712
2	1408	664
2	1414	584
2	1414	714
2	1414	816
2	1414	827
2	1414	937
2	1415	957
2	1416	130
2	1416	548
2	1417	299
2	1417	387
2	1418	9
2	1418	155
2	1418	817
2	1420	554
2	1420	834
2	1421	848
2	1422	132
2	1422	378
2	1423	438
2	1423	526
2	1424	981
2	1427	365
2	1427	485
2	1428	54
2	1428	507
2	1429	108
2	1429	212
2	1429	262
2	1429	843
2	1431	73
2	1431	878
2	1432	287
2	1432	469
2	1433	141
2	1433	801
2	1434	2
2	1435	219
2	1435	372
2	1435	617
2	1436	295
2	1437	50
2	1438	234
2	1438	871
2	1440	191
2	1440	366
2	1440	523
2	1440	528
2	1440	849
2	1442	298
2	1444	505
2	1445	590
2	1446	429
2	1446	717
2	1446	794
2	1447	59
2	1448	158
2	1448	232
2	1449	419
2	1449	449
2	1450	67
2	1451	226
2	1451	426
2	1451	652
2	1452	31
2	1452	183
2	1452	503
2	1453	539
2	1453	890
2	1454	382
2	1454	656
2	1455	773
2	1455	847
2	1456	127
2	1456	165
2	1456	415
2	1459	845
2	1460	337
2	1460	545
2	1461	821
2	1462	270
2	1462	657
2	1462	753
2	1463	55
2	1463	249
2	1464	793
2	1465	268
2	1465	597
2	1466	90
2	1467	557
2	1467	645
2	1468	827
2	1468	932
2	1469	197
2	1470	369
2	1470	512
2	1471	92
2	1471	175
2	1472	181
2	1472	903
2	1474	85
2	1474	611
2	1474	653
2	1474	725
2	1474	907
2	1474	993
2	1475	11
2	1475	275
2	1475	543
2	1476	144
2	1476	724
2	1476	798
2	1477	461
2	1479	381
2	1479	966
2	1481	541
2	1482	335
2	1482	401
2	1482	513
2	1482	547
2	1482	579
2	1482	671
2	1482	826
2	1484	83
2	1486	240
2	1486	622
2	1487	27
2	1487	562
2	1488	699
2	1488	729
2	1489	352
2	1489	532
2	1490	180
2	1493	774
2	1494	30
2	1494	58
2	1494	357
2	1494	481
2	1494	516
2	1494	830
2	1494	867
2	1495	397
2	1495	624
2	1497	430
2	1498	211
2	1498	307
2	1498	583
2	1500	117
2	1500	498
2	1500	838
2	1501	572
2	1501	908
2	1504	70
2	1504	278
2	1504	370
2	1504	668
2	1505	839
2	1506	613
2	1506	708
2	1506	892
2	1507	243
2	1507	768
2	1508	551
2	1510	563
2	1512	283
2	1512	538
2	1512	693
2	1512	991
2	1514	33
2	1515	755
2	1515	799
2	1515	800
2	1516	125
2	1518	351
2	1518	630
2	1518	706
2	1519	499
2	1519	607
2	1519	805
2	1520	77
2	1520	466
2	1520	841
2	1521	51
2	1521	998
2	1522	23
2	1524	97
2	1524	281
2	1524	931
2	1525	492
2	1526	63
2	1526	432
2	1527	203
2	1527	559
2	1527	900
2	1528	568
2	1529	454
2	1529	910
2	1530	407
2	1531	321
2	1532	784
2	1532	902
2	1533	38
2	1533	235
2	1533	679
2	1533	739
2	1536	425
2	1536	427
2	1536	533
2	1537	248
2	1538	188
2	1539	100
2	1539	476
2	1539	769
2	1539	810
2	1540	737
2	1541	110
2	1542	726
2	1543	65
2	1543	803
2	1545	199
2	1545	473
2	1546	302
2	1546	511
2	1546	529
2	1547	238
2	1547	570
2	1548	260
2	1549	118
2	1549	582
2	1549	746
2	1549	969
2	1551	84
2	1551	450
2	1552	95
2	1552	484
2	1552	536
2	1553	190
2	1553	904
2	1555	614
2	1555	832
2	1556	41
2	1558	290
2	1558	372
2	1558	929
2	1559	187
2	1562	782
2	1563	185
2	1566	491
2	1568	780
2	1571	142
2	1572	294
2	1572	555
2	1573	341
2	1573	431
2	1573	486
2	1574	618
2	1576	965
2	1582	890
2	1583	239
2	1584	680
2	1586	390
2	1589	113
2	1591	639
2	1593	414
2	1594	126
2	1595	64
2	1596	246
2	1596	329
2	1597	18
2	1597	106
2	1597	124
2	1598	609
2	1601	180
2	1601	495
2	1604	5
2	1604	254
2	1604	508
2	1606	409
2	1606	439
2	1606	795
2	1607	316
2	1608	89
2	1608	681
2	1609	67
2	1609	324
2	1609	765
2	1610	526
2	1610	612
2	1611	83
2	1611	120
2	1611	599
2	1611	663
2	1611	790
2	1612	17
2	1612	310
2	1612	779
2	1613	37
2	1613	42
2	1613	107
2	1613	267
2	1613	496
2	1613	530
2	1614	319
2	1614	404
2	1614	469
2	1615	217
2	1616	2
2	1616	291
2	1616	412
2	1616	602
2	1616	731
2	1616	743
2	1618	453
2	1618	572
2	1619	178
2	1619	408
2	1620	105
2	1620	109
2	1620	172
2	1620	275
2	1620	395
2	1621	192
2	1621	451
2	1621	931
2	1622	250
2	1622	759
2	1623	102
2	1623	397
2	1624	532
2	1625	128
2	1625	718
2	1625	801
2	1626	121
2	1626	684
2	1627	407
2	1627	632
2	1628	323
2	1629	225
2	1629	548
2	1630	440
2	1630	926
2	1631	646
2	1631	762
2	1631	900
2	1632	444
2	1634	287
2	1634	401
2	1634	763
2	1635	16
2	1635	21
2	1635	458
2	1638	176
2	1638	843
2	1639	693
2	1639	816
2	1640	169
2	1640	723
2	1641	103
2	1641	206
2	1642	99
2	1642	786
2	1643	179
2	1643	356
2	1643	517
2	1643	781
2	1644	459
2	1646	69
2	1647	193
2	1647	474
2	1648	1
2	1648	75
2	1648	656
2	1649	212
2	1650	598
2	1650	691
2	1650	751
2	1651	152
2	1651	380
2	1651	392
2	1651	478
2	1654	90
2	1654	524
2	1655	349
2	1656	288
2	1656	896
2	1656	955
2	1657	630
2	1658	531
2	1659	328
2	1660	122
2	1663	465
2	1663	785
2	1664	500
2	1665	558
2	1666	426
2	1667	422
2	1668	10
2	1669	36
2	1669	601
2	1669	604
2	1671	304
2	1671	487
2	1673	882
2	1674	201
2	1674	498
2	1675	94
2	1675	241
2	1676	937
2	1677	14
2	1677	546
2	1678	471
2	1678	865
2	1679	104
2	1680	311
2	1682	127
2	1682	643
2	1684	278
2	1685	654
2	1686	160
2	1686	626
2	1687	642
2	1688	245
2	1689	71
2	1689	282
2	1689	768
2	1690	295
2	1690	305
2	1690	596
2	1692	258
2	1693	322
2	1693	411
2	1693	919
2	1694	534
2	1694	650
2	1694	800
2	1695	527
2	1696	173
2	1696	797
2	1697	269
2	1697	645
2	1698	636
2	1699	144
2	1699	377
2	1699	678
2	1700	50
2	1700	101
2	1700	970
2	1701	891
2	1702	683
2	1702	941
2	1704	233
2	1704	327
2	1704	669
2	1705	777
2	1707	485
2	1708	801
2	1709	358
2	1710	274
2	1711	198
2	1711	675
2	1711	746
2	1713	724
2	1715	856
2	1716	306
2	1716	445
2	1718	183
2	1720	123
2	1720	567
2	1721	757
2	1722	124
2	1723	215
2	1724	714
2	1725	623
2	1725	764
2	1726	852
2	1728	447
2	1729	32
2	1731	886
2	1732	211
2	1732	752
2	1734	611
2	1735	841
2	1735	922
2	1737	309
2	1737	441
2	1737	938
2	1739	823
2	1739	838
2	1739	840
2	1740	175
2	1740	839
2	1741	955
2	1743	34
2	1743	271
2	1743	717
2	1744	959
2	1746	220
2	1746	775
2	1748	610
2	1749	78
2	1749	88
2	1749	208
2	1749	379
2	1749	492
2	1750	186
2	1752	200
2	1753	362
2	1753	417
2	1754	23
2	1754	147
2	1754	162
2	1754	569
2	1755	279
2	1755	948
2	1756	38
2	1757	9
2	1757	317
2	1758	463
2	1758	798
2	1759	461
2	1760	367
2	1760	424
2	1760	973
2	1761	351
2	1761	638
2	1761	738
2	1762	428
2	1762	497
2	1762	688
2	1764	887
2	1765	223
2	1765	291
2	1765	954
2	1766	639
2	1766	910
2	1767	134
2	1768	978
2	1769	947
2	1770	732
2	1770	889
2	1771	280
2	1772	687
2	1772	922
2	1773	388
2	1773	578
2	1773	765
2	1774	599
2	1774	662
2	1775	347
2	1779	243
2	1780	883
2	1781	11
2	1781	847
2	1781	915
2	1782	521
2	1784	365
2	1784	602
2	1784	774
2	1785	307
2	1786	830
2	1787	361
2	1787	941
2	1788	346
2	1789	15
2	1789	894
2	1790	772
2	1791	139
2	1791	264
2	1793	170
2	1793	343
2	1794	29
2	1794	60
2	1795	403
2	1797	587
2	1797	862
2	1800	103
2	1800	105
2	1800	332
2	1801	300
2	1802	212
2	1802	431
2	1803	919
2	1804	126
2	1804	552
2	1806	373
2	1806	652
2	1807	359
2	1807	486
2	1807	689
2	1809	257
2	1809	320
2	1810	374
2	1810	679
2	1810	754
2	1811	556
2	1811	933
2	1812	815
2	1813	542
2	1814	692
2	1816	132
2	1817	151
2	1817	231
2	1818	921
2	1819	434
2	1822	778
2	1823	694
2	1824	514
2	1824	574
2	1825	232
2	1825	703
2	1826	395
2	1827	987
2	1829	121
2	1830	49
2	1830	644
2	1831	425
2	1831	509
2	1831	893
2	1832	102
2	1832	375
2	1833	35
2	1834	155
2	1835	794
2	1835	924
2	1836	166
2	1836	589
2	1837	401
2	1837	419
2	1837	628
2	1838	355
2	1839	502
2	1839	823
2	1840	131
2	1840	329
2	1840	664
2	1842	549
2	1842	800
2	1844	250
2	1845	758
2	1847	682
2	1850	323
2	1850	591
2	1851	66
2	1852	391
2	1852	522
2	1852	558
2	1853	86
2	1854	69
2	1854	96
2	1854	842
2	1855	666
2	1856	82
2	1858	286
2	1858	627
2	1858	817
2	1859	230
2	1860	197
2	1860	484
2	1860	970
2	1861	222
2	1861	716
2	1861	763
2	1864	910
2	1865	47
2	1866	84
2	1867	392
2	1867	432
2	1868	48
2	1869	290
2	1871	165
2	1871	311
2	1871	427
2	1872	770
2	1874	61
2	1874	386
2	1875	57
2	1875	499
2	1875	650
2	1876	546
2	1877	444
2	1877	731
2	1878	281
2	1879	2
2	1879	17
2	1879	18
2	1879	647
2	1881	107
2	1881	182
2	1881	217
2	1882	810
2	1882	956
2	1883	144
2	1883	348
2	1883	815
2	1885	136
2	1886	462
2	1886	494
2	1887	178
2	1888	143
2	1889	396
2	1889	918
2	1890	168
2	1893	706
2	1894	456
2	1895	327
2	1896	118
2	1898	112
2	1898	209
2	1899	154
2	1899	722
2	1899	929
2	1902	614
2	1903	466
2	1905	233
2	1908	990
2	1911	223
2	1911	596
2	1913	833
2	1914	845
2	1915	25
2	1915	135
2	1919	22
2	1919	592
2	1921	376
2	1922	371
2	1923	171
2	1924	613
2	1925	690
2	1925	768
2	1926	114
2	1927	368
2	1927	633
2	1930	307
2	1931	215
2	1931	340
2	1931	389
2	1932	562
2	1934	473
2	1934	554
2	1937	414
2	1939	252
2	1940	269
2	1940	294
2	1940	697
2	1940	872
2	1941	19
2	1941	216
2	1941	646
2	1941	898
2	1942	23
2	1943	3
2	1945	503
2	1945	737
2	1946	394
2	1947	301
2	1948	226
2	1948	461
2	1948	658
2	1948	762
2	1949	237
2	1949	868
2	1950	260
2	1951	78
2	1951	792
2	1952	65
2	1953	393
2	1956	939
2	1957	742
2	1958	656
2	1959	328
2	1959	649
2	1960	115
2	1960	358
2	1961	184
2	1961	767
2	1962	83
2	1962	299
2	1962	950
2	1964	156
2	1965	146
2	1966	370
2	1967	324
2	1967	585
2	1968	703
2	1969	257
2	1970	934
2	1971	540
2	1973	569
2	1973	621
2	1974	67
2	1974	758
2	1974	977
2	1975	487
2	1977	210
2	1977	476
2	1978	877
2	1979	28
2	1979	95
2	1979	343
2	1982	880
2	1985	54
2	1985	326
2	1985	362
2	1986	490
2	1988	302
2	1988	905
2	1988	955
2	1990	255
2	1990	890
2	1991	395
2	1991	448
2	1992	2
2	1992	166
2	1992	538
2	1993	199
2	1994	293
2	1994	886
2	1996	438
2	1996	661
2	1997	460
2	1998	87
2	1998	309
2	1998	777
2	1998	884
2	1999	544
2	2000	99
2	2000	288
2	2001	5
2	2002	350
2	2003	265
2	2003	498
2	2003	593
2	2004	645
2	2004	942
2	2004	968
2	2005	417
2	2005	505
2	2005	879
2	2006	318
2	2006	320
2	2006	669
2	2007	437
2	2008	339
2	2008	643
2	2009	26
2	2009	430
2	2009	985
2	2010	190
2	2010	312
2	2010	937
2	2011	402
2	2012	341
2	2012	617
2	2013	672
2	2013	698
2	2015	264
2	2015	954
2	2016	611
2	2016	865
2	2018	56
2	2018	564
2	2019	142
2	2019	994
2	2020	960
2	2021	380
2	2022	359
2	2023	259
2	2026	24
2	2026	597
2	2028	594
2	2028	906
2	2029	173
2	2029	759
2	2029	986
2	2030	653
2	2030	697
2	2030	927
2	2031	470
2	2031	668
2	2032	91
2	2032	788
2	2033	141
2	2035	484
2	2036	198
2	2037	317
2	2037	577
2	2037	787
2	2037	901
2	2038	66
2	2038	207
2	2040	118
2	2040	405
2	2040	771
2	2041	181
2	2041	744
2	2042	568
2	2043	541
2	2043	933
2	2044	193
2	2045	445
2	2047	372
2	2048	905
2	2049	439
2	2049	679
2	2049	760
2	2050	511
2	2050	536
2	2050	844
2	2050	963
2	2051	786
2	2051	796
2	2052	418
2	2054	414
2	2055	846
2	2057	102
2	2059	186
2	2059	515
2	2059	516
2	2059	667
2	2061	463
2	2061	638
2	2062	717
2	2063	377
2	2067	57
2	2067	176
2	2067	472
2	2069	995
2	2074	215
2	2075	959
2	2076	634
2	2078	211
2	2078	678
2	2080	59
2	2080	282
2	2080	366
2	2082	542
2	2082	740
2	2083	296
2	2084	465
2	2085	228
2	2085	969
2	2087	781
2	2088	399
2	2089	566
2	2090	39
2	2092	126
2	2092	449
2	2093	121
2	2093	278
2	2093	427
2	2093	552
2	2094	29
2	2094	46
2	2094	167
2	2094	764
2	2095	386
2	2096	579
2	2097	582
2	2098	906
2	2099	290
2	2099	375
2	2099	394
2	2100	72
2	2100	785
2	2101	85
2	2101	336
2	2101	994
2	2102	806
2	2102	836
2	2104	467
2	2104	824
2	2105	299
2	2106	400
2	2107	8
2	2108	704
2	2109	231
2	2110	374
2	2111	626
2	2111	971
2	2112	750
2	2112	956
2	2113	627
2	2114	74
2	2115	410
2	2116	15
2	2117	436
2	2117	583
2	2118	161
2	2118	612
2	2118	810
2	2119	438
2	2121	130
2	2123	160
2	2123	306
2	2123	893
2	2125	311
2	2125	382
2	2125	520
2	2126	68
2	2126	861
2	2128	258
2	2128	512
2	2128	822
2	2130	513
2	2131	208
2	2131	421
2	2131	666
2	2131	907
2	2133	148
2	2134	240
2	2134	715
2	2134	992
2	2135	381
2	2135	684
2	2135	830
2	2136	180
2	2136	407
2	2137	869
2	2140	570
2	2142	61
2	2143	454
2	2143	729
2	2145	209
2	2145	337
2	2145	652
2	2145	739
2	2145	748
2	2147	131
2	2148	503
2	2148	504
2	2149	364
2	2150	423
2	2150	931
2	2151	45
2	2152	13
2	2152	331
2	2152	461
2	2153	391
2	2154	234
2	2154	894
2	2155	765
2	2156	625
2	2156	839
2	2158	35
2	2158	203
2	2158	487
2	2158	745
2	2159	34
2	2159	106
2	2159	812
2	2159	956
2	2161	65
2	2162	365
2	2164	687
2	2165	44
2	2165	51
2	2165	134
2	2166	52
2	2166	492
2	2166	821
2	2167	272
2	2167	538
2	2168	182
2	2168	635
2	2169	206
2	2169	702
2	2171	670
2	2172	440
2	2172	480
2	2172	522
2	2172	968
2	2172	972
2	2173	568
2	2174	446
2	2174	636
2	2175	509
2	2176	807
2	2176	986
2	2177	343
2	2180	317
2	2180	692
2	2181	107
2	2183	798
2	2186	300
2	2186	335
2	2186	622
2	2187	132
2	2187	935
2	2188	47
2	2190	80
2	2190	777
2	2191	559
2	2191	649
2	2192	525
2	2193	914
2	2194	367
2	2194	426
2	2195	643
2	2197	36
2	2197	420
2	2197	517
2	2197	550
2	2198	298
2	2198	920
2	2201	360
2	2201	530
2	2202	155
2	2202	548
2	2203	17
2	2203	237
2	2203	682
2	2204	162
2	2204	873
2	2207	818
2	2209	448
2	2209	544
2	2209	610
2	2211	87
2	2214	114
2	2216	58
2	2216	137
2	2216	482
2	2216	792
2	2218	245
2	2221	226
2	2221	708
2	2223	737
2	2225	598
2	2226	817
2	2230	352
2	2230	397
2	2230	908
2	2231	469
2	2232	85
2	2233	916
2	2233	958
2	2235	333
2	2235	758
2	2235	811
2	2237	441
2	2240	717
2	2242	722
2	2243	53
2	2243	576
2	2243	747
2	2245	273
2	2245	393
2	2246	312
2	2246	592
2	2247	821
2	2249	663
2	2255	11
2	2255	167
2	2255	480
2	2256	580
2	2257	122
2	2257	202
2	2257	609
2	2259	41
2	2260	299
2	2261	151
2	2261	496
2	2263	20
2	2263	297
2	2263	549
2	2263	573
2	2264	28
2	2265	413
2	2265	752
2	2265	832
2	2267	309
2	2267	686
2	2269	466
2	2269	502
2	2271	419
2	2272	154
2	2272	658
2	2273	971
2	2274	170
2	2274	306
2	2279	322
2	2281	764
2	2282	435
2	2282	679
2	2282	973
2	2284	977
2	2286	43
2	2287	14
2	2288	542
2	2288	921
2	2289	719
2	2289	901
2	2292	939
2	2293	174
2	2294	920
2	2295	726
2	2296	659
2	2297	130
2	2297	796
2	2298	661
2	2298	721
2	2300	914
2	2301	88
2	2301	113
2	2301	278
2	2302	557
2	2302	840
2	2303	678
2	2304	511
2	2304	789
2	2305	612
2	2305	631
2	2306	975
2	2307	391
2	2309	325
2	2309	410
2	2310	508
2	2312	197
2	2313	261
2	2313	520
2	2314	2
2	2314	784
2	2316	874
2	2317	106
2	2318	56
2	2319	651
2	2320	460
2	2322	172
2	2322	459
2	2322	732
2	2323	126
2	2324	351
2	2325	340
2	2325	345
2	2325	736
2	2326	793
2	2326	828
2	2327	268
2	2327	433
2	2327	786
2	2328	648
2	2328	660
2	2330	565
2	2330	600
2	2331	923
2	2332	493
2	2333	458
2	2333	887
2	2333	916
2	2334	497
2	2334	912
2	2335	569
2	2335	770
2	2336	74
2	2336	109
2	2336	484
2	2336	522
2	2337	111
2	2338	992
2	2341	586
2	2342	223
2	2342	255
2	2342	489
2	2343	177
2	2344	256
2	2345	457
2	2346	394
2	2346	584
2	2347	45
2	2347	128
2	2347	412
2	2347	455
2	2347	577
2	2348	376
2	2349	365
2	2349	438
2	2350	897
2	2351	264
2	2351	932
2	2352	129
2	2352	988
2	2353	76
2	2353	265
2	2354	479
2	2355	344
2	2355	387
2	2355	637
2	2355	778
2	2356	95
2	2356	314
2	2357	195
2	2357	207
2	2357	296
2	2358	283
2	2358	564
2	2359	302
2	2359	487
2	2359	611
2	2360	6
2	2360	406
2	2361	121
2	2362	44
2	2362	303
2	2364	725
2	2365	103
2	2365	478
2	2365	797
2	2366	234
2	2366	239
2	2366	621
2	2366	714
2	2367	343
2	2367	704
2	2368	8
2	2369	368
2	2369	397
2	2370	814
2	2371	499
2	2371	809
2	2373	567
2	2374	615
2	2374	865
2	2376	749
2	2377	310
2	2377	601
2	2377	848
2	2378	545
2	2380	561
2	2381	748
2	2382	377
2	2382	785
2	2383	147
2	2383	184
2	2383	740
2	2384	285
2	2385	408
2	2387	773
2	2388	799
2	2388	864
2	2390	521
2	2390	951
2	2391	616
2	2391	640
2	2393	139
2	2393	981
2	2394	779
2	2395	568
2	2395	955
2	2397	211
2	2397	471
2	2398	429
2	2398	737
2	2398	745
2	2399	7
2	2399	472
2	2400	456
2	2400	516
2	2401	442
2	2401	589
2	2403	928
2	2404	609
2	2405	181
2	2405	485
2	2405	560
2	2405	806
2	2406	4
2	2406	453
2	2406	836
2	2407	39
2	2407	427
2	2407	443
2	2409	49
2	2410	549
2	2410	638
2	2411	861
2	2412	226
2	2412	321
2	2412	572
2	2412	738
2	2413	998
2	2414	112
2	2414	233
2	2414	875
2	2416	754
2	2416	842
2	2419	361
2	2422	288
2	2422	432
2	2425	138
2	2425	212
2	2425	696
2	2426	596
2	2427	104
2	2428	151
2	2429	776
2	2432	419
2	2433	523
2	2433	624
2	2434	30
2	2434	270
2	2434	571
2	2435	582
2	2437	379
2	2438	252
2	2438	542
2	2438	690
2	2439	898
2	2440	371
2	2441	332
2	2443	153
2	2443	275
2	2443	362
2	2445	159
2	2445	352
2	2448	217
2	2448	675
2	2449	182
2	2449	726
2	2449	826
2	2450	356
2	2453	101
2	2453	543
2	2453	687
2	2457	24
2	2457	192
2	2459	301
2	2459	391
2	2459	639
2	2460	175
2	2460	247
2	2461	225
2	2462	61
2	2462	328
2	2462	503
2	2462	886
2	2462	895
2	2464	115
2	2465	509
2	2465	646
2	2465	733
2	2466	921
2	2467	705
2	2468	52
2	2468	186
2	2468	479
2	2469	753
2	2469	934
2	2470	146
2	2470	360
2	2470	367
2	2470	390
2	2472	316
2	2473	90
2	2473	790
2	2474	134
2	2474	294
2	2474	699
2	2475	559
2	2475	658
2	2477	903
2	2478	750
2	2480	13
2	2480	974
2	2481	286
2	2481	304
2	2481	445
2	2481	644
2	2481	778
2	2482	606
2	2484	136
2	2486	118
2	2487	546
2	2488	284
2	2488	800
2	2489	489
2	2493	12
2	2493	18
2	2493	662
2	2494	43
2	2494	210
2	2495	551
2	2497	727
2	2498	276
2	2498	626
2	2499	58
2	2500	240
2	2500	943
2	2501	114
2	2501	282
2	2501	336
2	2501	477
2	2505	263
2	2505	824
2	2506	21
2	2506	272
2	2507	27
2	2508	140
2	2509	564
2	2510	220
2	2510	424
2	2510	981
2	2511	518
2	2513	91
2	2514	437
2	2514	650
2	2516	137
2	2516	887
2	2517	463
2	2517	767
2	2519	173
2	2519	510
2	2519	659
2	2519	774
2	2519	797
2	2520	839
2	2520	921
2	2521	298
2	2521	573
2	2522	41
2	2525	801
2	2528	8
2	2529	202
2	2529	931
2	2531	832
2	2532	34
2	2532	317
2	2532	557
2	2533	398
2	2534	86
2	2534	941
2	2536	281
2	2536	395
2	2536	944
2	2537	621
2	2538	92
2	2538	476
2	2538	861
2	2539	339
2	2539	777
2	2540	323
2	2542	601
2	2542	835
2	2542	847
2	2545	762
2	2546	483
2	2547	913
2	2548	292
2	2549	149
2	2551	410
2	2551	958
2	2552	444
2	2552	613
2	2553	337
2	2554	5
2	2554	400
2	2555	9
2	2555	408
2	2556	730
2	2557	568
2	2557	670
2	2558	771
2	2559	88
2	2561	581
2	2561	585
2	2563	56
2	2563	213
2	2564	122
2	2565	48
2	2567	243
2	2567	333
2	2569	157
2	2569	734
2	2570	289
2	2570	382
2	2572	959
2	2577	255
2	2577	752
2	2580	310
2	2580	427
2	2581	28
2	2581	42
2	2581	436
2	2581	532
2	2582	10
2	2582	538
2	2583	706
2	2584	345
2	2585	814
2	2586	199
2	2586	306
2	2587	397
2	2587	666
2	2587	861
2	2589	414
2	2589	990
2	2592	422
2	2596	907
2	2597	435
2	2597	926
2	2597	987
2	2598	216
2	2598	223
2	2599	472
2	2599	598
2	2600	586
2	2601	30
2	2602	764
2	2603	569
2	2604	121
2	2605	40
2	2606	73
2	2606	943
2	2607	143
2	2607	701
2	2608	324
2	2609	355
2	2609	540
2	2610	176
2	2610	692
2	2612	440
2	2612	617
2	2612	622
2	2614	451
2	2614	853
2	2616	120
2	2616	268
2	2616	322
2	2616	549
2	2616	623
2	2618	758
2	2618	804
2	2618	961
2	2619	66
2	2619	662
2	2620	198
2	2620	212
2	2621	305
2	2623	344
2	2624	180
2	2624	544
2	2624	648
2	2624	925
2	2625	607
2	2626	413
2	2626	849
2	2627	171
2	2627	945
2	2628	714
2	2628	743
2	2628	855
2	2629	972
2	2632	161
2	2632	457
2	2633	597
2	2633	660
2	2633	866
2	2634	75
2	2636	663
2	2638	497
2	2639	262
2	2639	661
2	2640	512
2	2640	537
2	2640	567
2	2640	721
2	2641	870
2	2642	843
2	2645	376
2	2646	76
2	2646	330
2	2646	515
2	2647	346
2	2650	636
2	2652	332
2	2653	334
2	2659	68
2	2659	293
2	2659	391
2	2660	226
2	2660	447
2	2661	311
2	2661	748
2	2662	33
2	2663	284
2	2663	368
2	2663	608
2	2663	775
2	2663	979
2	2664	80
2	2664	565
2	2665	338
2	2665	389
2	2665	401
2	2665	593
2	2666	381
2	2666	504
2	2668	93
2	2668	421
2	2668	428
2	2668	770
2	2668	802
2	2669	358
2	2670	274
2	2670	395
2	2671	298
2	2671	792
2	2672	379
2	2672	488
2	2672	756
2	2673	241
2	2673	763
2	2674	993
2	2675	523
2	2675	787
2	2676	196
2	2676	984
2	2677	164
2	2677	480
2	2678	64
2	2678	215
2	2678	612
2	2679	114
2	2679	354
2	2680	110
2	2680	160
2	2680	572
2	2680	798
2	2681	154
2	2681	159
2	2681	275
2	2681	936
2	2682	172
2	2682	719
2	2683	336
2	2683	364
2	2684	467
2	2684	910
2	2684	928
2	2684	996
2	2685	340
2	2686	543
2	2687	353
2	2687	367
2	2687	619
2	2687	923
2	2688	36
2	2688	677
2	2688	881
2	2688	967
2	2689	589
2	2690	442
2	2690	937
2	2691	552
2	2693	225
2	2693	290
2	2693	342
2	2693	487
2	2693	932
2	2694	529
2	2695	888
2	2696	784
2	2699	380
2	2701	234
2	2704	254
2	2705	838
2	2706	654
2	2707	676
2	2708	316
2	2709	190
2	2709	683
2	2709	876
2	2710	754
2	2711	350
2	2712	685
2	2712	753
2	2712	771
2	2712	855
2	2713	273
2	2713	856
2	2713	994
2	2714	106
2	2715	20
2	2717	673
2	2717	679
2	2718	2
2	2719	507
2	2719	895
2	2721	823
2	2722	400
2	2723	178
2	2723	378
2	2724	732
2	2724	776
2	2725	426
2	2725	747
2	2726	963
2	2728	87
2	2729	181
2	2729	757
2	2730	237
2	2730	670
2	2732	402
2	2732	582
2	2735	711
2	2736	155
2	2736	943
2	2737	208
2	2737	768
2	2737	951
2	2738	474
2	2738	843
2	2739	303
2	2741	79
2	2743	365
2	2744	112
2	2744	778
2	2745	984
2	2746	861
2	2747	61
2	2748	669
2	2751	725
2	2752	995
2	2754	323
2	2754	616
2	2756	158
2	2758	624
2	2759	581
2	2759	802
2	2759	895
2	2759	975
2	2763	166
2	2763	250
2	2763	918
2	2764	508
2	2764	878
2	2765	78
2	2766	556
2	2767	170
2	2767	173
2	2767	448
2	2769	521
2	2770	201
2	2770	793
2	2770	942
2	2771	118
2	2771	720
2	2773	120
2	2774	388
2	2774	573
2	2775	533
2	2775	764
2	2776	14
2	2776	503
2	2777	374
2	2778	156
2	2778	463
2	2779	445
2	2779	885
2	2780	224
2	2780	270
2	2780	724
2	2780	934
2	2781	615
2	2782	884
2	2783	217
2	2783	592
2	2783	739
2	2783	890
2	2784	553
2	2785	819
2	2785	977
2	2786	454
2	2787	756
2	2788	137
2	2788	509
2	2788	900
2	2789	938
2	2793	149
2	2793	575
2	2794	47
2	2795	542
2	2795	822
2	2797	693
2	2798	221
2	2799	89
2	2799	393
2	2799	440
2	2799	551
2	2801	116
2	2802	136
2	2805	534
2	2805	829
2	2806	54
2	2806	318
2	2807	152
2	2807	284
2	2807	502
2	2810	258
2	2810	352
2	2811	29
2	2811	606
2	2812	450
2	2812	483
2	2813	484
2	2814	364
2	2814	544
2	2815	726
2	2816	926
2	2817	57
2	2817	524
2	2818	457
2	2819	247
2	2820	103
2	2820	577
2	2821	144
2	2822	186
2	2822	338
2	2825	565
2	2825	659
2	2826	423
2	2827	131
2	2827	321
2	2827	518
2	2827	931
2	2828	189
2	2828	896
2	2830	71
2	2830	736
2	2830	770
2	2831	449
2	2833	662
2	2833	663
2	2833	688
2	2834	438
2	2834	751
2	2836	570
2	2839	109
2	2840	381
2	2841	195
2	2841	590
2	2842	37
2	2843	285
2	2844	608
2	2846	432
2	2847	708
2	2850	507
2	2854	67
2	2854	465
2	2855	125
2	2856	589
2	2856	871
2	2857	49
2	2857	88
2	2857	476
2	2859	41
2	2859	759
2	2860	25
2	2860	480
2	2860	869
2	2861	473
2	2861	649
2	2865	46
2	2865	594
2	2865	813
2	2867	431
2	2867	750
2	2868	39
2	2868	495
2	2868	559
2	2868	789
2	2868	856
2	2869	199
2	2869	961
2	2871	169
2	2872	163
2	2872	672
2	2873	525
2	2874	50
2	2874	1000
2	2875	405
2	2875	622
2	2876	11
2	2876	675
2	2879	330
2	2879	742
2	2879	893
2	2880	665
2	2882	409
2	2882	453
2	2883	92
2	2885	272
2	2885	514
2	2887	579
2	2887	729
2	2888	286
2	2889	607
2	2891	783
2	2891	887
2	2893	18
2	2893	715
2	2894	228
2	2894	384
2	2894	689
2	2895	77
2	2895	727
2	2898	539
2	2899	782
2	2902	396
2	2902	411
2	2902	660
2	2906	541
2	2908	129
2	2908	719
2	2909	763
2	2910	390
2	2910	601
2	2910	626
2	2910	829
2	2910	929
2	2911	700
2	2911	779
2	2913	658
2	2914	910
2	2915	23
2	2915	356
2	2915	677
2	2915	711
2	2916	362
2	2917	112
2	2917	346
2	2917	410
2	2917	510
2	2917	761
2	2918	434
2	2919	161
2	2919	774
2	2921	26
2	2921	184
2	2921	920
2	2922	40
2	2922	604
2	2923	171
2	2923	249
2	2923	322
2	2923	504
2	2923	578
2	2924	162
2	2924	846
2	2925	481
2	2927	486
2	2928	478
2	2928	540
2	2928	739
2	2928	850
2	2929	164
2	2929	772
2	2930	490
2	2930	795
2	2931	303
2	2932	912
2	2934	45
2	2934	116
2	2934	629
2	2934	791
2	2936	456
2	2936	721
2	2936	740
2	2937	366
2	2937	557
2	2938	335
2	2940	340
2	2941	485
2	2941	717
2	2942	115
2	2942	204
2	2942	790
2	2943	135
2	2943	239
2	2943	428
2	2943	906
2	2944	551
2	2944	692
2	2945	13
2	2945	130
2	2945	349
2	2945	646
2	2945	680
2	2948	452
2	2948	745
2	2949	292
2	2949	943
2	2949	990
2	2950	141
2	2950	817
2	2951	736
2	2953	537
2	2954	208
2	2954	986
2	2956	563
2	2956	635
2	2957	65
2	2959	457
2	2959	584
2	2960	94
2	2960	101
2	2961	264
2	2961	500
2	2962	653
2	2966	382
2	2966	710
2	2966	762
2	2967	124
2	2968	556
2	2970	136
2	2970	777
2	2971	266
2	2971	375
2	2971	614
2	2973	696
2	2974	702
2	2975	59
2	2975	214
2	2976	371
2	2977	367
2	2978	7
2	2978	15
2	2978	147
2	2978	531
2	2979	189
2	2980	221
2	2980	922
2	2981	633
2	2982	459
2	2983	394
2	2984	797
2	2985	562
2	2985	960
2	2986	345
2	2987	488
2	2987	673
2	2988	336
2	2989	469
2	2989	517
2	2990	56
2	2990	185
2	2991	137
2	2992	146
2	2992	794
2	2993	178
2	2993	654
2	2994	170
2	2994	320
2	2995	700
2	2996	182
2	2996	209
2	2996	395
2	2996	663
2	2997	179
2	2997	287
2	2997	909
2	2998	496
2	2999	734
2	3000	68
2	3001	90
2	3001	174
2	3001	386
2	3002	900
2	3004	328
2	3004	359
2	3005	212
2	3005	267
2	3005	307
2	3006	527
2	3007	370
2	3009	16
2	3009	448
2	3011	816
2	3012	418
2	3012	965
2	3013	643
2	3014	82
2	3014	691
2	3015	140
2	3015	350
2	3015	392
2	3016	1
2	3016	199
2	3017	61
2	3017	232
2	3017	275
2	3017	311
2	3018	801
2	3018	971
2	3019	575
2	3019	714
2	3019	773
2	3019	982
2	3020	988
2	3021	825
2	3022	259
2	3022	915
2	3024	803
2	3025	686
2	3026	573
2	3027	932
2	3028	389
2	3028	911
2	3030	248
2	3031	284
2	3031	348
2	3031	361
2	3031	420
2	3031	599
2	3033	154
2	3033	979
2	3034	118
2	3036	324
2	3036	846
2	3037	126
2	3037	152
2	3039	543
2	3039	996
2	3040	79
2	3041	391
2	3041	422
2	3043	582
2	3044	12
2	3044	25
2	3044	566
2	3044	749
2	3044	811
2	3044	953
2	3045	321
2	3045	876
2	3047	63
2	3047	668
2	3049	399
2	3049	503
2	3049	785
2	3050	6
2	3050	8
2	3051	17
2	3051	737
2	3052	57
2	3052	476
2	3052	493
2	3052	650
2	3053	293
2	3054	489
2	3054	959
2	3056	693
2	3056	704
2	3057	318
2	3057	379
2	3057	697
2	3058	9
2	3058	565
2	3058	597
2	3059	87
2	3060	813
2	3061	482
2	3062	588
2	3063	627
2	3063	657
2	3063	706
2	3065	42
2	3065	924
2	3068	919
2	3069	608
2	3071	507
2	3073	421
2	3073	451
2	3074	285
2	3074	353
2	3075	119
2	3075	724
2	3076	369
2	3076	736
2	3077	246
2	3077	247
2	3077	416
2	3077	659
2	3078	603
2	3079	502
2	3080	417
2	3083	164
2	3083	846
2	3083	955
2	3084	729
2	3085	55
2	3085	190
2	3085	567
2	3086	364
2	3086	463
2	3086	512
2	3086	576
2	3087	201
2	3087	888
2	3088	595
2	3089	108
2	3090	245
2	3090	619
2	3091	703
2	3092	454
2	3092	726
2	3093	213
2	3093	563
2	3093	618
2	3095	570
2	3095	859
2	3096	407
2	3096	624
2	3097	75
2	3097	188
2	3098	81
2	3098	434
2	3098	449
2	3099	672
2	3099	953
2	3100	141
2	3100	322
2	3101	402
2	3101	510
2	3102	547
2	3104	745
2	3105	216
2	3105	460
2	3106	753
2	3107	181
2	3107	326
2	3107	881
2	3108	92
2	3109	325
2	3109	720
2	3109	971
2	3110	840
2	3111	602
2	3111	649
2	3113	900
2	3114	46
2	3114	225
2	3115	250
2	3115	499
2	3116	694
2	3116	776
2	3117	172
2	3117	548
2	3117	786
2	3118	104
2	3118	623
2	3118	719
2	3119	757
2	3120	109
2	3120	685
2	3121	29
2	3121	132
2	3121	497
2	3122	609
2	3122	798
2	3123	142
2	3124	122
2	3124	358
2	3124	458
2	3125	404
2	3125	732
2	3126	161
2	3127	314
2	3127	530
2	3128	794
2	3128	875
2	3129	610
2	3130	994
2	3131	117
2	3131	807
2	3136	474
2	3137	393
2	3137	631
2	3138	101
2	3138	222
2	3139	289
2	3140	54
2	3142	888
2	3143	243
2	3143	551
2	3145	184
2	3145	296
2	3145	432
2	3145	527
2	3145	957
2	3146	281
2	3146	841
2	3147	874
2	3149	290
2	3149	600
2	3149	656
2	3150	89
2	3151	129
2	3153	74
2	3153	180
2	3154	342
2	3154	490
2	3156	791
2	3157	486
2	3158	309
2	3159	528
2	3160	967
2	3161	22
2	3162	123
2	3162	498
2	3162	884
2	3166	102
2	3167	256
2	3168	589
2	3169	334
2	3169	835
2	3170	120
2	3173	423
2	3175	546
2	3176	487
2	3176	780
2	3180	99
2	3180	883
2	3181	652
2	3182	675
2	3184	955
2	3185	840
2	3186	15
2	3187	97
2	3188	76
2	3188	760
2	3188	778
2	3189	344
2	3191	313
2	3191	400
2	3191	658
2	3193	661
2	3193	857
2	3194	660
2	3194	730
2	3194	756
2	3195	448
2	3196	33
2	3196	203
2	3197	502
2	3197	774
2	3198	134
2	3199	550
2	3199	663
2	3199	845
2	3200	187
2	3201	218
2	3201	754
2	3201	905
2	3202	44
2	3202	136
2	3202	712
2	3203	126
2	3203	970
2	3204	816
2	3205	352
2	3205	361
2	3205	869
2	3206	226
2	3207	106
2	3207	403
2	3208	93
2	3210	430
2	3210	465
2	3210	699
2	3211	261
2	3211	991
2	3213	292
2	3213	347
2	3217	556
2	3217	881
2	3219	531
2	3220	48
2	3220	356
2	3220	542
2	3221	570
2	3221	946
2	3222	111
2	3222	177
2	3223	219
2	3223	321
2	3227	645
2	3228	711
2	3230	641
2	3231	360
2	3232	407
2	3233	30
2	3236	68
2	3236	494
2	3236	678
2	3238	328
2	3239	244
2	3239	814
2	3239	832
2	3239	886
2	3240	64
2	3240	277
2	3240	285
2	3241	825
2	3241	843
2	3242	116
2	3243	208
2	3244	237
2	3244	767
2	3246	833
2	3247	365
2	3247	385
2	3248	565
2	3251	651
2	3252	100
2	3253	272
2	3253	582
2	3254	412
2	3255	240
2	3258	268
2	3258	299
2	3258	455
2	3259	525
2	3259	559
2	3260	671
2	3262	714
2	3264	596
2	3265	206
2	3265	302
2	3265	591
2	3270	283
2	3273	305
2	3274	557
2	3275	534
2	3275	580
2	3276	606
2	3277	215
2	3277	306
2	3277	539
2	3278	229
2	3278	253
2	3281	749
2	3282	119
2	3282	662
2	3283	169
2	3283	960
2	3284	567
2	3285	866
2	3286	310
2	3286	391
2	3286	770
2	3289	509
2	3290	249
2	3290	409
2	3291	503
2	3292	231
2	3293	112
2	3293	519
2	3293	553
2	3293	757
2	3294	274
2	3294	508
2	3294	837
2	3295	865
2	3296	885
2	3297	216
2	3297	723
2	3297	736
2	3298	613
2	3299	182
2	3299	442
2	3299	619
2	3300	172
2	3300	572
2	3301	4
2	3302	121
2	3302	152
2	3303	416
2	3303	511
2	3303	673
2	3304	19
2	3304	492
2	3305	659
2	3306	11
2	3307	672
2	3307	959
2	3309	327
2	3309	614
2	3309	692
2	3311	10
2	3312	571
2	3312	696
2	3312	707
2	3313	604
2	3314	367
2	3314	764
2	3316	73
2	3316	205
2	3316	485
2	3316	647
2	3318	118
2	3318	199
2	3318	771
2	3319	970
2	3321	250
2	3321	304
2	3321	420
2	3321	668
2	3322	562
2	3323	380
2	3324	167
2	3324	776
2	3324	795
2	3325	555
2	3326	287
2	3326	881
2	3327	484
2	3327	505
2	3329	158
2	3329	418
2	3330	354
2	3331	359
2	3331	594
2	3332	825
2	3333	113
2	3333	669
2	3333	840
2	3334	12
2	3334	755
2	3335	449
2	3335	549
2	3335	900
2	3335	999
2	3336	144
2	3338	5
2	3339	157
2	3339	292
2	3341	149
2	3342	175
2	3343	14
2	3343	854
2	3344	502
2	3345	315
2	3345	554
2	3345	994
2	3348	608
2	3349	1
2	3351	708
2	3354	204
2	3354	474
2	3355	426
2	3356	635
2	3356	740
2	3357	717
2	3358	412
2	3359	530
2	3360	85
2	3360	756
2	3361	140
2	3361	313
2	3361	570
2	3362	460
2	3362	499
2	3363	251
2	3363	622
2	3364	515
2	3364	719
2	3366	66
2	3366	772
2	3366	878
2	3368	377
2	3369	758
2	3370	396
2	3370	855
2	3371	294
2	3371	337
2	3371	561
2	3372	203
2	3372	780
2	3373	293
2	3374	612
2	3375	84
2	3375	686
2	3376	233
2	3376	320
2	3376	462
2	3376	536
2	3376	913
2	3378	760
2	3379	517
2	3381	649
2	3382	79
2	3382	574
2	3383	907
2	3384	51
2	3385	247
2	3385	385
2	3387	497
2	3387	727
2	3387	739
2	3388	404
2	3388	560
2	3388	636
2	3389	213
2	3390	240
2	3390	378
2	3390	583
2	3392	395
2	3394	895
2	3395	386
2	3396	153
2	3397	445
2	3398	20
2	3398	35
2	3398	49
2	3398	435
2	3399	381
2	3399	627
2	3400	92
2	3401	347
2	3401	977
2	3402	464
2	3403	128
2	3404	104
2	3404	285
2	3405	656
2	3405	814
2	3406	82
2	3406	188
2	3407	184
2	3407	507
2	3408	641
2	3410	461
2	3410	541
2	3412	103
2	3412	178
2	3412	616
2	3413	231
2	3413	341
2	3414	50
2	3416	444
2	3416	529
2	3417	311
2	3417	933
2	3418	248
2	3419	288
2	3419	709
2	3421	218
2	3421	357
2	3422	21
2	3423	239
2	3424	224
2	3424	548
2	3424	965
2	3425	558
2	3427	70
2	3427	286
2	3428	237
2	3428	433
2	3428	807
2	3430	662
2	3431	902
2	3432	263
2	3435	26
2	3435	308
2	3436	217
2	3436	222
2	3441	198
2	3441	696
2	3441	762
2	3442	283
2	3442	678
2	3443	68
2	3443	833
2	3445	83
2	3445	106
2	3446	408
2	3447	107
2	3447	300
2	3449	57
2	3449	494
2	3451	146
2	3451	156
2	3451	609
2	3453	284
2	3453	763
2	3454	481
2	3455	291
2	3455	712
2	3457	557
2	3458	299
2	3458	473
2	3460	75
2	3460	463
2	3461	776
2	3462	475
2	3462	550
2	3462	802
2	3462	843
2	3462	879
2	3465	177
2	3465	799
2	3466	382
2	3466	793
2	3468	108
2	3468	202
2	3469	600
2	3470	424
2	3470	726
2	3472	430
2	3472	941
2	3473	7
2	3473	281
2	3473	343
2	3473	527
2	3473	719
2	3476	131
2	3476	485
2	3478	36
2	3478	211
2	3479	22
2	3479	264
2	3479	935
2	3480	181
2	3480	811
2	3481	715
2	3483	735
2	3484	626
2	3484	630
2	3484	807
2	3485	496
2	3486	338
2	3486	396
2	3487	690
2	3488	702
2	3488	813
2	3489	258
2	3490	305
2	3491	744
2	3492	569
2	3493	480
2	3493	915
2	3495	775
2	3496	301
2	3498	144
2	3498	170
2	3500	268
2	3501	929
2	3502	91
2	3504	587
2	3505	403
2	3508	930
2	3509	633
2	3510	543
2	3511	259
2	3511	755
2	3511	777
2	3513	271
2	3513	858
2	3516	387
2	3516	446
2	3516	764
2	3519	542
2	3519	672
2	3520	171
2	3520	531
2	3520	632
2	3520	820
2	3520	893
2	3521	186
2	3522	528
2	3523	640
2	3524	372
2	3524	674
2	3524	827
2	3525	195
2	3526	815
2	3527	701
2	3528	393
2	3528	438
2	3528	784
2	3528	786
2	3529	782
2	3530	397
2	3530	588
2	3530	706
2	3531	120
2	3532	159
2	3533	562
2	3534	172
2	3535	622
2	3536	69
2	3536	197
2	3536	417
2	3536	723
2	3538	176
2	3538	363
2	3539	250
2	3539	483
2	3539	506
2	3540	789
2	3540	934
2	3543	132
2	3543	490
2	3543	523
2	3543	780
2	3544	997
2	3547	66
2	3547	599
2	3548	821
2	3549	400
2	3550	188
2	3550	275
2	3550	655
2	3551	423
2	3553	282
2	3554	558
2	3554	571
2	3555	384
2	3555	699
2	3555	756
2	3555	928
2	3556	162
2	3558	980
2	3559	590
2	3559	936
2	3560	261
2	3560	515
2	3560	791
2	3561	668
2	3562	230
2	3563	555
2	3564	196
2	3567	758
2	3568	416
2	3568	741
2	3570	257
2	3572	639
2	3572	781
2	3573	54
2	3573	204
2	3574	894
2	3575	855
2	3576	487
2	3577	13
2	3579	617
2	3581	439
2	3581	873
2	3582	313
2	3583	413
2	3583	984
2	3584	827
2	3586	315
2	3586	464
2	3587	711
2	3588	92
2	3589	131
2	3589	494
2	3590	276
2	3590	406
2	3590	422
2	3591	718
2	3594	105
2	3594	767
2	3594	809
2	3595	650
2	3595	982
2	3596	32
2	3597	975
2	3599	349
2	3601	31
2	3602	138
2	3602	208
2	3602	369
2	3603	565
2	3603	850
2	3604	931
2	3605	511
2	3606	824
2	3607	625
2	3607	845
2	3608	241
2	3608	450
2	3608	986
2	3609	759
2	3610	63
2	3611	252
2	3611	339
2	3611	936
2	3613	865
2	3614	666
2	3615	420
2	3615	796
2	3616	680
2	3617	83
2	3618	5
2	3619	237
2	3619	470
2	3619	611
2	3620	37
2	3620	109
2	3620	266
2	3621	350
2	3622	568
2	3623	518
2	3624	161
2	3625	34
2	3627	198
2	3627	794
2	3628	6
2	3628	94
2	3628	262
2	3628	683
2	3628	687
2	3631	234
2	3631	352
2	3631	465
2	3631	593
2	3631	963
2	3632	884
2	3633	16
2	3634	210
2	3634	729
2	3634	880
2	3635	676
2	3636	229
2	3637	662
2	3637	860
2	3638	388
2	3638	654
2	3638	725
2	3638	908
2	3639	111
2	3639	185
2	3639	658
2	3640	596
2	3641	525
2	3641	627
2	3642	151
2	3642	436
2	3642	462
2	3642	872
2	3644	700
2	3645	453
2	3645	688
2	3646	529
2	3646	738
2	3646	952
2	3648	255
2	3648	273
2	3649	992
2	3650	75
2	3650	136
2	3650	183
2	3650	242
2	3650	674
2	3651	340
2	3653	286
2	3653	919
2	3655	947
2	3656	296
2	3656	414
2	3657	217
2	3657	269
2	3657	328
2	3657	752
2	3658	182
2	3658	215
2	3659	570
2	3663	129
2	3663	316
2	3663	631
2	3663	743
2	3663	956
2	3664	14
2	3665	580
2	3665	701
2	3666	536
2	3667	231
2	3668	169
2	3669	190
2	3669	655
2	3670	148
2	3670	852
2	3671	642
2	3672	629
2	3673	302
2	3673	477
2	3673	698
2	3675	199
2	3675	550
2	3676	291
2	3676	419
2	3677	652
2	3677	745
2	3678	309
2	3680	62
2	3682	294
2	3683	52
2	3683	656
2	3684	974
2	3686	46
2	3686	532
2	3687	73
2	3690	141
2	3690	753
2	3690	806
2	3691	681
2	3692	649
2	3692	798
2	3695	227
2	3695	311
2	3696	145
2	3696	280
2	3697	423
2	3697	591
2	3698	432
2	3698	488
2	3699	23
2	3700	671
2	3701	331
2	3702	734
2	3703	43
2	3704	713
2	3706	61
2	3706	250
2	3706	366
2	3706	552
2	3706	916
2	3707	825
2	3708	405
2	3709	865
2	3710	401
2	3711	357
2	3711	413
2	3712	310
2	3712	736
2	3714	759
2	3715	177
2	3715	427
2	3715	522
2	3716	165
2	3716	618
2	3716	959
2	3717	969
2	3718	747
2	3719	196
2	3720	277
2	3720	367
2	3720	606
2	3720	792
2	3721	841
2	3722	71
2	3722	285
2	3722	764
2	3724	362
2	3725	30
2	3726	485
2	3726	527
2	3727	218
2	3727	620
2	3727	740
2	3728	451
2	3728	471
2	3729	236
2	3729	853
2	3731	120
2	3731	447
2	3732	474
2	3732	535
2	3735	216
2	3736	56
2	3736	608
2	3737	409
2	3737	751
2	3739	55
2	3740	802
2	3741	116
2	3742	36
2	3743	965
2	3744	823
2	3747	38
2	3748	172
2	3748	237
2	3750	930
2	3751	81
2	3753	494
2	3754	128
2	3754	200
2	3755	346
2	3757	195
2	3757	220
2	3758	411
2	3759	982
2	3760	513
2	3761	641
2	3763	325
2	3763	464
2	3764	22
2	3766	585
2	3767	417
2	3767	850
2	3768	1
2	3768	368
2	3769	651
2	3770	765
2	3770	789
2	3772	324
2	3772	444
2	3773	642
2	3774	472
2	3775	870
2	3776	386
2	3778	282
2	3778	843
2	3779	263
2	3780	44
2	3780	72
2	3780	194
2	3780	261
2	3782	258
2	3782	281
2	3784	42
2	3784	180
2	3784	625
2	3784	927
2	3786	717
2	3787	223
2	3788	730
2	3789	251
2	3792	130
2	3792	491
2	3792	632
2	3793	286
2	3793	528
2	3794	123
2	3796	569
2	3799	113
2	3799	476
2	3799	512
2	3801	50
2	3801	597
2	3802	213
2	3802	600
2	3803	64
2	3803	682
2	3806	225
2	3806	267
2	3807	911
2	3809	707
2	3809	810
2	3810	781
2	3811	170
2	3811	891
2	3814	320
2	3814	693
2	3814	873
2	3817	546
2	3818	999
2	3820	148
2	3820	159
2	3823	657
2	3825	96
2	3826	370
2	3826	974
2	3828	611
2	3829	60
2	3829	158
2	3829	264
2	3829	270
2	3832	916
2	3833	573
2	3834	348
2	3834	592
2	3836	634
2	3837	260
2	3838	495
2	3838	694
2	3838	799
2	3839	373
2	3839	994
2	3840	314
2	3840	683
2	3840	872
2	3841	63
2	3841	86
2	3841	652
2	3841	838
2	3842	204
2	3843	839
2	3844	523
2	3845	256
2	3845	594
2	3845	990
2	3846	328
2	3846	459
2	3846	630
2	3847	440
2	3847	615
2	3847	824
2	3848	108
2	3848	557
2	3848	617
2	3850	32
2	3850	192
2	3850	209
2	3850	456
2	3850	506
2	3850	719
2	3851	51
2	3851	606
2	3854	146
2	3855	539
2	3856	623
2	3856	714
2	3857	524
2	3858	153
2	3858	245
2	3860	908
2	3862	601
2	3862	831
2	3863	244
2	3863	502
2	3864	103
2	3864	716
2	3866	613
2	3868	274
2	3868	587
2	3868	844
2	3869	47
2	3870	410
2	3870	702
2	3871	488
2	3871	545
2	3871	780
2	3871	973
2	3872	564
2	3872	953
2	3873	365
2	3875	428
2	3876	255
2	3876	887
2	3876	991
2	3877	128
2	3877	228
2	3877	535
2	3878	433
2	3878	562
2	3878	982
2	3880	672
2	3880	739
2	3882	741
2	3882	749
2	3883	5
2	3883	18
2	3883	247
2	3886	19
2	3886	173
2	3886	603
2	3887	101
2	3887	399
2	3888	957
2	3890	277
2	3890	778
2	3891	810
2	3892	9
2	3892	377
2	3892	571
2	3893	700
2	3893	961
2	3894	800
2	3895	323
2	3896	339
2	3897	234
2	3900	666
2	3900	743
2	3901	422
2	3901	484
2	3901	681
2	3902	492
2	3902	756
2	3904	836
2	3904	949
2	3906	645
2	3907	157
2	3907	351
2	3908	340
2	3908	540
2	3908	868
2	3909	411
2	3909	499
2	3910	154
2	3910	229
2	3910	457
2	3913	107
2	3914	404
2	3915	762
2	3916	596
2	3917	400
2	3918	222
2	3918	432
2	3919	243
2	3919	319
2	3919	439
2	3920	662
2	3921	242
2	3922	285
2	3925	384
2	3926	293
2	3926	637
2	3927	453
2	3927	765
2	3928	13
2	3928	522
2	3928	764
2	3928	812
2	3929	579
2	3929	665
2	3929	796
2	3933	636
2	3934	466
2	3934	468
2	3934	883
2	3934	929
2	3935	201
2	3935	326
2	3935	968
2	3936	517
2	3937	75
2	3937	212
2	3937	362
2	3937	667
2	3938	82
2	3938	98
2	3938	973
2	3939	374
2	3939	481
2	3940	961
2	3941	27
2	3941	152
2	3941	166
2	3941	257
2	3942	553
2	3943	129
2	3943	214
2	3944	138
2	3944	654
2	3945	792
2	3946	576
2	3947	554
2	3947	819
2	3948	318
2	3949	550
2	3950	586
2	3951	361
2	3951	363
2	3951	746
2	3951	789
2	3951	890
2	3952	786
2	3953	56
2	3953	230
2	3953	518
2	3954	686
2	3955	126
2	3956	151
2	3958	206
2	3958	528
2	3959	177
2	3959	350
2	3959	723
2	3962	124
2	3963	991
2	3964	676
2	3965	415
2	3966	353
2	3966	530
2	3969	99
2	3970	338
2	3970	718
2	3971	747
2	3972	134
2	3974	389
2	3976	732
2	3978	286
2	3978	303
2	3980	513
2	3980	624
2	3981	294
2	3982	333
2	3984	643
2	3985	889
2	3986	185
2	3986	621
2	3987	356
2	3989	307
2	3991	795
2	3991	882
2	3991	968
2	3992	202
2	3992	403
2	3992	490
2	3994	270
2	3995	136
2	3995	600
2	3997	209
2	3997	656
2	3998	6
2	3998	68
2	3998	204
2	3998	417
2	3999	414
2	3999	548
2	4000	425
2	4002	438
2	4003	224
2	4004	207
2	4005	93
2	4006	658
2	4006	712
2	4008	289
2	4009	191
2	4009	367
2	4010	753
2	4011	701
2	4013	812
2	4013	871
2	4014	390
2	4015	258
2	4021	16
2	4021	190
2	4022	394
2	4024	451
2	4024	722
2	4024	940
2	4025	95
2	4026	728
2	4027	1
2	4029	858
2	4031	720
2	4032	427
2	4033	320
2	4034	104
2	4037	691
2	4039	745
2	4040	856
2	4041	673
2	4042	687
2	4043	750
2	4043	962
2	4044	355
2	4045	170
2	4045	535
2	4045	545
2	4046	421
2	4047	65
2	4049	335
2	4050	139
2	4050	220
2	4050	466
2	4050	568
2	4055	653
2	4055	781
2	4055	868
2	4056	761
2	4056	766
2	4057	280
2	4058	137
2	4058	357
2	4059	273
2	4060	14
2	4060	794
2	4061	128
2	4061	821
2	4062	693
2	4062	752
2	4063	105
2	4063	301
2	4065	122
2	4065	520
2	4065	601
2	4066	74
2	4066	380
2	4067	537
2	4068	332
2	4069	39
2	4070	831
2	4070	897
2	4071	387
2	4072	561
2	4073	76
2	4073	247
2	4074	244
2	4074	366
2	4074	578
2	4075	51
2	4075	476
2	4075	690
2	4076	998
2	4078	949
2	4079	683
2	4080	925
2	4081	253
2	4081	411
2	4082	174
2	4082	677
2	4084	675
2	4086	636
2	4087	77
2	4088	404
2	4088	633
2	4088	698
2	4091	193
2	4091	797
2	4092	510
2	4092	556
2	4092	579
2	4092	610
2	4093	792
2	4094	17
2	4094	645
2	4095	674
2	4096	8
2	4096	565
2	4098	603
2	4098	707
2	4098	879
2	4101	412
2	4101	685
2	4101	755
2	4102	468
2	4102	471
2	4102	623
2	4103	181
2	4103	276
2	4103	453
2	4104	854
2	4106	319
2	4106	504
2	4107	928
2	4107	991
2	4108	239
2	4108	541
2	4113	9
2	4113	527
2	4114	605
2	4115	400
2	4115	581
2	4115	705
2	4117	788
2	4118	308
2	4119	434
2	4120	233
2	4121	303
2	4122	310
2	4122	602
2	4122	641
2	4123	70
2	4123	168
2	4123	318
2	4123	979
2	4125	591
2	4127	796
2	4128	264
2	4128	692
2	4129	324
2	4130	891
2	4131	419
2	4132	88
2	4133	52
2	4133	485
2	4133	914
2	4137	413
2	4137	936
2	4138	162
2	4138	223
2	4138	735
2	4140	763
2	4140	809
2	4141	406
2	4141	708
2	4142	871
2	4143	160
2	4143	666
2	4143	833
2	4145	483
2	4145	635
2	4146	243
2	4146	702
2	4146	822
2	4149	481
2	4150	79
2	4150	711
2	4151	861
2	4152	703
2	4153	301
2	4153	358
2	4154	838
2	4155	251
2	4156	43
2	4156	668
2	4157	185
2	4157	553
2	4158	141
2	4158	195
2	4158	559
2	4159	22
2	4159	257
2	4159	717
2	4160	585
2	4162	620
2	4162	793
2	4165	130
2	4165	867
2	4166	119
2	4167	536
2	4167	734
2	4170	857
2	4170	905
2	4171	807
2	4172	323
2	4172	452
2	4173	359
2	4174	140
2	4175	106
2	4175	313
2	4176	113
2	4178	495
2	4179	995
2	4180	288
2	4181	157
2	4181	927
2	4181	954
2	4182	456
2	4182	780
2	4184	652
2	4185	362
2	4185	756
2	4186	261
2	4187	671
2	4187	892
2	4187	1000
2	4188	3
2	4188	669
2	4189	478
2	4189	542
2	4190	24
2	4190	551
2	4191	144
2	4193	294
2	4193	639
2	4196	19
2	4196	169
2	4196	379
2	4196	486
2	4196	714
2	4196	859
2	4197	704
2	4201	618
2	4202	719
2	4203	638
2	4203	655
2	4204	312
2	4204	912
2	4208	181
2	4209	95
2	4209	437
2	4210	263
2	4211	333
2	4212	273
2	4213	679
2	4214	238
2	4214	947
2	4216	102
2	4216	409
2	4217	71
2	4217	697
2	4218	532
2	4218	971
2	4219	10
2	4219	617
2	4219	728
2	4221	50
2	4221	153
2	4221	672
2	4221	888
2	4223	629
2	4224	199
2	4226	535
2	4227	506
2	4227	694
2	4228	422
2	4229	204
2	4230	896
2	4231	98
2	4231	236
2	4231	461
2	4232	145
2	4234	821
2	4235	364
2	4236	167
2	4236	634
2	4237	910
2	4238	1
2	4240	580
2	4241	856
2	4242	249
2	4242	376
2	4242	815
2	4243	74
2	4243	503
2	4243	598
2	4244	284
2	4245	7
2	4245	463
2	4245	527
2	4245	574
2	4245	597
2	4246	133
2	4249	208
2	4249	773
2	4250	46
2	4250	248
2	4250	590
2	4250	796
2	4251	64
2	4251	985
2	4252	594
2	4252	746
2	4253	768
2	4254	431
2	4258	560
2	4259	450
2	4261	558
2	4261	709
2	4262	649
2	4262	696
2	4263	111
2	4263	330
2	4265	490
2	4267	99
2	4267	965
2	4269	397
2	4269	767
2	4270	30
2	4271	738
2	4272	269
2	4273	441
2	4274	586
2	4276	412
2	4278	227
2	4282	488
2	4282	924
2	4283	576
2	4284	209
2	4285	772
2	4286	457
2	4288	500
2	4290	179
2	4291	28
2	4291	809
2	4291	960
2	4292	894
2	4294	993
2	4295	371
2	4298	2
2	4298	968
2	4301	54
2	4302	413
2	4303	582
2	4303	763
2	4303	874
2	4306	4
2	4307	68
2	4307	386
2	4307	391
2	4307	430
2	4310	970
2	4311	118
2	4315	656
2	4316	154
2	4316	491
2	4316	658
2	4316	759
2	4318	571
2	4319	110
2	4319	264
2	4321	872
2	4322	504
2	4323	112
2	4323	893
2	4325	439
2	4327	901
2	4330	468
2	4331	23
2	4333	447
2	4333	951
2	4334	293
2	4335	56
2	4336	170
2	4336	429
2	4337	297
2	4338	667
2	4339	18
2	4339	195
2	4340	369
2	4341	584
2	4342	160
2	4342	259
2	4342	776
2	4344	865
2	4346	237
2	4346	262
2	4346	382
2	4346	543
2	4346	987
2	4347	610
2	4348	921
2	4350	203
2	4350	965
2	4353	304
2	4354	384
2	4355	184
2	4355	213
2	4355	377
2	4355	813
2	4357	838
2	4359	26
2	4361	880
2	4361	960
2	4362	801
2	4363	137
2	4364	948
2	4365	258
2	4365	407
2	4365	967
2	4365	993
2	4367	869
2	4369	780
2	4371	511
2	4371	685
2	4371	806
2	4376	997
2	4379	218
2	4379	271
2	4379	619
2	4379	666
2	4380	613
2	4380	946
2	4381	62
2	4381	795
2	4382	593
2	4383	19
2	4383	151
2	4385	198
2	4387	528
2	4388	335
2	4389	261
2	4390	406
2	4391	507
2	4391	583
2	4392	432
2	4394	275
2	4394	955
2	4397	629
2	4398	395
2	4398	483
2	4401	158
2	4401	577
2	4404	830
2	4405	182
2	4407	374
2	4407	403
2	4407	409
2	4410	311
2	4411	961
2	4413	749
2	4413	936
2	4414	131
2	4414	286
2	4415	187
2	4416	52
2	4416	493
2	4417	561
2	4417	908
2	4418	200
2	4420	99
2	4421	135
2	4421	887
2	4422	394
2	4422	449
2	4422	1000
2	4423	518
2	4423	829
2	4424	112
2	4424	186
2	4424	229
2	4424	370
2	4424	418
2	4425	438
2	4426	349
2	4426	367
2	4426	917
2	4426	956
2	4427	125
2	4427	835
2	4428	47
2	4428	480
2	4428	548
2	4428	926
2	4429	310
2	4429	973
2	4430	197
2	4430	357
2	4430	660
2	4431	668
2	4432	13
2	4433	301
2	4433	351
2	4433	656
2	4433	730
2	4434	721
2	4435	665
2	4436	103
2	4436	553
2	4436	893
2	4437	64
2	4437	224
2	4439	94
2	4440	911
2	4440	918
2	4441	586
2	4442	216
2	4442	928
2	4443	153
2	4443	174
2	4443	651
2	4443	758
2	4444	7
2	4444	171
2	4444	677
2	4445	469
2	4445	716
2	4446	804
2	4446	883
2	4447	698
2	4448	372
2	4448	723
2	4450	434
2	4450	981
2	4451	693
2	4451	821
2	4453	116
2	4453	482
2	4453	792
2	4454	573
2	4455	752
2	4455	972
2	4456	100
2	4456	191
2	4457	302
2	4457	467
2	4457	605
2	4458	241
2	4458	535
2	4459	22
2	4459	550
2	4459	687
2	4460	166
2	4460	192
2	4460	476
2	4461	101
2	4461	221
2	4462	440
2	4462	722
2	4463	273
2	4463	714
2	4464	953
2	4465	366
2	4465	865
2	4465	881
2	4466	251
2	4466	704
2	4468	205
2	4469	9
2	4469	35
2	4469	675
2	4470	638
2	4471	155
2	4471	325
2	4471	385
2	4472	330
2	4473	514
2	4474	243
2	4474	554
2	4475	219
2	4475	456
2	4476	805
2	4477	454
2	4478	327
2	4478	378
2	4479	452
2	4479	755
2	4480	470
2	4480	836
2	4480	934
2	4481	621
2	4482	340
2	4482	377
2	4482	999
2	4483	206
2	4483	464
2	4485	300
2	4486	266
2	4486	960
2	4487	133
2	4489	120
2	4490	392
2	4490	505
2	4491	508
2	4491	854
2	4492	73
2	4492	606
2	4492	883
2	4493	358
2	4495	76
2	4498	365
2	4500	923
2	4501	397
2	4502	347
2	4503	345
2	4504	590
2	4505	214
2	4505	624
2	4505	779
2	4507	50
2	4508	743
2	4509	25
2	4509	892
2	4510	599
2	4511	237
2	4513	499
2	4513	509
2	4514	164
2	4515	48
2	4515	72
2	4515	235
2	4515	686
2	4517	856
2	4520	412
2	4520	551
2	4522	563
2	4522	580
2	4523	178
2	4523	865
2	4523	964
2	4524	447
2	4524	667
2	4527	69
2	4527	159
2	4527	510
2	4528	185
2	4528	324
2	4528	436
2	4529	516
2	4529	579
2	4529	595
2	4529	700
2	4530	899
2	4532	298
2	4532	559
2	4532	565
2	4533	252
2	4533	598
2	4533	762
2	4535	977
2	4536	236
2	4537	328
2	4537	429
2	4537	826
2	4537	892
2	4537	976
2	4538	414
2	4539	890
2	4542	59
2	4543	209
2	4543	680
2	4544	297
2	4544	596
2	4545	503
2	4545	810
2	4546	629
2	4547	489
2	4547	941
2	4549	81
2	4549	175
2	4551	560
2	4552	318
2	4553	421
2	4554	121
2	4554	254
2	4554	461
2	4554	673
2	4554	918
2	4555	80
2	4555	466
2	4555	643
2	4558	66
2	4559	88
2	4559	570
2	4559	653
2	4560	720
2	4561	537
2	4561	576
2	4562	64
2	4562	357
2	4562	512
2	4562	529
2	4562	824
2	4564	410
2	4564	728
2	4566	479
2	4567	658
2	4569	249
2	4569	848
2	4571	389
2	4571	616
2	4571	642
2	4571	739
2	4571	866
2	4578	515
2	4581	375
2	4584	212
2	4584	243
2	4586	211
2	4589	30
2	4589	78
2	4590	632
2	4590	683
2	4590	769
2	4591	420
2	4592	350
2	4593	426
2	4596	44
2	4597	21
2	4597	494
2	4597	647
2	4598	615
2	4599	242
2	4599	555
2	4601	923
2	4602	90
2	4603	391
2	4604	722
2	4605	953
2	4606	262
2	4606	364
2	4606	462
2	4607	712
2	4608	105
2	4608	672
2	4609	731
2	4610	49
2	4611	381
2	4612	168
2	4612	756
2	4613	329
2	4613	752
2	4614	201
2	4614	708
2	4614	916
2	4615	507
2	4617	801
2	4617	951
2	4619	336
2	4619	458
2	4619	581
2	4619	966
2	4619	984
2	4620	112
2	4620	496
2	4620	744
2	4620	933
2	4620	983
2	4623	819
2	4624	1
2	4624	959
2	4627	766
2	4629	183
2	4630	450
2	4631	706
2	4632	387
2	4633	641
2	4634	349
2	4634	440
2	4635	154
2	4635	311
2	4635	398
2	4635	631
2	4638	527
2	4639	538
2	4640	31
2	4641	16
2	4642	99
2	4642	506
2	4643	205
2	4643	360
2	4643	441
2	4644	597
2	4645	303
2	4645	341
2	4645	630
2	4647	100
2	4649	330
2	4649	578
2	4649	884
2	4650	208
2	4651	14
2	4651	312
2	4652	351
2	4652	802
2	4653	535
2	4654	743
2	4655	691
2	4656	27
2	4656	196
2	4656	474
2	4657	911
2	4658	51
2	4658	761
2	4659	83
2	4659	553
2	4663	525
2	4663	707
2	4665	524
2	4666	94
2	4667	63
2	4668	170
2	4670	605
2	4671	366
2	4673	6
2	4673	954
2	4674	177
2	4676	36
2	4677	337
2	4678	233
2	4678	332
2	4679	608
2	4681	281
2	4681	379
2	4682	169
2	4684	189
2	4685	28
2	4685	285
2	4685	561
2	4685	688
2	4686	788
2	4689	40
2	4689	959
2	4690	603
2	4690	679
2	4690	757
2	4693	677
2	4694	264
2	4695	463
2	4695	544
2	4696	781
2	4700	418
2	4700	445
2	4701	556
2	4703	207
2	4703	575
2	4705	171
2	4706	550
2	4707	147
2	4707	618
2	4707	819
2	4708	593
2	4709	227
2	4710	291
2	4713	477
2	4713	925
2	4716	162
2	4716	724
2	4717	540
2	4718	328
2	4718	396
2	4719	335
2	4720	400
2	4720	471
2	4721	750
2	4721	777
2	4721	921
2	4722	490
2	4724	118
2	4724	509
2	4727	720
2	4728	704
2	4729	594
2	4730	314
2	4730	378
2	4732	421
2	4732	864
2	4733	69
2	4734	272
2	4734	977
2	4735	746
2	4735	964
2	4736	248
2	4737	839
2	4738	739
2	4742	93
2	4743	560
2	4744	87
2	4746	936
2	4748	423
2	4749	10
2	4750	41
2	4750	716
2	4753	653
2	4753	880
2	4754	363
2	4754	431
2	4755	210
2	4756	120
2	4756	242
2	4756	851
2	4759	300
2	4759	416
2	4761	60
2	4764	526
2	4764	717
2	4765	580
2	4767	961
2	4768	414
2	4769	257
2	4769	728
2	4770	269
2	4771	325
2	4771	391
2	4772	642
2	4774	857
2	4776	102
2	4777	228
2	4777	628
2	4778	165
2	4778	516
2	4779	137
2	4780	135
2	4781	386
2	4781	574
2	4783	748
2	4783	927
2	4784	687
2	4784	779
2	4786	322
2	4787	166
2	4788	309
2	4790	152
2	4790	486
2	4790	577
2	4790	756
2	4791	534
2	4791	722
2	4793	465
2	4794	237
2	4794	663
2	4795	479
2	4795	592
2	4796	385
2	4796	765
2	4797	411
2	4797	814
2	4799	188
2	4799	229
2	4799	879
2	4800	847
2	4801	21
2	4801	858
2	4802	155
2	4802	267
2	4802	712
2	4802	790
2	4802	935
2	4803	5
2	4803	315
2	4803	792
2	4803	849
2	4807	261
2	4807	305
2	4807	439
2	4808	689
2	4808	703
2	4808	955
2	4809	922
2	4810	605
2	4812	372
2	4813	562
2	4815	343
2	4815	812
2	4817	528
2	4818	4
2	4819	566
2	4820	172
2	4820	179
2	4821	173
2	4822	495
2	4823	670
2	4824	72
2	4824	569
2	4825	354
2	4826	708
2	4827	22
2	4828	711
2	4829	976
2	4830	522
2	4831	764
2	4831	981
2	4832	969
2	4832	996
2	4834	68
2	4834	223
2	4835	934
2	4836	45
2	4836	107
2	4836	415
2	4839	586
2	4839	801
2	4841	49
2	4841	136
2	4841	778
2	4842	52
2	4842	619
2	4843	42
2	4843	95
2	4843	650
2	4846	475
2	4846	634
2	4847	542
2	4848	323
2	4849	636
2	4850	122
2	4850	289
2	4851	294
2	4851	699
2	4853	527
2	4857	684
2	4857	949
2	4858	196
2	4859	737
2	4860	286
2	4861	211
2	4862	44
2	4863	543
2	4865	461
2	4866	329
2	4866	786
2	4867	407
2	4868	6
2	4868	132
2	4868	367
2	4868	459
2	4868	508
2	4868	655
2	4870	457
2	4874	427
2	4874	876
2	4875	203
2	4875	657
2	4875	875
2	4876	918
2	4877	832
2	4879	382
2	4879	424
2	4879	652
2	4879	744
2	4880	284
2	4881	290
2	4881	364
2	4882	345
2	4883	494
2	4884	452
2	4885	222
2	4885	310
2	4885	313
2	4885	419
2	4885	432
2	4885	600
2	4885	662
2	4885	696
2	4885	982
2	4887	168
2	4887	857
2	4888	246
2	4888	593
2	4889	568
2	4890	171
2	4890	333
2	4891	209
2	4891	736
2	4892	138
2	4892	394
2	4892	695
2	4892	706
2	4893	108
2	4893	966
2	4894	373
2	4894	431
2	4895	104
2	4896	174
2	4896	747
2	4897	110
2	4897	151
2	4897	633
2	4897	638
2	4898	109
2	4899	468
2	4899	762
2	4899	819
2	4900	133
2	4901	74
2	4902	63
2	4902	359
2	4903	355
2	4903	597
2	4904	370
2	4904	565
2	4906	916
2	4907	531
2	4908	563
2	4909	851
2	4912	38
2	4912	771
2	4913	177
2	4913	782
2	4914	641
2	4914	780
2	4914	854
2	4914	956
2	4914	996
2	4917	552
2	4921	745
2	4922	212
2	4922	454
2	4922	464
2	4923	102
2	4923	274
2	4924	349
2	4925	350
2	4925	654
2	4925	676
2	4925	835
2	4926	53
2	4926	101
2	4930	256
2	4930	551
2	4930	731
2	4931	71
2	4932	474
2	4932	559
2	4932	827
2	4933	129
2	4933	557
2	4935	255
2	4935	411
2	4936	124
2	4937	789
2	4938	949
2	4939	20
2	4940	62
2	4940	85
2	4940	417
2	4940	785
2	4942	891
2	4944	226
2	4945	91
2	4945	521
2	4945	689
2	4945	940
2	4946	262
2	4950	481
2	4950	831
2	4953	56
2	4953	683
2	4954	14
2	4954	220
2	4954	526
2	4954	724
2	4955	66
2	4955	477
2	4956	328
2	4956	532
2	4957	51
2	4957	818
2	4957	904
2	4958	722
2	4959	197
2	4961	466
2	4961	717
2	4961	749
2	4961	825
2	4962	257
2	4963	184
2	4964	268
2	4964	292
2	4964	592
2	4965	576
2	4967	202
2	4967	602
2	4967	841
2	4968	159
2	4968	408
2	4969	735
2	4971	549
2	4974	162
2	4974	880
2	4977	17
2	4978	681
2	4978	799
2	4981	130
2	4981	451
2	4982	711
2	4982	902
2	4984	642
2	4985	779
2	4986	161
2	4987	270
2	4987	547
2	4987	769
2	4988	989
2	4989	281
2	4989	578
2	4990	503
2	4990	661
2	4990	764
2	4990	853
2	4990	893
2	4991	218
2	4991	793
2	4992	250
2	4992	613
2	4992	720
2	4993	201
2	4993	342
2	4993	440
2	4994	176
2	4994	812
2	4995	599
2	4996	369
2	4996	660
2	4997	185
2	4997	437
2	4997	581
2	4998	16
2	4998	205
2	4998	648
2	4999	718
2	5000	79
2	5000	809
2	5000	842
2	5000	855
