2	-1	0
2	1	14
2	1	220
2	1	314
2	1	547
2	3	650
2	4	295
2	4	885
2	5	113
2	5	406
2	6	11
2	6	617
2	7	647
2	8	41
2	9	133
2	10	400
2	10	857
2	13	119
2	13	598
2	14	442
2	15	70
2	15	734
2	17	279
2	17	297
2	18	83
2	18	495
2	19	657
2	19	684
2	19	982
2	20	860
2	21	715
2	21	864
2	24	474
2	25	731
2	26	130
2	26	683
2	27	397
2	27	774
2	27	837
2	28	868
2	30	475
2	30	665
2	30	966
2	31	373
2	32	403
2	33	348
2	33	979
2	34	379
2	35	656
2	35	720
2	36	528
2	37	285
2	38	242
2	40	166
2	40	604
2	47	471
2	47	619
2	47	773
2	47	790
2	48	518
2	51	184
2	52	229
2	52	581
2	52	671
2	52	744
2	53	713
2	54	12
2	54	300
2	54	359
2	54	799
2	55	40
2	55	47
2	57	819
2	58	29
2	58	49
2	58	616
2	60	247
2	60	372
2	61	59
2	61	290
2	61	694
2	61	758
2	61	886
2	64	459
2	64	770
2	65	293
2	65	718
2	65	745
2	66	100
2	66	791
2	67	440
2	67	488
2	67	667
2	67	793
2	68	367
2	69	168
2	69	438
2	70	915
2	71	390
2	72	418
2	72	733
2	73	371
2	73	462
2	73	550
2	73	560
2	74	767
2	75	631
2	78	181
2	79	709
2	80	866
2	81	63
2	83	658
2	84	740
2	86	129
2	86	806
2	87	307
2	88	76
2	89	574
2	92	175
2	92	473
2	93	380
2	93	389
2	93	551
2	94	384
2	94	540
2	95	583
2	96	17
2	97	337
2	97	543
2	97	546
2	97	901
2	98	67
2	98	633
2	99	158
2	99	621
2	100	498
2	100	510
2	102	436
2	102	935
2	103	155
2	103	898
2	104	150
2	104	363
2	104	969
2	107	334
2	108	399
2	108	600
2	108	964
2	109	902
2	112	56
2	113	577
2	114	351
2	116	532
2	118	78
2	118	257
2	118	353
2	119	452
2	119	873
2	120	102
2	121	146
2	121	326
2	121	407
2	122	834
2	123	211
2	123	652
2	123	941
2	124	370
2	124	526
2	125	778
2	126	53
2	128	602
2	130	341
2	130	463
2	133	118
2	134	376
2	134	823
2	134	985
2	135	332
2	136	120
2	138	708
2	140	340
2	140	587
2	141	420
2	143	182
2	145	686
2	146	387
2	147	593
2	148	61
2	148	369
2	149	249
2	150	974
2	151	152
2	153	447
2	153	688
2	154	759
2	154	788
2	154	800
2	155	110
2	155	434
2	155	530
2	155	537
2	159	283
2	160	27
2	160	132
2	163	638
2	163	813
2	164	673
2	165	585
2	166	270
2	166	553
2	168	806
2	171	34
2	174	950
2	175	490
2	178	507
2	179	562
2	181	757
2	182	674
2	183	135
2	184	244
2	184	494
2	185	174
2	186	322
2	186	992
2	187	737
2	188	777
2	189	870
2	190	844
2	193	8
2	193	87
2	194	591
2	194	608
2	195	806
2	197	273
2	197	996
2	198	645
2	200	924
2	201	80
2	202	797
2	203	143
2	203	453
2	204	222
2	204	237
2	207	311
2	209	184
2	210	57
2	211	833
2	212	414
2	214	315
2	214	613
2	215	33
2	215	168
2	215	717
2	218	691
2	219	215
2	219	440
2	223	836
2	224	971
2	225	248
2	226	557
2	226	750
2	229	482
2	229	761
2	231	350
2	232	159
2	232	573
2	233	287
2	233	395
2	234	301
2	234	393
2	235	503
2	235	707
2	236	164
2	236	468
2	239	134
2	239	230
2	239	386
2	239	549
2	240	63
2	243	425
2	243	754
2	244	433
2	245	128
2	246	515
2	246	570
2	246	751
2	248	731
2	248	911
2	250	302
2	251	569
2	251	656
2	251	860
2	254	343
2	256	418
2	256	590
2	260	239
2	262	365
2	264	49
2	264	148
2	264	286
2	264	300
2	264	500
2	264	545
2	265	458
2	270	746
2	271	735
2	272	314
2	272	826
2	273	902
2	274	388
2	274	723
2	275	4
2	277	117
2	278	114
2	278	145
2	280	374
2	282	131
2	282	140
2	282	558
2	282	771
2	282	837
2	283	132
2	284	924
2	285	163
2	286	219
2	286	843
2	287	195
2	287	663
2	288	397
2	289	269
2	289	484
2	289	660
2	290	853
2	292	221
2	292	375
2	292	469
2	293	529
2	294	240
2	294	670
2	296	499
2	297	614
2	298	183
2	299	35
2	299	805
2	300	21
2	300	401
2	300	589
2	300	810
2	301	779
2	302	212
2	303	346
2	304	619
2	305	416
2	306	298
2	306	756
2	307	496
2	308	485
2	308	709
2	311	112
2	312	474
2	314	139
2	314	144
2	314	305
2	318	66
2	319	7
2	319	137
2	319	794
2	322	321
2	324	579
2	324	608
2	326	476
2	328	97
2	329	605
2	331	210
2	333	30
2	333	826
2	335	243
2	336	786
2	340	366
2	342	846
2	342	871
2	343	115
2	343	581
2	344	204
2	344	704
2	344	902
2	347	113
2	347	251
2	347	881
2	348	393
2	348	729
2	349	94
2	349	533
2	350	479
2	352	283
2	352	344
2	352	714
2	353	367
2	353	979
2	355	149
2	355	477
2	355	632
2	355	702
2	356	90
2	356	258
2	356	464
2	358	360
2	359	260
2	359	778
2	359	837
2	360	456
2	361	927
2	363	223
2	363	860
2	364	272
2	364	515
2	365	147
2	365	324
2	365	437
2	368	793
2	369	490
2	369	646
2	372	357
2	374	359
2	374	514
2	376	315
2	376	599
2	378	406
2	378	489
2	378	982
2	380	963
2	382	337
2	382	950
2	383	694
2	384	325
2	385	41
2	385	473
2	387	311
2	389	408
2	391	439
2	391	518
2	391	812
2	392	74
2	392	431
2	393	904
2	394	535
2	395	517
2	396	279
2	397	17
2	397	23
2	397	737
2	398	187
2	398	326
2	398	932
2	400	895
2	401	92
2	401	268
2	401	419
2	401	463
2	401	651
2	401	881
2	402	332
2	405	520
2	406	764
2	406	852
2	408	449
2	408	600
2	409	516
2	410	531
2	411	349
2	412	46
2	412	255
2	412	561
2	414	129
2	415	20
2	415	502
2	415	762
2	415	799
2	417	451
2	417	927
2	418	430
2	420	580
2	420	708
2	421	800
2	421	972
2	422	119
2	422	221
2	424	25
2	424	257
2	424	627
2	425	348
2	425	394
2	426	457
2	427	767
2	428	159
2	428	781
2	430	28
2	430	462
2	430	620
2	430	975
2	431	497
2	431	699
2	432	669
2	433	36
2	433	981
2	434	363
2	435	38
2	435	254
2	435	731
2	435	853
2	439	199
2	439	381
2	440	215
2	440	573
2	441	121
2	442	545
2	442	710
2	443	308
2	443	345
2	445	508
2	445	755
2	446	365
2	447	48
2	448	526
2	448	772
2	450	594
2	451	468
2	452	582
2	452	661
2	452	667
2	453	870
2	454	247
2	454	888
2	454	912
2	455	937
2	456	297
2	457	127
2	457	552
2	457	713
2	459	262
2	460	537
2	461	197
2	461	968
2	462	340
2	462	725
2	463	674
2	464	192
2	464	296
2	464	819
2	465	259
2	465	636
2	465	716
2	466	1
2	466	547
2	466	681
2	467	95
2	468	443
2	469	144
2	469	931
2	470	390
2	470	906
2	472	501
2	472	658
2	472	686
2	473	796
2	473	824
2	474	712
2	475	193
2	475	853
2	477	507
2	478	551
2	478	565
2	479	863
2	482	418
2	482	662
2	483	910
2	484	313
2	484	692
2	484	707
2	484	818
2	485	640
2	486	163
2	486	167
2	488	654
2	488	801
2	489	82
2	489	613
2	490	698
2	491	659
2	493	299
2	494	579
2	495	427
2	496	569
2	496	797
2	496	798
2	497	201
2	497	730
2	498	607
2	499	510
2	499	790
2	500	638
2	500	788
2	501	555
2	502	107
2	503	275
2	503	970
2	504	149
2	504	534
2	505	323
2	505	585
2	506	282
2	507	625
2	508	336
2	508	355
2	509	356
2	509	684
2	509	905
2	510	120
2	511	442
2	511	567
2	511	592
2	512	283
2	512	760
2	512	761
2	513	375
2	513	428
2	514	425
2	514	727
2	515	728
2	516	284
2	516	839
2	517	112
2	517	361
2	517	559
2	517	601
2	518	926
2	519	523
2	520	168
2	521	105
2	522	271
2	522	339
2	523	722
2	523	780
2	524	131
2	524	429
2	525	226
2	526	410
2	530	369
2	531	108
2	531	719
2	533	266
2	534	465
2	534	682
2	536	72
2	536	753
2	537	370
2	537	505
2	537	919
2	538	322
2	540	81
2	540	456
2	540	550
2	542	709
2	542	991
2	543	173
2	543	632
2	546	220
2	547	888
2	548	39
2	548	334
2	548	511
2	548	639
2	549	614
2	550	782
2	553	777
2	554	260
2	554	879
2	555	432
2	556	404
2	556	583
2	557	452
2	557	562
2	557	605
2	559	871
2	560	104
2	560	486
2	560	515
2	562	126
2	562	519
2	563	378
2	565	480
2	565	615
2	566	191
2	566	979
2	569	717
2	572	394
2	573	237
2	574	7
2	574	824
2	576	570
2	578	846
2	580	883
2	581	298
2	581	346
2	581	841
2	582	196
2	584	597
2	584	629
2	585	186
2	585	380
2	585	544
2	586	54
2	586	468
2	589	516
2	590	434
2	591	650
2	594	580
2	598	130
2	599	470
2	601	183
2	602	353
2	603	518
2	606	138
2	606	306
2	607	892
2	608	483
2	608	506
2	608	849
2	609	68
2	609	185
2	610	218
2	611	165
2	611	872
2	613	439
2	613	536
2	613	943
2	615	554
2	616	311
2	616	539
2	618	107
2	621	457
2	623	15
2	623	863
2	626	38
2	626	358
2	629	546
2	629	687
2	630	627
2	631	13
2	631	241
2	631	449
2	635	741
2	636	636
2	638	31
2	639	179
2	639	535
2	639	772
2	641	391
2	642	973
2	643	421
2	643	792
2	644	34
2	644	889
2	644	962
2	646	197
2	648	56
2	648	387
2	648	503
2	648	836
2	648	892
2	651	403
2	652	97
2	652	504
2	653	137
2	653	566
2	653	766
2	656	436
2	657	309
2	659	875
2	661	195
2	662	184
2	662	645
2	663	283
2	664	568
2	666	84
2	666	210
2	666	405
2	666	663
2	668	285
2	669	590
2	670	589
2	670	719
2	671	525
2	672	171
2	672	275
2	672	817
2	673	318
2	673	569
2	674	128
2	675	537
2	675	681
2	676	720
2	677	312
2	677	328
2	677	472
2	678	957
2	681	523
2	681	548
2	681	923
2	683	189
2	684	816
2	684	821
2	685	641
2	686	316
2	686	611
2	686	833
2	687	143
2	687	410
2	689	133
2	690	471
2	690	647
2	691	770
2	692	668
2	692	775
2	693	749
2	694	94
2	695	341
2	696	297
2	696	448
2	696	748
2	697	491
2	698	257
2	699	224
2	701	66
2	701	233
2	702	826
2	702	881
2	702	974
2	703	44
2	704	367
2	705	57
2	706	239
2	706	346
2	706	560
2	706	952
2	708	794
2	709	344
2	711	416
2	711	986
2	712	110
2	714	295
2	714	622
2	715	657
2	716	176
2	716	308
2	717	562
2	718	680
2	720	190
2	721	302
2	723	750
2	725	270
2	725	882
2	728	139
2	728	867
2	729	990
2	731	944
2	732	225
2	732	935
2	732	954
2	735	543
2	735	640
2	741	87
2	741	557
2	745	731
2	745	881
2	746	16
2	747	934
2	748	64
2	748	394
2	749	404
2	750	129
2	750	348
2	750	440
2	751	127
2	751	797
2	752	515
2	753	532
2	753	813
2	755	212
2	755	546
2	755	740
2	756	28
2	756	779
2	758	78
2	758	327
2	758	744
2	758	799
2	758	963
2	760	494
2	760	587
2	763	117
2	764	205
2	764	362
2	766	242
2	766	648
2	767	337
2	768	181
2	770	386
2	770	628
2	771	460
2	771	492
2	771	549
2	772	294
2	772	451
2	773	707
2	775	43
2	775	347
2	776	37
2	776	579
2	778	136
2	778	155
2	778	564
2	779	418
2	779	658
2	779	705
2	779	897
2	779	908
2	780	100
2	780	130
2	780	533
2	782	673
2	782	739
2	783	500
2	783	713
2	785	18
2	785	255
2	785	334
2	785	769
2	787	203
2	787	461
2	787	544
2	788	206
2	788	281
2	788	315
2	790	339
2	792	569
2	792	968
2	793	108
2	793	322
2	793	950
2	794	285
2	795	282
2	795	600
2	795	801
2	796	185
2	797	401
2	799	361
2	800	191
2	800	576
2	800	928
2	802	144
2	802	151
2	802	669
2	803	93
2	803	306
2	805	92
2	805	193
2	805	260
2	805	561
2	807	646
2	807	756
2	808	61
2	809	7
2	809	411
2	809	581
2	812	12
2	812	469
2	812	958
2	813	81
2	813	301
2	813	773
2	814	106
2	814	168
2	814	478
2	814	811
2	815	390
2	816	5
2	816	49
2	816	131
2	816	219
2	816	331
2	816	366
2	816	747
2	817	42
2	817	359
2	818	183
2	818	994
2	819	688
2	820	389
2	820	962
2	822	6
2	823	332
2	823	481
2	823	527
2	823	664
2	824	378
2	825	71
2	825	718
2	826	329
2	827	398
2	829	760
2	830	599
2	831	233
2	831	399
2	831	413
2	831	699
2	834	142
2	836	380
2	838	318
2	838	629
2	840	9
2	841	249
2	842	524
2	842	998
2	844	1
2	846	609
2	846	668
2	848	178
2	849	208
2	849	264
2	849	939
2	851	438
2	851	761
2	852	956
2	855	639
2	856	145
2	856	328
2	856	589
2	856	613
2	858	397
2	858	466
2	860	406
2	860	783
2	861	637
2	861	698
2	862	355
2	863	265
2	863	426
2	863	902
2	864	957
2	865	420
2	868	385
2	869	473
2	869	651
2	869	847
2	870	292
2	871	252
2	871	795
2	872	172
2	875	198
2	875	374
2	876	364
2	876	427
2	876	612
2	877	87
2	877	241
2	877	314
2	877	400
2	878	324
2	878	442
2	878	519
2	878	702
2	879	392
2	879	723
2	879	940
2	880	23
2	881	47
2	881	262
2	882	335
2	882	547
2	882	727
2	883	542
2	884	483
2	884	623
2	885	289
2	885	357
2	885	417
2	885	775
2	886	333
2	887	316
2	887	540
2	891	321
2	891	489
2	891	643
2	891	975
2	892	647
2	892	928
2	893	353
2	893	887
2	894	534
2	898	177
2	903	505
2	903	662
2	904	497
2	905	711
2	905	951
2	906	39
2	907	733
2	909	511
2	909	765
2	911	605
2	911	625
2	912	267
2	914	217
2	914	358
2	914	402
2	914	663
2	917	518
2	918	393
2	918	841
2	918	979
2	920	182
2	920	457
2	921	404
2	922	870
2	924	800
2	926	492
2	927	17
2	927	296
2	928	682
2	928	757
2	929	778
2	930	749
2	930	911
2	931	58
2	932	707
2	933	37
2	933	360
2	933	593
2	934	164
2	934	893
2	936	120
2	936	691
2	938	565
2	938	836
2	940	501
2	940	693
2	940	774
2	941	21
2	941	205
2	941	376
2	942	371
2	943	408
2	943	509
2	944	494
2	944	940
2	944	953
2	946	596
2	946	681
2	947	594
2	947	763
2	948	181
2	948	268
2	949	33
2	949	616
2	950	648
2	951	212
2	951	722
2	952	638
2	953	346
2	953	598
2	954	98
2	954	383
2	956	193
2	956	624
2	956	780
2	957	684
2	957	751
2	958	685
2	959	631
2	959	958
2	960	18
2	961	71
2	962	974
2	963	236
2	964	80
2	964	720
2	964	729
2	964	845
2	965	405
2	965	650
2	966	550
2	967	297
2	967	543
2	967	904
2	967	951
2	968	484
2	969	114
2	969	149
2	970	66
2	970	135
2	970	273
2	970	649
2	970	705
2	970	728
2	970	803
2	971	207
2	971	222
2	971	308
2	971	980
2	972	226
2	972	452
2	972	516
2	972	703
2	973	628
2	974	743
2	976	144
2	976	517
2	976	531
2	976	983
2	977	425
2	977	633
2	978	738
2	979	394
2	979	796
2	979	944
2	980	575
2	980	856
2	980	998
2	982	579
2	983	213
2	983	932
2	983	955
2	985	833
2	986	219
2	987	186
2	987	245
2	989	133
2	991	231
2	992	342
2	992	508
2	992	994
2	993	42
2	993	155
2	994	528
2	996	529
2	997	470
2	999	129
2	999	386
2	999	971
2	1001	258
2	1003	138
2	1003	178
2	1003	368
2	1004	108
2	1005	238
2	1005	291
2	1006	90
2	1007	746
2	1008	188
2	1008	559
2	1009	382
2	1009	401
2	1009	642
2	1011	234
2	1011	793
2	1011	992
2	1014	109
2	1014	150
2	1014	352
2	1014	488
2	1014	544
2	1015	378
2	1016	69
2	1016	159
2	1017	152
2	1017	443
2	1018	549
2	1018	856
2	1020	756
2	1021	4
2	1021	734
2	1021	822
2	1022	458
2	1022	497
2	1022	737
2	1024	146
2	1024	416
2	1024	972
2	1025	438
2	1025	806
2	1026	59
2	1026	982
2	1028	390
2	1028	440
2	1029	271
2	1030	93
2	1030	216
2	1031	25
2	1032	179
2	1032	809
2	1034	191
2	1034	784
2	1034	941
2	1035	270
2	1036	288
2	1037	116
2	1037	799
2	1038	322
2	1039	634
2	1041	158
2	1041	369
2	1041	798
2	1042	274
2	1043	151
2	1043	946
2	1044	1
2	1044	223
2	1044	341
2	1044	899
2	1045	137
2	1046	290
2	1047	410
2	1047	455
2	1047	560
2	1048	89
2	1049	354
2	1049	499
2	1049	688
2	1050	990
2	1051	702
2	1053	242
2	1053	251
2	1055	232
2	1055	540
2	1055	585
2	1056	363
2	1058	690
2	1059	607
2	1059	991
2	1060	514
2	1064	736
2	1064	886
2	1065	626
2	1065	707
2	1065	710
2	1068	19
2	1068	166
2	1069	785
2	1070	749
2	1070	762
2	1073	794
2	1074	960
2	1075	121
2	1075	287
2	1077	400
2	1077	539
2	1078	96
2	1078	509
2	1079	316
2	1080	2
2	1080	616
2	1083	125
2	1084	534
2	1085	31
2	1085	475
2	1085	533
2	1085	621
2	1086	830
2	1086	852
2	1087	479
2	1090	61
2	1090	110
2	1090	277
2	1090	379
2	1091	620
2	1092	207
2	1093	169
2	1093	562
2	1093	630
2	1094	30
2	1094	122
2	1094	230
2	1094	759
2	1094	800
2	1096	278
2	1096	397
2	1098	286
2	1099	939
2	1100	119
2	1100	916
2	1101	950
2	1102	195
2	1102	612
2	1105	376
2	1106	260
2	1106	557
2	1106	733
2	1107	890
2	1108	515
2	1109	645
2	1110	281
2	1110	396
2	1110	468
2	1111	640
2	1112	22
2	1113	33
2	1115	259
2	1116	296
2	1116	406
2	1116	504
2	1116	617
2	1117	213
2	1119	219
2	1121	111
2	1121	350
2	1122	211
2	1124	197
2	1125	41
2	1125	81
2	1125	189
2	1125	480
2	1125	932
2	1126	597
2	1127	541
2	1127	552
2	1128	64
2	1129	510
2	1130	196
2	1130	428
2	1130	647
2	1131	662
2	1131	692
2	1132	315
2	1133	944
2	1133	985
2	1134	329
2	1134	446
2	1135	448
2	1135	837
2	1136	51
2	1136	243
2	1136	823
2	1136	936
2	1137	349
2	1137	425
2	1137	629
2	1138	126
2	1138	526
2	1139	853
2	1141	346
2	1141	520
2	1141	637
2	1141	887
2	1141	952
2	1142	161
2	1142	704
2	1143	671
2	1143	824
2	1144	99
2	1144	374
2	1145	247
2	1145	588
2	1146	602
2	1149	984
2	1150	297
2	1150	413
2	1151	94
2	1152	717
2	1153	895
2	1155	775
2	1157	548
2	1158	228
2	1158	402
2	1159	536
2	1160	577
2	1160	745
2	1162	7
2	1163	145
2	1163	147
2	1163	339
2	1163	920
2	1167	500
2	1168	156
2	1169	421
2	1169	464
2	1169	609
2	1170	649
2	1170	967
2	1171	358
2	1171	392
2	1172	26
2	1173	152
2	1173	780
2	1174	438
2	1174	667
2	1175	347
2	1176	275
2	1176	417
2	1176	491
2	1176	720
2	1178	12
2	1178	997
2	1179	546
2	1179	653
2	1180	9
2	1180	659
2	1181	28
2	1182	917
2	1182	947
2	1182	964
2	1183	842
2	1185	528
2	1185	714
2	1186	178
2	1188	165
2	1188	673
2	1188	969
2	1191	135
2	1191	149
2	1193	804
2	1194	70
2	1194	191
2	1194	553
2	1194	568
2	1194	678
2	1194	769
2	1195	683
2	1197	989
2	1199	593
2	1199	844
2	1199	974
2	1200	444
2	1200	944
2	1201	128
2	1201	533
2	1201	946
2	1202	84
2	1202	689
2	1204	83
2	1204	675
2	1206	415
2	1208	78
2	1208	452
2	1208	561
2	1209	817
2	1210	383
2	1210	399
2	1212	463
2	1212	543
2	1213	263
2	1214	170
2	1214	306
2	1215	551
2	1216	194
2	1216	771
2	1216	866
2	1218	221
2	1218	529
2	1219	459
2	1219	635
2	1220	101
2	1220	120
2	1221	136
2	1221	344
2	1224	34
2	1224	168
2	1225	113
2	1225	373
2	1225	476
2	1227	782
2	1228	318
2	1228	367
2	1228	710
2	1229	331
2	1230	356
2	1230	405
2	1230	530
2	1230	563
2	1231	753
2	1232	203
2	1234	456
2	1235	411
2	1235	641
2	1236	538
2	1236	589
2	1236	734
2	1237	292
2	1238	323
2	1238	506
2	1239	886
2	1239	962
2	1240	218
2	1242	403
2	1243	489
2	1243	703
2	1243	716
2	1244	509
2	1244	702
2	1246	100
2	1246	137
2	1246	337
2	1247	223
2	1247	236
2	1247	695
2	1248	686
2	1250	24
2	1252	176
2	1253	131
2	1253	311
2	1253	700
2	1253	973
2	1255	355
2	1256	150
2	1256	871
2	1257	5
2	1257	570
2	1258	894
2	1260	901
2	1261	397
2	1261	682
2	1263	423
2	1263	597
2	1266	534
2	1266	627
2	1270	308
2	1271	132
2	1272	307
2	1272	453
2	1272	559
2	1275	454
2	1276	856
2	1277	250
2	1277	857
2	1280	222
2	1280	284
2	1280	336
2	1281	242
2	1282	439
2	1282	599
2	1283	53
2	1283	448
2	1284	256
2	1285	153
2	1286	257
2	1286	931
2	1287	573
2	1287	652
2	1287	800
2	1288	618
2	1289	798
2	1290	352
2	1290	691
2	1291	95
2	1291	565
2	1291	596
2	1291	666
2	1291	848
2	1292	151
2	1292	252
2	1292	340
2	1293	877
2	1294	488
2	1294	626
2	1295	493
2	1295	623
2	1296	442
2	1296	744
2	1296	772
2	1297	727
2	1298	182
2	1298	251
2	1298	765
2	1299	368
2	1300	154
2	1300	237
2	1300	862
2	1301	230
2	1303	40
2	1303	743
2	1303	927
2	1304	390
2	1304	566
2	1305	75
2	1305	112
2	1306	873
2	1307	985
2	1308	82
2	1308	264
2	1309	807
2	1310	272
2	1312	469
2	1312	802
2	1314	224
2	1314	719
2	1315	63
2	1315	555
2	1315	624
2	1315	814
2	1318	52
2	1318	580
2	1319	105
2	1319	115
2	1319	139
2	1319	567
2	1320	540
2	1323	162
2	1323	450
2	1324	535
2	1327	342
2	1328	134
2	1329	118
2	1331	497
2	1331	810
2	1331	834
2	1333	97
2	1333	604
2	1333	909
2	1335	302
2	1335	628
2	1335	684
2	1336	383
2	1336	750
2	1337	76
2	1337	233
2	1338	239
2	1341	668
2	1342	742
2	1343	209
2	1343	574
2	1343	764
2	1345	351
2	1345	522
2	1348	15
2	1348	88
2	1349	774
2	1350	141
2	1350	475
2	1351	339
2	1351	934
2	1352	650
2	1352	736
2	1353	622
2	1355	199
2	1355	814
2	1355	976
2	1356	148
2	1356	232
2	1356	451
2	1357	195
2	1357	299
2	1357	665
2	1358	821
2	1359	752
2	1360	797
2	1363	58
2	1363	470
2	1364	31
2	1365	608
2	1366	149
2	1366	175
2	1366	810
2	1367	277
2	1369	480
2	1369	504
2	1370	259
2	1371	440
2	1371	549
2	1371	834
2	1372	94
2	1372	795
2	1375	156
2	1376	375
2	1378	418
2	1378	766
2	1379	122
2	1379	544
2	1380	116
2	1381	705
2	1381	933
2	1382	303
2	1383	527
2	1384	177
2	1385	398
2	1385	514
2	1386	961
2	1387	734
2	1388	62
2	1388	249
2	1390	438
2	1390	492
2	1390	711
2	1392	358
2	1392	669
2	1392	735
2	1394	671
2	1395	778
2	1396	557
2	1396	760
2	1396	799
2	1398	679
2	1400	518
2	1403	18
2	1404	109
2	1405	212
2	1405	585
2	1405	816
2	1406	593
2	1407	248
2	1408	192
2	1408	670
2	1409	72
2	1410	706
2	1411	432
2	1412	61
2	1413	245
2	1413	897
2	1415	23
2	1415	126
2	1416	408
2	1416	848
2	1418	13
2	1421	254
2	1424	490
2	1425	180
2	1425	292
2	1425	828
2	1426	265
2	1427	280
2	1427	363
2	1427	541
2	1428	320
2	1430	12
2	1430	696
2	1432	185
2	1432	677
2	1433	305
2	1433	754
2	1433	989
2	1434	637
2	1435	421
2	1436	85
2	1437	138
2	1438	33
2	1438	701
2	1440	457
2	1440	772
2	1441	437
2	1441	531
2	1442	17
2	1442	283
2	1442	294
2	1442	936
2	1445	104
2	1446	395
2	1446	495
2	1450	609
2	1450	646
2	1451	654
2	1452	196
2	1452	338
2	1452	730
2	1453	285
2	1454	70
2	1455	833
2	1455	943
2	1457	786
2	1458	202
2	1461	529
2	1462	100
2	1464	328
2	1464	642
2	1465	846
2	1465	848
2	1466	607
2	1467	652
2	1467	686
2	1468	3
2	1468	758
2	1469	361
2	1469	417
2	1470	144
2	1471	318
2	1473	659
2	1474	231
2	1474	494
2	1474	638
2	1476	287
2	1476	614
2	1476	732
2	1479	132
2	1479	330
2	1479	606
2	1479	773
2	1481	244
2	1481	762
2	1482	410
2	1483	598
2	1484	354
2	1485	561
2	1486	452
2	1489	208
2	1490	82
2	1490	322
2	1490	839
2	1493	316
2	1493	387
2	1495	68
2	1495	233
2	1497	45
2	1497	575
2	1497	709
2	1498	153
2	1498	570
2	1498	612
2	1500	128
2	1500	312
2	1500	680
2	1501	43
2	1502	279
2	1503	425
2	1503	751
2	1504	483
2	1504	635
2	1505	663
2	1505	854
2	1505	867
2	1506	641
2	1508	221
2	1509	548
2	1510	847
2	1511	359
2	1513	121
2	1514	746
2	1517	256
2	1517	262
2	1519	264
2	1519	584
2	1519	595
2	1520	447
2	1520	610
2	1520	694
2	1521	170
2	1521	838
2	1522	507
2	1522	655
2	1523	568
2	1524	362
2	1524	567
2	1526	250
2	1526	324
2	1527	559
2	1528	151
2	1528	195
2	1528	332
2	1528	737
2	1528	936
2	1529	300
2	1529	509
2	1529	532
2	1529	818
2	1530	616
2	1531	468
2	1531	502
2	1532	139
2	1533	695
2	1536	887
2	1537	590
2	1537	805
2	1540	423
2	1540	440
2	1541	64
2	1541	349
2	1542	323
2	1544	164
2	1546	813
2	1547	304
2	1547	347
2	1547	564
2	1547	890
2	1548	455
2	1548	636
2	1549	356
2	1549	574
2	1550	383
2	1550	399
2	1553	85
2	1553	386
2	1553	685
2	1554	629
2	1554	647
2	1554	942
2	1555	313
2	1555	928
2	1556	14
2	1558	430
2	1559	134
2	1559	251
2	1559	299
2	1559	692
2	1560	381
2	1560	467
2	1560	604
2	1561	32
2	1562	506
2	1562	895
2	1563	768
2	1563	775
2	1563	863
2	1564	586
2	1565	350
2	1566	365
2	1566	965
2	1568	339
2	1570	954
2	1571	478
2	1572	597
2	1573	307
2	1575	293
2	1576	496
2	1577	420
2	1577	779
2	1578	370
2	1578	651
2	1581	260
2	1581	752
2	1581	807
2	1583	284
2	1584	223
2	1584	871
2	1585	388
2	1586	357
2	1586	872
2	1587	288
2	1588	786
2	1589	148
2	1589	880
2	1590	353
2	1591	630
2	1592	291
2	1592	855
2	1594	108
2	1595	650
2	1596	47
2	1596	726
2	1597	491
2	1597	990
2	1599	160
2	1599	232
2	1602	198
2	1602	214
2	1602	243
2	1603	626
2	1604	615
2	1604	736
2	1606	140
2	1606	456
2	1606	541
2	1607	86
2	1607	463
2	1608	123
2	1608	705
2	1609	152
2	1609	660
2	1610	11
2	1610	46
2	1614	71
2	1616	404
2	1617	485
2	1618	314
2	1621	717
2	1621	837
2	1624	351
2	1624	676
2	1625	961
2	1626	73
2	1626	205
2	1628	255
2	1628	999
2	1629	530
2	1629	599
2	1631	497
2	1632	398
2	1635	411
2	1635	522
2	1636	65
2	1636	989
2	1637	412
2	1638	807
2	1639	135
2	1640	118
2	1641	405
2	1642	16
2	1643	393
2	1643	816
2	1644	131
2	1644	230
2	1646	188
2	1646	275
2	1647	444
2	1647	471
2	1647	547
2	1648	182
2	1648	380
2	1648	427
2	1648	783
2	1650	7
2	1650	653
2	1652	874
2	1652	881
2	1653	74
2	1653	926
2	1654	158
2	1655	79
2	1655	278
2	1655	474
2	1656	483
2	1657	180
2	1658	670
2	1659	645
2	1661	222
2	1661	730
2	1661	873
2	1662	147
2	1662	329
2	1662	397
2	1663	445
2	1663	771
2	1664	754
2	1664	834
2	1666	577
2	1668	334
2	1669	273
2	1669	985
2	1670	116
2	1670	274
2	1670	632
2	1671	5
2	1672	465
2	1673	369
2	1674	211
2	1676	310
2	1676	337
2	1677	494
2	1678	305
2	1680	40
2	1680	818
2	1681	601
2	1683	363
2	1684	598
2	1684	648
2	1684	760
2	1686	822
2	1691	245
2	1692	70
2	1692	532
2	1693	400
2	1697	217
2	1697	355
2	1703	956
2	1704	385
2	1704	608
2	1705	523
2	1705	538
2	1706	484
2	1707	258
2	1708	707
2	1709	863
2	1710	341
2	1712	132
2	1713	514
2	1714	934
2	1717	951
2	1719	440
2	1719	765
2	1720	272
2	1722	571
2	1723	375
2	1723	443
2	1723	948
2	1726	732
2	1728	259
2	1728	589
2	1731	789
2	1732	969
2	1734	662
2	1735	254
2	1736	568
2	1738	430
2	1738	531
2	1740	67
2	1740	904
2	1742	429
2	1743	184
2	1744	315
2	1745	563
2	1746	428
2	1746	737
2	1746	799
2	1747	877
2	1748	303
2	1748	678
2	1748	769
2	1750	657
2	1751	344
2	1751	995
2	1754	808
2	1757	4
2	1757	92
2	1757	698
2	1758	470
2	1760	963
2	1762	31
2	1762	137
2	1764	778
2	1765	17
2	1766	173
2	1766	307
2	1766	646
2	1767	451
2	1767	708
2	1768	265
2	1768	844
2	1769	109
2	1770	372
2	1772	412
2	1772	740
2	1772	905
2	1775	734
2	1776	317
2	1777	306
2	1779	345
2	1780	359
2	1780	876
2	1781	179
2	1783	515
2	1784	973
2	1785	60
2	1786	439
2	1787	354
2	1787	597
2	1787	755
2	1788	163
2	1793	426
2	1794	454
2	1795	74
2	1795	176
2	1796	77
2	1796	390
2	1797	273
2	1798	220
2	1798	522
2	1798	762
2	1799	558
2	1801	289
2	1801	649
2	1801	746
2	1801	757
2	1802	326
2	1803	618
2	1804	8
2	1804	225
2	1804	271
2	1804	550
2	1804	633
2	1806	624
2	1807	342
2	1807	386
2	1810	146
2	1810	518
2	1810	777
2	1811	408
2	1814	194
2	1815	249
2	1815	437
2	1815	492
2	1816	610
2	1816	629
2	1816	949
2	1817	337
2	1818	481
2	1818	486
2	1818	491
2	1818	686
2	1818	790
2	1819	150
2	1821	267
2	1821	733
2	1822	58
2	1822	308
2	1822	318
2	1823	366
2	1824	270
2	1824	692
2	1824	913
2	1824	932
2	1824	997
2	1825	76
2	1825	989
2	1826	22
2	1826	207
2	1826	543
2	1827	548
2	1828	588
2	1828	926
2	1829	39
2	1830	282
2	1830	536
2	1831	636
2	1834	49
2	1834	424
2	1834	703
2	1835	75
2	1835	930
2	1836	145
2	1836	330
2	1836	999
2	1838	203
2	1838	726
2	1839	153
2	1839	405
2	1841	193
2	1841	884
2	1844	358
2	1845	637
2	1847	513
2	1847	552
2	1848	456
2	1848	951
2	1851	147
2	1851	297
2	1853	574
2	1853	779
2	1854	227
2	1856	687
2	1857	309
2	1857	378
2	1858	35
2	1858	488
2	1858	551
2	1858	668
2	1861	117
2	1861	658
2	1862	264
2	1862	364
2	1863	304
2	1863	719
2	1864	221
2	1865	99
2	1866	647
2	1867	251
2	1869	64
2	1869	385
2	1869	766
2	1869	809
2	1870	632
2	1871	613
2	1872	45
2	1874	189
2	1874	256
2	1874	336
2	1874	525
2	1875	175
2	1875	669
2	1876	279
2	1877	37
2	1877	219
2	1878	51
2	1878	555
2	1878	776
2	1879	110
2	1880	688
2	1881	714
2	1882	28
2	1882	572
2	1882	654
2	1882	832
2	1882	939
2	1883	429
2	1883	642
2	1884	197
2	1884	446
2	1885	144
2	1885	570
2	1885	609
2	1885	754
2	1885	867
2	1888	233
2	1888	311
2	1888	737
2	1888	893
2	1889	168
2	1891	274
2	1891	395
2	1891	616
2	1892	258
2	1892	400
2	1892	903
2	1894	33
2	1894	379
2	1895	441
2	1896	667
2	1897	416
2	1897	592
2	1897	661
2	1897	926
2	1898	496
2	1898	569
2	1899	335
2	1899	357
2	1899	724
2	1902	829
2	1903	546
2	1904	662
2	1904	898
2	1905	291
2	1905	389
2	1906	30
2	1906	611
2	1906	796
2	1907	699
2	1908	784
2	1909	666
2	1911	285
2	1911	381
2	1911	448
2	1913	280
2	1915	9
2	1916	54
2	1917	894
2	1918	226
2	1919	721
2	1919	942
2	1920	165
2	1922	21
2	1922	360
2	1923	83
2	1924	248
2	1924	630
2	1925	105
2	1925	217
2	1925	522
2	1926	741
2	1927	520
2	1928	167
2	1928	216
2	1929	723
2	1930	349
2	1930	782
2	1930	906
2	1936	345
2	1936	758
2	1938	334
2	1939	418
2	1939	789
2	1942	573
2	1943	614
2	1944	696
2	1945	316
2	1945	377
2	1945	530
2	1945	600
2	1947	94
2	1949	69
2	1949	186
2	1949	904
2	1950	751
2	1951	12
2	1951	354
2	1953	405
2	1954	350
2	1954	594
2	1954	635
2	1954	891
2	1956	127
2	1956	307
2	1956	398
2	1956	542
2	1957	57
2	1958	604
2	1958	951
2	1959	442
2	1960	740
2	1961	367
2	1962	363
2	1963	686
2	1964	764
2	1966	732
2	1967	224
2	1967	479
2	1967	881
2	1968	778
2	1969	528
2	1969	712
2	1971	720
2	1972	886
2	1973	657
2	1973	983
2	1974	624
2	1975	118
2	1975	133
2	1975	236
2	1976	125
2	1976	785
2	1977	177
2	1977	314
2	1978	320
2	1978	800
2	1979	41
2	1980	596
2	1980	915
2	1981	313
2	1981	465
2	1981	622
2	1981	756
2	1984	53
2	1985	368
2	1985	544
2	1985	816
2	1986	220
2	1987	48
2	1987	239
2	1988	103
2	1988	339
2	1988	518
2	1989	1
2	1989	305
2	1989	966
2	1989	980
2	1990	29
2	1991	282
2	1991	670
2	1991	702
2	1992	93
2	1992	203
2	1992	481
2	1994	578
2	1994	881
2	1995	469
2	1995	633
2	1996	171
2	1996	640
2	1996	958
2	1997	289
2	1997	299
2	1997	827
2	1998	243
2	1999	390
2	2000	697
2	2001	254
2	2002	115
2	2002	566
2	2003	211
2	2004	5
2	2004	358
2	2004	373
2	2007	258
2	2007	501
2	2009	710
2	2009	868
2	2010	323
2	2010	433
2	2010	807
2	2010	994
2	2011	489
2	2011	535
2	2011	554
2	2012	100
2	2012	198
2	2012	348
2	2012	474
2	2012	884
2	2012	986
2	2013	655
2	2013	709
2	2013	865
2	2014	221
2	2015	734
2	2017	439
2	2018	286
2	2018	346
2	2019	649
2	2020	70
2	2022	726
2	2022	812
2	2022	987
2	2023	300
2	2024	158
2	2026	331
2	2027	234
2	2027	235
2	2027	266
2	2027	718
2	2028	197
2	2028	679
2	2028	694
2	2028	750
2	2028	763
2	2029	772
2	2030	448
2	2030	877
2	2031	979
2	2032	164
2	2034	970
2	2035	303
2	2035	409
2	2035	494
2	2036	330
2	2036	615
2	2037	411
2	2037	685
2	2039	60
2	2039	745
2	2040	76
2	2042	319
2	2044	210
2	2044	231
2	2044	644
2	2045	101
2	2045	403
2	2045	620
2	2045	791
2	2046	49
2	2046	706
2	2046	743
2	2048	440
2	2048	705
2	2049	194
2	2049	441
2	2049	603
2	2049	873
2	2050	472
2	2050	762
2	2052	329
2	2052	820
2	2052	854
2	2053	522
2	2054	792
2	2055	599
2	2055	749
2	2057	527
2	2059	127
2	2059	495
2	2060	88
2	2062	385
2	2062	559
2	2066	126
2	2066	569
2	2066	804
2	2067	509
2	2067	714
2	2068	370
2	2070	77
2	2071	166
2	2071	260
2	2071	556
2	2072	114
2	2072	621
2	2074	678
2	2074	992
2	2077	190
2	2077	340
2	2077	396
2	2077	673
2	2077	985
2	2078	864
2	2079	199
2	2079	553
2	2080	2
2	2080	343
2	2081	92
2	2081	775
2	2081	867
2	2083	563
2	2086	490
2	2086	609
2	2094	302
2	2098	736
2	2099	284
2	2099	597
2	2100	496
2	2101	653
2	2101	727
2	2102	189
2	2102	312
2	2102	407
2	2102	912
2	2103	746
2	2105	80
2	2106	516
2	2108	175
2	2111	799
2	2113	408
2	2113	593
2	2116	43
2	2117	226
2	2117	454
2	2118	456
2	2118	781
2	2121	477
2	2122	278
2	2123	558
2	2123	624
2	2123	704
2	2124	564
2	2124	666
2	2125	53
2	2125	756
2	2126	294
2	2126	308
2	2126	498
2	2126	854
2	2127	414
2	2128	253
2	2128	386
2	2128	570
2	2129	479
2	2129	908
2	2130	147
2	2130	696
2	2132	17
2	2132	258
2	2132	346
2	2132	880
2	2133	690
2	2133	787
2	2133	844
2	2134	443
2	2134	850
2	2135	155
2	2135	395
2	2135	416
2	2135	439
2	2135	836
2	2136	767
2	2136	909
2	2137	206
2	2137	540
2	2137	716
2	2137	774
2	2138	860
2	2138	885
2	2139	805
2	2140	591
2	2140	712
2	2141	160
2	2141	803
2	2141	896
2	2142	13
2	2142	878
2	2143	743
2	2143	797
2	2144	8
2	2144	137
2	2144	140
2	2146	928
2	2147	246
2	2147	311
2	2148	856
2	2151	582
2	2151	668
2	2152	579
2	2153	214
2	2154	600
2	2155	73
2	2155	152
2	2155	721
2	2156	37
2	2159	978
2	2160	484
2	2160	545
2	2161	552
2	2161	720
2	2161	744
2	2161	887
2	2161	993
2	2162	357
2	2163	283
2	2163	400
2	2164	197
2	2164	786
2	2165	471
2	2166	58
2	2167	142
2	2167	268
2	2167	320
2	2168	642
2	2168	911
2	2170	63
2	2170	120
2	2170	497
2	2171	754
2	2172	293
2	2172	752
2	2172	793
2	2173	689
2	2174	76
2	2175	36
2	2175	331
2	2175	543
2	2177	382
2	2179	442
2	2181	129
2	2181	622
2	2182	376
2	2183	460
2	2184	328
2	2184	350
2	2187	7
2	2188	371
2	2188	565
2	2188	617
2	2189	156
2	2189	908
2	2190	327
2	2190	661
2	2190	926
2	2192	78
2	2192	619
2	2195	713
2	2196	532
2	2197	181
2	2198	238
2	2200	779
2	2201	218
2	2201	290
2	2203	54
2	2203	826
2	2203	839
2	2204	64
2	2204	977
2	2205	584
2	2206	364
2	2206	906
2	2207	367
2	2207	618
2	2208	240
2	2210	390
2	2211	322
2	2213	803
2	2213	869
2	2214	646
2	2215	483
2	2216	35
2	2216	182
2	2218	654
2	2221	113
2	2221	260
2	2221	979
2	2222	961
2	2224	144
2	2224	509
2	2225	333
2	2225	493
2	2226	231
2	2227	857
2	2228	1000
2	2231	643
2	2232	852
2	2234	968
2	2235	119
2	2235	466
2	2238	150
2	2239	650
2	2240	316
2	2241	388
2	2241	438
2	2241	524
2	2242	494
2	2245	180
2	2245	633
2	2245	825
2	2246	983
2	2251	237
2	2251	336
2	2255	203
2	2259	342
2	2260	23
2	2261	306
2	2261	792
2	2262	362
2	2262	469
2	2262	778
2	2263	424
2	2263	890
2	2264	99
2	2266	399
2	2266	892
2	2267	216
2	2267	573
2	2268	484
2	2269	809
2	2271	530
2	2272	251
2	2272	324
2	2273	97
2	2273	942
2	2274	409
2	2275	652
2	2275	711
2	2277	65
2	2278	130
2	2279	410
2	2279	933
2	2280	373
2	2280	630
2	2281	577
2	2283	176
2	2283	389
2	2285	215
2	2286	863
2	2287	9
2	2288	405
2	2288	437
2	2289	857
2	2290	303
2	2291	730
2	2292	566
2	2292	656
2	2292	812
2	2293	601
2	2294	607
2	2294	679
2	2296	88
2	2296	383
2	2297	918
2	2298	292
2	2298	595
2	2299	257
2	2299	699
2	2299	751
2	2299	856
2	2301	355
2	2301	868
2	2302	206
2	2302	451
2	2303	268
2	2303	884
2	2304	266
2	2304	724
2	2304	763
2	2305	152
2	2305	603
2	2307	428
2	2309	174
2	2310	24
2	2310	546
2	2310	723
2	2311	178
2	2311	422
2	2311	433
2	2312	106
2	2313	321
2	2313	371
2	2313	839
2	2314	145
2	2314	693
2	2314	734
2	2315	777
2	2316	205
2	2316	475
2	2316	616
2	2317	241
2	2317	412
2	2318	67
2	2318	804
2	2320	158
2	2320	396
2	2320	662
2	2320	708
2	2321	137
2	2321	192
2	2321	791
2	2321	953
2	2321	989
2	2322	274
2	2325	425
2	2326	15
2	2326	583
2	2328	748
2	2329	374
2	2330	310
2	2331	537
2	2331	951
2	2332	386
2	2333	112
2	2333	198
2	2333	703
2	2335	234
2	2336	959
2	2337	801
2	2338	66
2	2338	134
2	2338	236
2	2338	364
2	2338	408
2	2339	281
2	2340	4
2	2341	966
2	2342	938
2	2344	62
2	2344	384
2	2345	473
2	2345	574
2	2345	718
2	2346	375
2	2346	581
2	2347	877
2	2348	481
2	2349	77
2	2350	184
2	2350	448
2	2350	800
2	2352	455
2	2352	871
2	2353	201
2	2355	258
2	2357	588
2	2357	717
2	2359	505
2	2361	576
2	2361	735
2	2362	302
2	2362	431
2	2362	643
2	2364	195
2	2365	7
2	2365	173
2	2365	600
2	2365	786
2	2365	908
2	2367	167
2	2368	38
2	2368	882
2	2368	922
2	2369	250
2	2369	421
2	2370	446
2	2373	185
2	2373	269
2	2373	359
2	2375	149
2	2375	559
2	2376	692
2	2377	813
2	2380	315
2	2381	926
2	2382	199
2	2382	712
2	2383	78
2	2383	627
2	2385	197
2	2385	307
2	2388	914
2	2388	935
2	2390	35
2	2390	70
2	2391	107
2	2393	440
2	2393	819
2	2396	224
2	2397	260
2	2397	504
2	2397	533
2	2399	565
2	2400	628
2	2401	647
2	2403	129
2	2405	284
2	2405	594
2	2405	768
2	2406	529
2	2407	132
2	2407	295
2	2407	308
2	2407	334
2	2407	516
2	2408	47
2	2408	165
2	2408	249
2	2410	788
2	2410	936
2	2412	382
2	2412	413
2	2412	694
2	2412	740
2	2413	163
2	2414	418
2	2415	466
2	2416	319
2	2416	517
2	2416	661
2	2416	769
2	2417	545
2	2417	799
2	2420	937
2	2422	476
2	2422	870
2	2423	85
2	2423	823
2	2424	839
2	2425	810
2	2426	272
2	2426	838
2	2427	510
2	2427	563
2	2428	151
2	2428	356
2	2430	430
2	2431	707
2	2431	760
2	2432	715
2	2433	637
2	2433	808
2	2434	19
2	2434	103
2	2434	444
2	2435	711
2	2436	259
2	2437	407
2	2438	863
2	2440	750
2	2442	378
2	2442	500
2	2443	684
2	2443	741
2	2443	923
2	2444	821
2	2444	851
2	2445	678
2	2446	32
2	2446	635
2	2447	461
2	2448	333
2	2449	672
2	2450	961
2	2451	116
2	2452	60
2	2453	534
2	2453	978
2	2454	79
2	2454	245
2	2455	774
2	2455	983
2	2456	26
2	2456	180
2	2456	222
2	2456	377
2	2457	335
2	2458	667
2	2459	557
2	2461	552
2	2462	348
2	2462	954
2	2463	57
2	2463	527
2	2463	947
2	2464	142
2	2464	508
2	2465	779
2	2466	685
2	2466	770
2	2466	781
2	2468	337
2	2468	463
2	2468	867
2	2469	309
2	2472	138
2	2472	824
2	2473	855
2	2474	93
2	2474	241
2	2474	726
2	2474	793
2	2476	700
2	2478	316
2	2478	930
2	2478	973
2	2480	292
2	2480	873
2	2481	29
2	2481	659
2	2484	860
2	2485	9
2	2485	108
2	2486	127
2	2486	805
2	2487	217
2	2487	328
2	2488	536
2	2488	603
2	2488	610
2	2489	194
2	2490	397
2	2490	543
2	2494	178
2	2494	645
2	2495	123
2	2495	392
2	2495	884
2	2496	391
2	2497	300
2	2497	518
2	2499	657
2	2500	511
2	2501	61
2	2501	329
2	2501	800
2	2501	907
2	2502	246
2	2502	646
2	2502	954
2	2503	244
2	2503	404
2	2503	716
2	2504	538
2	2504	745
2	2506	385
2	2506	771
2	2506	945
2	2507	489
2	2507	723
2	2507	796
2	2508	150
2	2508	297
2	2508	358
2	2508	417
2	2508	574
2	2509	596
2	2509	690
2	2509	730
2	2510	65
2	2510	273
2	2510	719
2	2511	691
2	2511	720
2	2511	811
2	2512	751
2	2512	763
2	2513	366
2	2514	8
2	2514	311
2	2515	540
2	2515	668
2	2516	897
2	2517	465
2	2517	850
2	2518	113
2	2519	164
2	2519	821
2	2520	613
2	2521	208
2	2521	265
2	2521	400
2	2521	477
2	2522	387
2	2522	791
2	2523	282
2	2523	414
2	2526	721
2	2528	242
2	2529	573
2	2529	653
2	2530	438
2	2530	805
2	2531	374
2	2531	471
2	2532	744
2	2533	188
2	2534	629
2	2536	287
2	2537	53
2	2537	119
2	2537	658
2	2538	30
2	2538	829
2	2539	140
2	2540	449
2	2541	617
2	2541	931
2	2543	90
2	2543	279
2	2544	421
2	2545	219
2	2545	225
2	2546	149
2	2546	339
2	2546	347
2	2546	501
2	2546	787
2	2548	567
2	2548	984
2	2549	289
2	2550	39
2	2550	683
2	2552	112
2	2552	868
2	2552	986
2	2553	681
2	2554	37
2	2554	110
2	2554	262
2	2554	597
2	2556	842
2	2557	257
2	2558	216
2	2558	571
2	2559	429
2	2560	995
2	2561	589
2	2561	947
2	2562	133
2	2562	901
2	2563	25
2	2563	928
2	2564	74
2	2564	546
2	2564	942
2	2565	694
2	2568	456
2	2568	524
2	2568	588
2	2568	729
2	2569	285
2	2569	606
2	2570	586
2	2571	378
2	2571	482
2	2572	291
2	2574	327
2	2574	469
2	2575	166
2	2577	101
2	2578	361
2	2582	42
2	2582	733
2	2585	472
2	2586	409
2	2586	541
2	2587	849
2	2588	276
2	2588	845
2	2591	775
2	2591	824
2	2593	54
2	2593	136
2	2594	197
2	2594	205
2	2594	350
2	2594	526
2	2594	809
2	2594	855
2	2597	62
2	2598	661
2	2599	851
2	2600	157
2	2601	997
2	2602	220
2	2602	881
2	2604	7
2	2605	591
2	2606	355
2	2606	560
2	2607	618
2	2607	634
2	2608	295
2	2611	3
2	2611	50
2	2611	362
2	2611	627
2	2612	741
2	2613	468
2	2614	375
2	2615	598
2	2617	856
2	2619	68
2	2619	156
2	2620	241
2	2620	270
2	2623	124
2	2624	379
2	2624	702
2	2627	364
2	2628	82
2	2629	503
2	2629	581
2	2630	94
2	2630	126
2	2630	240
2	2631	196
2	2631	233
2	2631	467
2	2632	691
2	2633	168
2	2633	377
2	2633	483
2	2633	582
2	2635	553
2	2637	158
2	2637	390
2	2638	844
2	2638	863
2	2639	502
2	2640	195
2	2640	928
2	2640	953
2	2641	376
2	2641	830
2	2642	670
2	2644	434
2	2644	549
2	2645	736
2	2646	776
2	2646	938
2	2649	316
2	2651	235
2	2652	5
2	2653	44
2	2654	236
2	2655	264
2	2655	554
2	2656	478
2	2656	845
2	2657	324
2	2658	676
2	2659	162
2	2659	169
2	2659	306
2	2659	447
2	2660	642
2	2660	662
2	2660	665
2	2660	801
2	2661	578
2	2661	772
2	2662	368
2	2663	703
2	2664	585
2	2665	475
2	2665	544
2	2665	860
2	2666	99
2	2666	326
2	2666	396
2	2666	819
2	2667	310
2	2668	809
2	2669	728
2	2671	1000
2	2672	959
2	2674	403
2	2674	656
2	2674	710
2	2677	120
2	2680	325
2	2687	513
2	2688	330
2	2688	380
2	2689	14
2	2693	784
2	2693	872
2	2694	12
2	2694	252
2	2694	497
2	2697	238
2	2697	439
2	2699	739
2	2700	418
2	2701	461
2	2701	717
2	2701	766
2	2702	336
2	2702	759
2	2704	829
2	2705	539
2	2706	332
2	2706	716
2	2707	425
2	2707	742
2	2708	743
2	2708	762
2	2709	72
2	2709	882
2	2710	172
2	2710	331
2	2710	891
2	2711	26
2	2711	251
2	2711	551
2	2713	729
2	2714	526
2	2714	765
2	2716	204
2	2716	337
2	2716	382
2	2716	643
2	2716	857
2	2717	109
2	2717	659
2	2718	365
2	2718	732
2	2719	730
2	2722	423
2	2722	655
2	2722	663
2	2722	718
2	2723	88
2	2723	98
2	2724	184
2	2724	644
2	2725	313
2	2725	333
2	2725	796
2	2726	648
2	2726	657
2	2727	95
2	2727	129
2	2727	469
2	2727	601
2	2728	416
2	2728	746
2	2729	110
2	2729	535
2	2730	47
2	2730	811
2	2732	46
2	2732	893
2	2733	13
2	2733	290
2	2733	638
2	2733	722
2	2733	852
2	2733	909
2	2734	738
2	2735	232
2	2736	296
2	2737	777
2	2738	798
2	2739	45
2	2739	631
2	2740	567
2	2741	155
2	2741	208
2	2741	770
2	2742	413
2	2744	37
2	2744	128
2	2744	584
2	2745	543
2	2745	605
2	2746	415
2	2748	170
2	2748	774
2	2749	973
2	2750	315
2	2751	867
2	2753	435
2	2753	769
2	2753	934
2	2755	270
2	2755	421
2	2756	85
2	2756	734
2	2757	142
2	2757	360
2	2758	272
2	2758	433
2	2758	754
2	2759	249
2	2759	792
2	2760	771
2	2760	929
2	2761	277
2	2762	194
2	2763	466
2	2763	791
2	2764	647
2	2765	6
2	2765	221
2	2767	273
2	2768	242
2	2768	790
2	2770	725
2	2771	103
2	2771	675
2	2772	474
2	2772	905
2	2773	681
2	2773	862
2	2774	70
2	2775	527
2	2776	82
2	2776	180
2	2777	362
2	2777	632
2	2778	302
2	2781	122
2	2781	265
2	2781	363
2	2781	460
2	2781	788
2	2782	498
2	2784	68
2	2785	714
2	2786	708
2	2787	101
2	2787	386
2	2787	677
2	2788	505
2	2789	794
2	2790	374
2	2790	417
2	2790	593
2	2791	19
2	2793	755
2	2793	914
2	2795	287
2	2796	1000
2	2797	735
2	2797	846
2	2798	295
2	2798	587
2	2800	566
2	2800	692
2	2801	532
2	2803	736
2	2804	80
2	2804	733
2	2805	522
2	2809	233
2	2809	570
2	2813	965
2	2816	254
2	2816	557
2	2816	588
2	2816	954
2	2817	148
2	2818	948
2	2819	329
2	2819	502
2	2820	639
2	2822	113
2	2822	288
2	2823	987
2	2824	7
2	2824	517
2	2825	332
2	2825	559
2	2825	698
2	2825	715
2	2827	700
2	2828	50
2	2828	424
2	2829	132
2	2829	150
2	2829	404
2	2829	727
2	2830	952
2	2831	29
2	2831	485
2	2831	516
2	2832	22
2	2832	167
2	2832	347
2	2832	399
2	2832	721
2	2832	800
2	2834	431
2	2836	160
2	2837	412
2	2838	506
2	2840	561
2	2841	811
2	2842	104
2	2842	349
2	2843	294
2	2843	442
2	2843	689
2	2844	541
2	2844	668
2	2845	432
2	2846	36
2	2846	298
2	2846	467
2	2849	30
2	2849	803
2	2850	619
2	2850	994
2	2851	873
2	2853	56
2	2853	228
2	2853	519
2	2853	935
2	2854	60
2	2855	618
2	2856	25
2	2857	493
2	2859	96
2	2859	211
2	2859	344
2	2859	598
2	2860	301
2	2860	693
2	2862	218
2	2862	255
2	2862	297
2	2866	449
2	2866	674
2	2867	312
2	2867	444
2	2868	200
2	2869	138
2	2869	620
2	2872	575
2	2872	814
2	2872	985
2	2873	669
2	2874	71
2	2874	665
2	2874	875
2	2877	125
2	2877	615
2	2878	314
2	2879	405
2	2879	462
2	2879	569
2	2879	690
2	2880	977
2	2881	443
2	2881	775
2	2882	262
2	2882	458
2	2883	470
2	2883	471
2	2884	342
2	2885	12
2	2885	123
2	2885	776
2	2887	747
2	2888	154
2	2888	414
2	2888	899
2	2889	359
2	2889	590
2	2891	653
2	2892	223
2	2892	307
2	2892	998
2	2894	144
2	2895	940
2	2896	253
2	2897	731
2	2897	758
2	2899	210
2	2900	365
2	2900	879
2	2901	320
2	2901	606
2	2901	636
2	2902	105
2	2903	591
2	2904	323
2	2905	825
2	2907	152
2	2907	215
2	2907	278
2	2907	369
2	2908	114
2	2909	439
2	2910	761
2	2911	17
2	2911	143
2	2911	436
2	2912	216
2	2912	243
2	2913	645
2	2914	472
2	2915	538
2	2915	696
2	2915	855
2	2916	497
2	2917	54
2	2917	607
2	2918	48
2	2919	802
2	2920	933
2	2921	236
2	2921	537
2	2923	242
2	2923	358
2	2923	499
2	2923	600
2	2923	655
2	2924	182
2	2924	739
2	2925	293
2	2925	311
2	2926	480
2	2928	73
2	2928	258
2	2929	457
2	2931	271
2	2931	860
2	2932	459
2	2934	374
2	2936	322
2	2936	425
2	2936	483
2	2939	127
2	2939	448
2	2939	564
2	2941	53
2	2943	380
2	2946	809
2	2946	892
2	2947	99
2	2948	257
2	2949	547
2	2949	744
2	2950	161
2	2952	567
2	2952	580
2	2954	317
2	2954	394
2	2954	592
2	2956	352
2	2956	587
2	2957	792
2	2958	122
2	2958	276
2	2959	9
2	2959	509
2	2960	121
2	2960	427
2	2961	186
2	2961	921
2	2962	935
2	2963	284
2	2963	998
2	2964	604
2	2964	799
2	2965	403
2	2967	67
2	2968	112
2	2968	772
2	2969	440
2	2969	749
2	2972	426
2	2974	913
2	2974	956
2	2975	647
2	2975	795
2	2976	366
2	2976	705
2	2977	70
2	2977	274
2	2977	572
2	2977	633
2	2977	900
2	2978	622
2	2980	659
2	2980	783
2	2981	209
2	2982	108
2	2982	116
2	2982	266
2	2983	189
2	2983	656
2	2984	531
2	2985	701
2	2986	563
2	2986	808
2	2988	371
2	2988	376
2	2988	512
2	2988	727
2	2990	487
2	2991	218
2	2991	527
2	2993	103
2	2993	936
2	2994	681
2	2995	338
2	2995	548
2	2996	918
2	2997	495
2	2997	536
2	2997	543
2	2997	616
2	2998	96
2	2999	80
2	2999	124
2	2999	801
2	3001	920
2	3002	170
2	3002	906
2	3004	713
2	3005	69
2	3005	516
2	3005	910
2	3008	466
2	3008	891
2	3010	38
2	3011	162
2	3011	264
2	3012	217
2	3012	416
2	3013	246
2	3014	477
2	3014	954
2	3015	782
2	3016	503
2	3017	550
2	3017	573
2	3017	631
2	3017	680
2	3017	956
2	3018	42
2	3019	5
2	3019	915
2	3020	678
2	3020	807
2	3021	383
2	3022	86
2	3022	238
2	3022	551
2	3023	183
2	3023	879
2	3024	214
2	3024	539
2	3026	39
2	3026	167
2	3026	445
2	3026	855
2	3027	64
2	3027	94
2	3027	147
2	3027	229
2	3027	392
2	3027	397
2	3027	431
2	3027	517
2	3027	773
2	3028	454
2	3029	648
2	3030	52
2	3030	621
2	3030	846
2	3031	23
2	3031	387
2	3032	87
2	3032	289
2	3032	484
2	3032	562
2	3032	886
2	3033	51
2	3033	458
2	3033	667
2	3033	706
2	3034	202
2	3035	898
2	3036	651
2	3038	409
2	3038	675
2	3041	642
2	3041	927
2	3042	493
2	3042	589
2	3044	709
2	3045	473
2	3045	583
2	3045	674
2	3046	575
2	3046	797
2	3047	314
2	3050	407
2	3050	804
2	3051	340
2	3051	364
2	3051	725
2	3052	60
2	3053	693
2	3054	653
2	3055	350
2	3056	315
2	3056	822
2	3057	718
2	3059	48
2	3059	114
2	3059	720
2	3060	482
2	3060	777
2	3062	153
2	3064	176
2	3065	93
2	3066	530
2	3067	18
2	3067	557
2	3069	704
2	3070	83
2	3070	126
2	3070	780
2	3070	857
2	3071	247
2	3073	957
2	3074	1
2	3074	719
2	3075	565
2	3076	44
2	3076	85
2	3076	252
2	3076	703
2	3076	868
2	3076	994
2	3077	335
2	3078	353
2	3078	469
2	3080	892
2	3081	396
2	3082	141
2	3082	896
2	3083	204
2	3083	661
2	3083	672
2	3083	855
2	3084	730
2	3084	788
2	3085	525
2	3085	905
2	3086	216
2	3087	438
2	3087	522
2	3087	787
2	3088	72
2	3088	596
2	3088	741
2	3089	429
2	3089	584
2	3089	721
2	3090	45
2	3090	138
2	3090	393
2	3090	785
2	3092	262
2	3092	361
2	3092	434
2	3092	490
2	3093	561
2	3095	770
2	3096	559
2	3096	569
2	3096	570
2	3096	789
2	3097	137
2	3097	771
2	3098	568
2	3100	280
2	3100	326
2	3101	134
2	3101	639
2	3102	65
2	3103	355
2	3103	515
2	3103	523
2	3104	6
2	3104	423
2	3104	998
2	3105	184
2	3105	684
2	3106	496
2	3106	915
2	3106	929
2	3107	148
2	3107	738
2	3108	250
2	3108	546
2	3108	743
2	3108	761
2	3109	462
2	3109	640
2	3111	890
2	3113	330
2	3113	982
2	3114	241
2	3114	829
2	3114	885
2	3115	46
2	3115	163
2	3115	195
2	3115	566
2	3117	266
2	3117	513
2	3118	931
2	3119	2
2	3122	12
2	3122	172
2	3122	864
2	3123	77
2	3123	607
2	3124	356
2	3125	790
2	3125	796
2	3127	293
2	3128	56
2	3129	295
2	3130	15
2	3130	73
2	3130	269
2	3132	727
2	3132	835
2	3135	27
2	3135	49
2	3137	379
2	3138	816
2	3139	594
2	3140	586
2	3141	649
2	3142	258
2	3143	757
2	3143	772
2	3144	636
2	3145	776
2	3146	410
2	3146	909
2	3148	205
2	3148	264
2	3148	424
2	3149	278
2	3149	373
2	3149	802
2	3149	884
2	3150	352
2	3151	169
2	3152	755
2	3153	193
2	3153	446
2	3154	439
2	3154	656
2	3155	90
2	3155	212
2	3155	641
2	3156	322
2	3157	563
2	3159	14
2	3159	895
2	3162	257
2	3162	284
2	3162	516
2	3162	590
2	3162	867
2	3163	11
2	3163	450
2	3163	602
2	3164	668
2	3164	903
2	3165	70
2	3165	251
2	3165	283
2	3167	977
2	3168	456
2	3168	938
2	3170	123
2	3170	510
2	3172	357
2	3172	519
2	3174	301
2	3175	154
2	3176	417
2	3177	405
2	3178	285
2	3179	611
2	3180	315
2	3183	19
2	3185	545
2	3186	235
2	3186	471
2	3186	528
2	3187	526
2	3187	673
2	3188	502
2	3188	507
2	3188	696
2	3189	36
2	3189	129
2	3191	475
2	3191	478
2	3191	620
2	3192	681
2	3193	324
2	3194	230
2	3194	395
2	3194	591
2	3197	951
2	3198	54
2	3201	68
2	3205	549
2	3207	411
2	3208	370
2	3208	879
2	3209	88
2	3209	971
2	3212	535
2	3213	844
2	3215	55
2	3215	654
2	3215	737
2	3217	298
2	3217	907
2	3219	867
2	3221	699
2	3222	210
2	3222	560
2	3222	904
2	3223	288
2	3224	367
2	3225	270
2	3226	221
2	3227	911
2	3230	160
2	3232	32
2	3233	570
2	3233	638
2	3234	178
2	3234	392
2	3234	792
2	3235	139
2	3235	826
2	3236	746
2	3236	962
2	3237	233
2	3237	567
2	3238	453
2	3238	822
2	3239	466
2	3240	4
2	3240	606
2	3241	365
2	3241	425
2	3242	558
2	3242	597
2	3242	817
2	3243	247
2	3243	955
2	3245	282
2	3245	583
2	3246	329
2	3246	402
2	3247	710
2	3248	686
2	3249	336
2	3249	358
2	3249	474
2	3250	141
2	3250	617
2	3250	645
2	3250	669
2	3251	179
2	3251	277
2	3252	604
2	3254	533
2	3254	616
2	3255	806
2	3255	849
2	3256	700
2	3256	939
2	3257	107
2	3257	745
2	3258	816
2	3259	137
2	3260	232
2	3261	412
2	3263	41
2	3263	224
2	3263	662
2	3265	92
2	3265	444
2	3266	501
2	3267	206
2	3267	596
2	3267	966
2	3269	705
2	3269	947
2	3270	66
2	3270	167
2	3270	279
2	3272	128
2	3272	720
2	3274	543
2	3276	63
2	3276	655
2	3277	353
2	3278	828
2	3279	143
2	3279	263
2	3281	581
2	3281	602
2	3281	635
2	3281	734
2	3282	220
2	3282	253
2	3284	58
2	3284	382
2	3284	401
2	3284	769
2	3286	407
2	3287	297
2	3287	484
2	3288	97
2	3288	713
2	3289	303
2	3289	607
2	3289	630
2	3290	151
2	3290	200
2	3290	495
2	3290	944
2	3291	461
2	3291	716
2	3291	904
2	3291	908
2	3292	697
2	3293	82
2	3293	213
2	3294	327
2	3294	623
2	3294	762
2	3294	932
2	3295	739
2	3296	40
2	3296	251
2	3296	335
2	3296	736
2	3298	756
2	3299	69
2	3300	377
2	3300	780
2	3301	201
2	3301	691
2	3302	990
2	3303	934
2	3304	101
2	3304	269
2	3304	613
2	3304	744
2	3305	722
2	3307	598
2	3307	941
2	3308	276
2	3310	832
2	3311	555
2	3311	626
2	3312	547
2	3312	968
2	3313	203
2	3313	215
2	3315	290
2	3316	111
2	3317	28
2	3317	374
2	3321	750
2	3321	794
2	3323	578
2	3324	67
2	3324	140
2	3324	162
2	3324	328
2	3325	492
2	3326	631
2	3326	632
2	3327	836
2	3328	5
2	3328	292
2	3331	259
2	3333	116
2	3333	658
2	3334	51
2	3334	185
2	3335	197
2	3335	227
2	3335	391
2	3335	622
2	3336	264
2	3336	302
2	3337	38
2	3337	191
2	3337	378
2	3338	975
2	3340	651
2	3340	675
2	3341	687
2	3341	976
2	3342	414
2	3343	57
2	3343	384
2	3343	569
2	3343	723
2	3343	916
2	3345	61
2	3345	155
2	3345	729
2	3345	887
2	3346	48
2	3349	357
2	3349	608
2	3351	12
2	3351	717
2	3351	735
2	3352	250
2	3353	73
2	3353	165
2	3353	343
2	3354	59
2	3354	560
2	3354	587
2	3355	383
2	3356	218
2	3356	771
2	3356	908
2	3357	181
2	3357	512
2	3358	471
2	3358	866
2	3359	463
2	3360	188
2	3361	927
2	3362	727
2	3363	65
2	3363	376
2	3367	117
2	3368	322
2	3371	390
2	3372	420
2	3372	577
2	3375	351
2	3375	712
2	3376	704
2	3377	180
2	3377	235
2	3377	539
2	3377	751
2	3378	198
2	3378	416
2	3379	150
2	3379	695
2	3379	969
2	3380	829
2	3384	426
2	3386	612
2	3387	148
2	3387	271
2	3387	559
2	3387	817
2	3387	986
2	3389	524
2	3391	205
2	3391	313
2	3391	546
2	3392	122
2	3393	776
2	3394	753
2	3394	962
2	3394	966
2	3396	8
2	3396	611
2	3396	678
2	3396	861
2	3397	511
2	3397	821
2	3399	257
2	3400	761
2	3401	129
2	3401	356
2	3401	386
2	3402	282
2	3403	24
2	3404	298
2	3407	801
2	3408	278
2	3411	98
2	3412	862
2	3413	209
2	3413	308
2	3413	682
2	3413	765
2	3413	770
2	3413	782
2	3414	242
2	3414	652
2	3417	403
2	3417	741
2	3420	281
2	3420	932
2	3421	583
2	3421	911
2	3422	221
2	3424	167
2	3424	405
2	3426	683
2	3427	491
2	3428	976
2	3429	74
2	3429	255
2	3430	498
2	3432	320
2	3434	410
2	3434	616
2	3437	62
2	3438	964
2	3439	545
2	3439	643
2	3440	334
2	3441	25
2	3441	389
2	3442	861
2	3443	315
2	3444	131
2	3444	172
2	3446	520
2	3447	52
2	3447	154
2	3447	956
2	3448	309
2	3451	464
2	3453	945
2	3454	534
2	3458	294
2	3458	903
2	3459	301
2	3462	441
2	3463	332
2	3463	720
2	3464	785
2	3465	50
2	3466	835
2	3467	84
2	3467	354
2	3468	573
2	3468	594
2	3468	813
2	3470	593
2	3470	778
2	3471	92
2	3472	211
2	3473	230
2	3473	493
2	3473	820
2	3474	387
2	3475	3
2	3476	182
2	3476	917
2	3477	432
2	3477	908
2	3478	34
2	3479	228
2	3479	766
2	3480	572
2	3483	359
2	3484	17
2	3484	747
2	3487	749
2	3487	768
2	3488	379
2	3490	114
2	3490	177
2	3490	528
2	3491	400
2	3493	189
2	3493	610
2	3493	819
2	3493	842
2	3494	557
2	3495	357
2	3495	513
2	3496	393
2	3496	798
2	3500	311
2	3500	635
2	3500	657
2	3501	421
2	3502	153
2	3502	777
2	3502	868
2	3502	899
2	3503	253
2	3503	556
2	3504	988
2	3507	880
2	3508	891
2	3509	843
2	3510	216
2	3510	458
2	3510	689
2	3513	14
2	3513	113
2	3516	199
2	3518	755
2	3520	195
2	3520	654
2	3521	740
2	3522	226
2	3522	451
2	3522	949
2	3523	283
2	3523	612
2	3523	962
2	3524	530
2	3525	433
2	3525	784
2	3526	542
2	3526	906
2	3528	779
2	3529	869
2	3530	134
2	3530	427
2	3530	533
2	3531	662
2	3532	19
2	3532	455
2	3533	368
2	3535	252
2	3535	487
2	3537	292
2	3537	703
2	3539	151
2	3539	694
2	3539	809
2	3540	816
2	3542	163
2	3542	840
2	3544	155
2	3544	606
2	3544	661
2	3544	786
2	3545	86
2	3546	924
2	3547	171
2	3549	280
2	3549	954
2	3550	314
2	3551	470
2	3551	633
2	3552	489
2	3554	74
2	3554	918
2	3555	404
2	3555	758
2	3556	337
2	3556	907
2	3559	117
2	3559	236
2	3560	318
2	3561	884
2	3562	624
2	3562	958
2	3563	804
2	3565	540
2	3566	79
2	3568	773
2	3569	688
2	3572	56
2	3573	976
2	3574	61
2	3574	412
2	3574	737
2	3577	136
2	3578	186
2	3578	949
2	3579	381
2	3579	857
2	3580	309
2	3580	505
2	3581	591
2	3581	709
2	3582	277
2	3583	746
2	3584	201
2	3584	308
2	3585	26
2	3586	483
2	3590	419
2	3591	583
2	3593	284
2	3593	695
2	3594	503
2	3595	785
2	3598	18
2	3598	944
2	3601	602
2	3601	684
2	3603	429
2	3604	887
2	3607	512
2	3607	574
2	3610	444
2	3610	716
2	3611	750
2	3613	521
2	3613	605
2	3614	989
2	3615	6
2	3615	589
2	3618	395
2	3618	789
2	3618	805
2	3619	416
2	3620	275
2	3622	931
2	3623	414
2	3626	379
2	3627	326
2	3628	765
2	3630	246
2	3631	873
2	3632	52
2	3632	245
2	3632	705
2	3632	812
2	3633	506
2	3633	549
2	3634	613
2	3634	692
2	3634	930
2	3635	668
2	3637	880
2	3639	122
2	3639	198
2	3641	373
2	3642	467
2	3644	71
2	3644	113
2	3645	335
2	3646	64
2	3646	486
2	3647	687
2	3649	90
2	3649	781
2	3649	799
2	3650	342
2	3650	544
2	3651	105
2	3651	315
2	3652	776
2	3652	862
2	3652	876
2	3652	934
2	3653	87
2	3653	106
2	3653	121
2	3653	820
2	3654	251
2	3655	423
2	3656	626
2	3659	673
2	3660	57
2	3660	141
2	3661	783
2	3663	158
2	3665	94
2	3665	518
2	3665	863
2	3667	940
2	3668	32
2	3669	336
2	3670	403
2	3670	962
2	3672	152
2	3673	516
2	3673	644
2	3674	75
2	3678	440
2	3678	471
2	3678	877
2	3679	7
2	3680	37
2	3680	667
2	3681	493
2	3683	592
2	3684	660
2	3685	369
2	3685	582
2	3685	805
2	3686	700
2	3686	834
2	3687	27
2	3687	763
2	3688	458
2	3688	482
2	3688	546
2	3689	72
2	3689	93
2	3689	501
2	3690	534
2	3691	78
2	3691	415
2	3691	612
2	3691	664
2	3692	34
2	3692	510
2	3693	726
2	3694	170
2	3695	345
2	3695	436
2	3695	694
2	3695	802
2	3695	822
2	3696	538
2	3696	574
2	3696	974
2	3697	568
2	3697	951
2	3698	164
2	3698	577
2	3699	383
2	3700	220
2	3700	235
2	3702	127
2	3702	409
2	3703	278
2	3704	165
2	3704	310
2	3704	747
2	3705	579
2	3707	630
2	3709	266
2	3709	374
2	3709	402
2	3710	774
2	3711	129
2	3711	358
2	3712	16
2	3712	172
2	3712	252
2	3713	182
2	3714	788
2	3716	499
2	3717	181
2	3721	431
2	3721	570
2	3721	707
2	3721	884
2	3723	80
2	3723	363
2	3726	842
2	3726	857
2	3727	138
2	3728	696
2	3729	460
2	3729	794
2	3731	997
2	3732	194
2	3733	337
2	3734	223
2	3739	142
2	3739	210
2	3739	417
2	3740	228
2	3740	513
2	3742	231
2	3742	639
2	3742	892
2	3744	461
2	3744	521
2	3744	606
2	3745	642
2	3746	9
2	3746	135
2	3746	509
2	3746	654
2	3748	723
2	3749	289
2	3749	354
2	3749	480
2	3749	992
2	3750	14
2	3750	939
2	3754	632
2	3755	709
2	3755	797
2	3756	117
2	3756	655
2	3758	107
2	3758	273
2	3758	370
2	3759	753
2	3760	456
2	3760	784
2	3762	601
2	3765	279
2	3766	384
2	3766	607
2	3767	609
2	3767	613
2	3768	248
2	3769	806
2	3770	149
2	3770	441
2	3770	680
2	3772	547
2	3772	559
2	3774	411
2	3778	11
2	3778	659
2	3779	946
2	3780	4
2	3780	166
2	3780	375
2	3780	569
2	3781	63
2	3781	160
2	3783	444
2	3783	530
2	3784	53
2	3784	619
2	3785	645
2	3785	966
2	3786	341
2	3786	479
2	3788	395
2	3788	587
2	3789	94
2	3789	378
2	3791	280
2	3791	408
2	3791	742
2	3791	787
2	3795	340
2	3796	428
2	3796	437
2	3797	446
2	3797	476
2	3797	481
2	3799	193
2	3799	675
2	3800	108
2	3800	543
2	3801	661
2	3802	413
2	3804	249
2	3804	368
2	3805	23
2	3805	156
2	3809	718
2	3809	862
2	3810	646
2	3811	265
2	3811	382
2	3812	875
2	3813	396
2	3814	555
2	3816	876
2	3817	42
2	3817	367
2	3818	10
2	3820	325
2	3822	465
2	3822	581
2	3823	192
2	3823	475
2	3823	554
2	3825	233
2	3825	775
2	3826	167
2	3826	471
2	3827	240
2	3827	290
2	3827	318
2	3831	447
2	3832	310
2	3833	123
2	3833	545
2	3833	963
2	3834	712
2	3835	627
2	3835	863
2	3836	732
2	3838	840
2	3839	5
2	3839	725
2	3840	562
2	3841	897
2	3842	28
2	3843	208
2	3843	232
2	3843	348
2	3843	965
2	3844	205
2	3844	329
2	3845	507
2	3846	104
2	3846	261
2	3847	678
2	3847	738
2	3849	623
2	3850	136
2	3850	353
2	3850	826
2	3850	904
2	3852	30
2	3852	317
2	3852	320
2	3852	802
2	3852	887
2	3853	278
2	3853	873
2	3854	958
2	3855	594
2	3856	277
2	3856	420
2	3856	697
2	3857	83
2	3857	743
2	3858	745
2	3858	980
2	3859	515
2	3860	448
2	3860	648
2	3861	219
2	3861	333
2	3861	563
2	3861	589
2	3861	806
2	3863	283
2	3865	796
2	3866	144
2	3866	538
2	3866	577
2	3867	213
2	3867	615
2	3867	721
2	3867	947
2	3868	268
2	3870	862
2	3871	92
2	3871	96
2	3872	651
2	3872	666
2	3872	733
2	3873	147
2	3874	221
2	3874	522
2	3875	140
2	3876	178
2	3876	328
2	3876	525
2	3877	750
2	3878	711
2	3879	99
2	3879	303
2	3880	39
2	3880	754
2	3884	558
2	3884	702
2	3888	32
2	3889	311
2	3890	927
2	3892	506
2	3893	141
2	3893	191
2	3893	918
2	3894	356
2	3895	557
2	3896	759
2	3898	765
2	3899	453
2	3900	302
2	3901	3
2	3902	359
2	3903	434
2	3903	823
2	3904	26
2	3904	597
2	3906	402
2	3906	424
2	3906	565
2	3906	769
2	3908	482
2	3908	734
2	3909	761
2	3910	714
2	3911	399
2	3911	813
2	3912	72
2	3912	168
2	3912	798
2	3913	106
2	3913	460
2	3913	509
2	3913	818
2	3914	36
2	3914	513
2	3915	496
2	3916	645
2	3917	953
2	3919	378
2	3920	190
2	3921	76
2	3921	406
2	3922	176
2	3923	567
2	3924	653
2	3924	925
2	3926	347
2	3927	338
2	3929	416
2	3931	187
2	3931	695
2	3931	996
2	3932	94
2	3932	246
2	3933	18
2	3933	281
2	3934	105
2	3935	700
2	3938	876
2	3939	350
2	3939	782
2	3944	454
2	3944	749
2	3944	768
2	3945	2
2	3946	243
2	3946	923
2	3947	69
2	3948	266
2	3950	44
2	3950	186
2	3950	599
2	3950	920
2	3951	331
2	3951	346
2	3951	854
2	3951	908
2	3952	239
2	3955	994
2	3956	425
2	3957	606
2	3958	377
2	3958	790
2	3959	150
2	3959	536
2	3960	605
2	3962	740
2	3963	835
2	3964	101
2	3966	172
2	3966	270
2	3966	552
2	3966	912
2	3967	518
2	3968	699
2	3969	46
2	3970	477
2	3972	267
2	3973	680
2	3974	189
2	3977	421
2	3978	169
2	3978	241
2	3979	145
2	3981	148
2	3981	211
2	3982	204
2	3984	11
2	3984	298
2	3985	70
2	3985	119
2	3986	853
2	3987	375
2	3987	795
2	3989	462
2	3989	644
2	3989	849
2	3990	1
2	3990	830
2	3991	95
2	3992	473
2	3993	461
2	3993	893
2	3995	800
2	3996	727
2	3996	863
2	3998	308
2	3998	504
2	3998	662
2	3998	785
2	4002	708
2	4002	753
2	4003	103
2	4004	487
2	4004	691
2	4004	784
2	4005	343
2	4005	458
2	4007	111
2	4007	210
2	4008	419
2	4009	341
2	4009	467
2	4009	929
2	4010	41
2	4010	389
2	4012	570
2	4012	940
2	4013	143
2	4013	231
2	4013	652
2	4013	655
2	4014	304
2	4014	889
2	4015	100
2	4015	178
2	4015	866
2	4016	344
2	4016	942
2	4018	442
2	4018	752
2	4018	977
2	4019	163
2	4019	175
2	4020	261
2	4020	321
2	4028	181
2	4030	89
2	4030	114
2	4031	193
2	4031	809
2	4033	291
2	4033	872
2	4034	56
2	4034	97
2	4034	488
2	4036	438
2	4036	729
2	4039	80
2	4039	206
2	4039	248
2	4039	252
2	4039	287
2	4039	517
2	4040	250
2	4040	765
2	4040	772
2	4041	576
2	4042	457
2	4042	569
2	4042	608
2	4042	899
2	4043	9
2	4043	459
2	4043	463
2	4045	603
2	4045	852
2	4046	888
2	4047	474
2	4048	128
2	4048	372
2	4048	668
2	4048	747
2	4048	898
2	4048	957
2	4049	631
2	4050	987
2	4051	258
2	4051	263
2	4052	195
2	4052	609
2	4052	806
2	4053	352
2	4054	397
2	4054	649
2	4055	465
2	4055	973
2	4056	909
2	4058	774
2	4059	1000
2	4061	98
2	4062	297
2	4062	448
2	4067	526
2	4068	85
2	4069	237
2	4070	538
2	4070	907
2	4072	802
2	4074	198
2	4075	625
2	4075	818
2	4075	854
2	4076	151
2	4076	633
2	4081	273
2	4081	492
2	4081	687
2	4082	20
2	4083	255
2	4085	265
2	4086	564
2	4086	616
2	4087	508
2	4087	690
2	4088	174
2	4088	475
2	4091	262
2	4092	359
2	4092	599
2	4092	673
2	4093	346
2	4094	167
2	4094	679
2	4094	789
2	4094	817
2	4095	501
2	4096	228
2	4096	323
2	4097	697
2	4099	185
2	4099	739
2	4101	670
2	4102	160
2	4102	429
2	4102	844
2	4103	146
2	4103	209
2	4104	196
2	4104	316
2	4104	545
2	4105	286
2	4105	345
2	4106	376
2	4107	172
2	4108	102
2	4108	218
2	4108	967
2	4109	791
2	4110	16
2	4111	240
2	4112	226
2	4112	557
2	4112	761
2	4112	860
2	4113	781
2	4114	674
2	4114	688
2	4117	88
2	4117	392
2	4117	471
2	4117	648
2	4118	10
2	4119	718
2	4120	361
2	4122	34
2	4123	814
2	4125	313
2	4126	40
2	4126	302
2	4126	326
2	4126	582
2	4126	764
2	4128	30
2	4128	728
2	4128	794
2	4129	121
2	4129	420
2	4131	799
2	4132	385
2	4133	581
2	4133	813
2	4134	563
2	4135	353
2	4135	473
2	4136	350
2	4136	632
2	4136	893
2	4137	356
2	4137	675
2	4138	787
2	4139	101
2	4139	222
2	4139	560
2	4139	717
2	4140	310
2	4141	35
2	4141	590
2	4141	683
2	4142	232
2	4142	522
2	4143	289
2	4143	510
2	4145	118
2	4146	797
2	4147	287
2	4148	876
2	4149	534
2	4150	362
2	4152	202
2	4153	754
2	4154	170
2	4155	315
2	4156	785
2	4157	235
2	4157	490
2	4160	49
2	4161	76
2	4162	456
2	4162	611
2	4163	567
2	4163	620
2	4164	28
2	4164	181
2	4166	517
2	4167	553
2	4168	91
2	4168	766
2	4171	183
2	4171	215
2	4172	757
2	4173	248
2	4174	193
2	4174	373
2	4174	686
2	4175	328
2	4175	512
2	4179	777
2	4179	937
2	4181	275
2	4181	596
2	4182	520
2	4184	272
2	4187	624
2	4188	575
2	4189	514
2	4190	853
2	4194	621
2	4195	150
2	4196	190
2	4196	519
2	4196	568
2	4196	987
2	4198	579
2	4199	436
2	4199	626
2	4199	829
2	4201	56
2	4201	306
2	4201	450
2	4201	523
2	4201	930
2	4202	182
2	4203	969
2	4204	347
2	4207	74
2	4207	274
2	4207	343
2	4208	220
2	4208	587
2	4210	425
2	4211	672
2	4213	905
2	4214	437
2	4215	89
2	4215	104
2	4215	341
2	4215	915
2	4216	249
2	4216	760
2	4217	412
2	4217	540
2	4219	75
2	4219	393
2	4219	516
2	4219	586
2	4219	628
2	4220	386
2	4220	948
2	4221	157
2	4221	515
2	4222	51
2	4223	207
2	4223	460
2	4223	666
2	4223	700
2	4224	11
2	4225	352
2	4226	186
2	4226	379
2	4226	513
2	4226	731
2	4227	439
2	4227	883
2	4227	884
2	4228	120
2	4228	330
2	4228	641
2	4229	178
2	4230	238
2	4230	325
2	4231	782
2	4231	862
2	4231	916
2	4231	937
2	4233	226
2	4233	416
2	4234	205
2	4234	241
2	4235	662
2	4235	678
2	4236	549
2	4236	863
2	4236	988
2	4238	482
2	4238	842
2	4239	366
2	4239	722
2	4239	965
2	4240	286
2	4240	600
2	4240	775
2	4240	942
2	4241	158
2	4241	756
2	4242	355
2	4244	419
2	4244	500
2	4244	882
2	4245	99
2	4245	723
2	4246	348
2	4248	115
2	4248	271
2	4248	873
2	4248	925
2	4249	557
2	4250	835
2	4250	933
2	4251	968
2	4253	168
2	4253	583
2	4253	685
2	4253	750
2	4255	54
2	4255	80
2	4258	683
2	4259	131
2	4259	660
2	4260	711
2	4262	46
2	4263	365
2	4264	129
2	4264	431
2	4264	733
2	4264	758
2	4265	537
2	4266	639
2	4267	552
2	4268	368
2	4269	874
2	4270	61
2	4271	623
2	4271	797
2	4272	476
2	4273	814
2	4277	65
2	4277	139
2	4277	146
2	4278	440
2	4278	535
2	4280	319
2	4280	468
2	4282	321
2	4283	488
2	4286	407
2	4287	790
2	4288	979
2	4289	137
2	4290	798
2	4292	9
2	4292	243
2	4292	702
2	4293	697
2	4294	913
2	4296	334
2	4296	536
2	4297	112
2	4297	136
2	4297	156
2	4297	457
2	4297	607
2	4298	55
2	4298	228
2	4298	767
2	4298	813
2	4299	30
2	4299	452
2	4300	433
2	4301	491
2	4304	451
2	4304	776
2	4305	824
2	4305	924
2	4306	609
2	4307	68
2	4307	590
2	4307	878
2	4308	128
2	4311	5
2	4311	279
2	4311	529
2	4311	801
2	4311	950
2	4313	836
2	4316	493
2	4317	327
2	4319	290
2	4320	3
2	4320	145
2	4321	968
2	4322	195
2	4322	530
2	4323	684
2	4324	246
2	4325	293
2	4326	828
2	4327	473
2	4328	309
2	4328	706
2	4328	981
2	4329	425
2	4329	582
2	4329	739
2	4330	839
2	4332	574
2	4332	980
2	4338	653
2	4339	85
2	4340	732
2	4341	50
2	4341	967
2	4342	289
2	4343	230
2	4345	258
2	4346	299
2	4346	891
2	4347	49
2	4347	595
2	4348	278
2	4348	692
2	4348	770
2	4352	313
2	4353	100
2	4353	254
2	4353	403
2	4355	236
2	4355	239
2	4358	464
2	4358	509
2	4358	939
2	4360	270
2	4360	377
2	4362	444
2	4363	542
2	4364	93
2	4365	124
2	4365	234
2	4365	387
2	4367	202
2	4367	556
2	4368	179
2	4370	421
2	4372	913
2	4373	39
2	4373	103
2	4375	281
2	4375	918
2	4377	411
2	4377	592
2	4377	618
2	4378	107
2	4378	250
2	4378	565
2	4378	827
2	4379	154
2	4379	569
2	4380	159
2	4380	459
2	4381	629
2	4384	397
2	4384	604
2	4385	216
2	4385	865
2	4386	53
2	4387	122
2	4387	503
2	4388	954
2	4389	448
2	4389	724
2	4389	749
2	4390	908
2	4391	417
2	4391	512
2	4392	589
2	4392	858
2	4394	15
2	4394	357
2	4394	961
2	4395	94
2	4395	713
2	4395	773
2	4397	485
2	4398	950
2	4399	560
2	4400	370
2	4400	458
2	4400	766
2	4401	528
2	4402	189
2	4402	292
2	4403	532
2	4403	765
2	4404	395
2	4404	505
2	4405	497
2	4405	539
2	4405	588
2	4406	33
2	4406	151
2	4406	480
2	4406	524
2	4406	924
2	4407	119
2	4407	575
2	4407	622
2	4408	415
2	4408	551
2	4408	686
2	4409	111
2	4409	224
2	4409	504
2	4411	774
2	4411	881
2	4412	97
2	4414	541
2	4414	940
2	4415	271
2	4415	316
2	4417	429
2	4418	427
2	4418	568
2	4419	768
2	4420	656
2	4421	47
2	4421	185
2	4421	434
2	4422	314
2	4422	619
2	4422	655
2	4423	4
2	4425	392
2	4426	125
2	4426	525
2	4426	824
2	4427	120
2	4427	495
2	4427	496
2	4427	634
2	4427	805
2	4428	376
2	4428	521
2	4429	554
2	4429	718
2	4430	877
2	4431	34
2	4431	197
2	4431	882
2	4432	892
2	4433	584
2	4433	645
2	4434	153
2	4434	440
2	4435	32
2	4435	474
2	4435	620
2	4436	677
2	4437	385
2	4439	29
2	4439	699
2	4440	553
2	4440	564
2	4440	936
2	4441	214
2	4441	502
2	4442	854
2	4442	942
2	4443	745
2	4443	802
2	4444	334
2	4444	438
2	4444	488
2	4444	688
2	4445	432
2	4445	710
2	4446	161
2	4446	846
2	4448	876
2	4450	40
2	4450	642
2	4452	146
2	4452	331
2	4453	400
2	4453	563
2	4454	273
2	4455	200
2	4455	346
2	4455	418
2	4455	870
2	4457	662
2	4457	797
2	4458	205
2	4459	616
2	4459	637
2	4459	850
2	4460	55
2	4462	339
2	4462	389
2	4463	24
2	4463	325
2	4464	54
2	4464	162
2	4465	631
2	4465	741
2	4467	227
2	4468	306
2	4468	591
2	4469	280
2	4469	638
2	4470	62
2	4472	585
2	4472	695
2	4473	269
2	4474	736
2	4474	910
2	4475	127
2	4475	548
2	4477	526
2	4478	935
2	4479	57
2	4480	71
2	4480	843
2	4481	133
2	4481	726
2	4482	31
2	4482	728
2	4482	863
2	4483	70
2	4483	970
2	4484	646
2	4485	703
2	4486	181
2	4487	491
2	4487	550
2	4487	674
2	4487	733
2	4488	183
2	4488	342
2	4488	786
2	4489	487
2	4489	580
2	4489	796
2	4490	203
2	4490	240
2	4490	286
2	4490	391
2	4490	476
2	4491	312
2	4491	744
2	4492	165
2	4492	570
2	4492	587
2	4493	481
2	4494	251
2	4495	281
2	4495	772
2	4495	898
2	4496	80
2	4496	109
2	4496	319
2	4496	445
2	4496	897
2	4496	912
2	4496	956
2	4497	42
2	4500	297
2	4500	310
2	4500	515
2	4501	321
2	4501	707
2	4502	274
2	4504	803
2	4507	85
2	4507	719
2	4509	290
2	4509	490
2	4509	671
2	4510	268
2	4510	473
2	4511	353
2	4511	414
2	4512	9
2	4512	625
2	4512	967
2	4513	117
2	4514	465
2	4514	791
2	4516	248
2	4517	383
2	4517	393
2	4518	255
2	4519	477
2	4519	685
2	4520	371
2	4520	665
2	4521	482
2	4522	106
2	4522	241
2	4522	300
2	4522	943
2	4524	609
2	4525	95
2	4525	475
2	4526	422
2	4527	578
2	4527	815
2	4529	621
2	4529	771
2	4531	437
2	4533	823
2	4535	848
2	4536	354
2	4538	337
2	4545	558
2	4546	215
2	4546	295
2	4547	14
2	4547	456
2	4548	132
2	4549	343
2	4549	415
2	4550	235
2	4550	577
2	4550	765
2	4552	608
2	4553	238
2	4553	489
2	4555	28
2	4555	800
2	4556	52
2	4556	723
2	4557	198
2	4557	546
2	4558	326
2	4558	479
2	4560	174
2	4560	628
2	4561	510
2	4563	72
2	4563	298
2	4564	143
2	4565	620
2	4566	529
2	4567	373
2	4568	527
2	4569	676
2	4569	706
2	4569	830
2	4570	493
2	4570	738
2	4571	1
2	4572	778
2	4572	819
2	4573	263
2	4575	2
2	4576	633
2	4576	961
2	4577	105
2	4577	816
2	4578	160
2	4579	618
2	4579	823
2	4580	103
2	4582	594
2	4584	8
2	4585	500
2	4586	352
2	4586	886
2	4588	597
2	4589	104
2	4589	220
2	4589	567
2	4590	124
2	4591	636
2	4591	999
2	4592	164
2	4593	145
2	4594	509
2	4595	330
2	4597	201
2	4597	820
2	4598	675
2	4599	764
2	4599	783
2	4601	642
2	4602	17
2	4603	226
2	4605	639
2	4605	720
2	4608	322
2	4611	581
2	4612	919
2	4614	686
2	4616	667
2	4621	102
2	4623	433
2	4624	971
2	4625	379
2	4625	427
2	4625	825
2	4626	169
2	4627	100
2	4627	593
2	4628	893
2	4629	961
2	4633	640
2	4634	684
2	4634	734
2	4634	831
2	4635	118
2	4635	752
2	4636	452
2	4638	84
2	4638	151
2	4638	566
2	4639	757
2	4640	863
2	4643	89
2	4643	368
2	4644	754
2	4645	634
2	4646	37
2	4646	592
2	4647	109
2	4647	396
2	4648	211
2	4648	818
2	4648	881
2	4651	259
2	4651	523
2	4653	599
2	4654	74
2	4654	334
2	4654	464
2	4654	654
2	4655	374
2	4655	998
2	4659	144
2	4659	339
2	4659	689
2	4661	626
2	4662	206
2	4662	212
2	4662	708
2	4663	98
2	4663	695
2	4666	685
2	4667	565
2	4667	596
2	4667	715
2	4668	55
2	4668	79
2	4668	183
2	4668	741
2	4668	989
2	4668	1000
2	4670	345
2	4670	447
2	4671	242
2	4672	134
2	4672	563
2	4673	668
2	4674	984
2	4675	68
2	4675	486
2	4675	918
2	4676	150
2	4677	376
2	4677	395
2	4677	598
2	4678	191
2	4678	650
2	4681	574
2	4681	604
2	4681	687
2	4683	862
2	4684	437
2	4685	141
2	4685	510
2	4687	677
2	4688	67
2	4690	957
2	4691	342
2	4691	409
2	4691	909
2	4693	47
2	4693	421
2	4693	514
2	4693	994
2	4694	526
2	4695	338
2	4696	561
2	4697	213
2	4700	218
2	4701	420
2	4701	875
2	4702	882
2	4703	284
2	4703	819
2	4704	694
2	4706	86
2	4707	107
2	4707	341
2	4708	137
2	4710	795
2	4711	656
2	4712	207
2	4713	788
2	4713	850
2	4714	336
2	4714	646
2	4715	205
2	4715	356
2	4717	192
2	4717	950
2	4718	203
2	4719	166
2	4719	657
2	4720	245
2	4720	255
2	4720	344
2	4720	385
2	4720	568
2	4722	536
2	4722	613
2	4724	676
2	4724	970
2	4725	275
2	4726	236
2	4727	534
2	4727	767
2	4728	105
2	4728	293
2	4728	570
2	4730	281
2	4730	821
2	4731	361
2	4732	511
2	4732	749
2	4733	435
2	4733	790
2	4734	117
2	4735	410
2	4736	623
2	4737	196
2	4738	775
2	4743	612
2	4744	315
2	4744	451
2	4744	710
2	4745	224
2	4745	779
2	4746	419
2	4748	44
2	4749	28
2	4751	184
2	4751	214
2	4751	866
2	4752	19
2	4752	369
2	4752	605
2	4752	825
2	4753	555
2	4753	946
2	4754	484
2	4755	457
2	4756	505
2	4756	719
2	4757	643
2	4758	209
2	4758	943
2	4759	614
2	4762	569
2	4764	607
2	4764	675
2	4764	864
2	4765	104
2	4765	177
2	4765	394
2	4765	448
2	4767	402
2	4767	474
2	4767	698
2	4768	470
2	4770	154
2	4770	530
2	4770	748
2	4771	512
2	4772	480
2	4772	704
2	4772	730
2	4773	633
2	4774	176
2	4774	632
2	4774	639
2	4774	844
2	4776	547
2	4777	253
2	4777	562
2	4778	462
2	4778	572
2	4779	724
2	4781	871
2	4782	119
2	4782	190
2	4782	525
2	4783	186
2	4783	629
2	4785	256
2	4787	913
2	4787	978
2	4788	331
2	4789	768
2	4789	810
2	4790	840
2	4791	289
2	4791	674
2	4791	866
2	4793	979
2	4795	969
2	4796	375
2	4797	283
2	4800	167
2	4800	642
2	4802	583
2	4804	81
2	4805	914
2	4809	759
2	4810	426
2	4811	329
2	4812	310
2	4812	556
2	4812	696
2	4812	940
2	4813	415
2	4813	506
2	4814	349
2	4814	714
2	4819	660
2	4820	340
2	4820	508
2	4820	575
2	4821	101
2	4821	391
2	4821	403
2	4821	440
2	4821	782
2	4822	88
2	4822	308
2	4823	183
2	4823	669
2	4826	30
2	4827	62
2	4827	142
2	4827	371
2	4827	610
2	4828	404
2	4828	476
2	4828	684
2	4829	262
2	4829	625
2	4830	173
2	4830	377
2	4831	125
2	4831	594
2	4831	965
2	4832	15
2	4833	399
2	4833	757
2	4833	769
2	4833	893
2	4834	181
2	4834	436
2	4837	446
2	4837	761
2	4838	731
2	4838	824
2	4839	330
2	4840	409
2	4841	776
2	4842	433
2	4843	659
2	4844	490
2	4844	839
2	4845	113
2	4845	260
2	4846	56
2	4847	363
2	4848	379
2	4850	491
2	4851	232
2	4852	168
2	4852	234
2	4852	378
2	4852	813
2	4852	962
2	4853	657
2	4855	175
2	4855	608
2	4855	854
2	4856	519
2	4857	87
2	4859	10
2	4859	542
2	4860	95
2	4860	664
2	4861	208
2	4861	914
2	4862	617
2	4863	305
2	4863	486
2	4864	264
2	4864	895
2	4864	912
2	4865	611
2	4866	233
2	4866	539
2	4867	789
2	4867	876
2	4869	711
2	4870	353
2	4870	647
2	4870	869
2	4871	788
2	4871	800
2	4873	444
2	4873	504
2	4873	509
2	4874	86
2	4876	515
2	4876	630
2	4878	544
2	4878	734
2	4878	738
2	4879	318
2	4879	616
2	4880	713
2	4882	244
2	4882	384
2	4882	449
2	4882	754
2	4882	971
2	4883	351
2	4883	527
2	4884	78
2	4884	277
2	4884	538
2	4885	581
2	4887	228
2	4888	280
2	4888	853
2	4889	395
2	4890	223
2	4891	398
2	4892	55
2	4892	438
2	4892	623
2	4893	559
2	4895	357
2	4895	424
2	4895	637
2	4896	121
2	4898	541
2	4900	579
2	4900	720
2	4901	194
2	4901	358
2	4902	425
2	4902	658
2	4903	69
2	4904	838
2	4905	57
2	4907	408
2	4909	475
2	4910	821
2	4911	448
2	4911	646
2	4911	869
2	4911	923
2	4912	737
2	4915	240
2	4916	229
2	4918	940
2	4918	949
2	4920	129
2	4920	306
2	4920	841
2	4920	849
2	4922	503
2	4923	80
2	4924	247
2	4924	563
2	4926	783
2	4926	868
2	4928	156
2	4928	282
2	4928	655
2	4929	294
2	4930	822
2	4930	874
2	4931	291
2	4932	286
2	4932	346
2	4932	518
2	4933	582
2	4934	447
2	4935	752
2	4936	500
2	4936	591
2	4936	680
2	4940	54
2	4943	112
2	4943	181
2	4943	187
2	4943	454
2	4943	899
2	4944	337
2	4944	373
2	4944	963
2	4945	566
2	4947	106
2	4947	650
2	4947	685
2	4948	3
2	4950	7
2	4952	692
2	4953	71
2	4956	409
2	4956	853
2	4957	36
2	4957	861
2	4959	313
2	4960	350
2	4960	884
2	4960	909
2	4961	107
2	4961	237
2	4961	443
2	4961	603
2	4965	784
2	4966	131
2	4966	653
2	4967	700
2	4967	792
2	4968	26
2	4968	799
2	4970	27
2	4970	273
2	4970	331
2	4971	821
2	4972	5
2	4972	148
2	4972	804
2	4972	975
2	4973	50
2	4973	76
2	4974	209
2	4974	410
2	4977	146
2	4978	360
2	4978	745
2	4980	629
2	4981	23
2	4982	216
2	4982	742
2	4983	88
2	4983	366
2	4983	950
2	4984	931
2	4985	571
2	4986	130
2	4988	287
2	4989	119
2	4989	137
2	4989	947
2	4990	257
2	4990	772
2	4991	919
2	4992	263
2	4994	256
2	4994	715
2	4996	845
2	4997	115
2	4997	118
2	4997	323
2	4999	176
2	4999	193
2	4999	354
2	4999	958
