2	-1	0
2	1	254
2	4	356
2	4	573
2	5	396
2	5	429
2	5	794
2	6	120
2	8	42
2	8	296
2	8	398
2	8	748
2	12	614
2	12	752
2	13	178
2	13	446
2	13	767
2	14	211
2	15	463
2	15	469
2	15	763
2	18	95
2	21	989
2	22	340
2	22	355
2	28	165
2	29	481
2	31	386
2	34	87
2	37	57
2	38	152
2	39	436
2	39	538
2	44	854
2	45	144
2	45	249
2	49	348
2	49	404
2	49	690
2	50	790
2	53	379
2	54	21
2	54	427
2	54	483
2	56	443
2	57	212
2	57	868
2	59	115
2	61	91
2	62	158
2	65	245
2	66	20
2	66	96
2	66	467
2	66	704
2	67	204
2	70	575
2	71	347
2	72	703
2	72	749
2	73	79
2	73	100
2	73	104
2	74	685
2	74	978
2	77	440
2	77	779
2	77	850
2	79	505
2	79	765
2	80	200
2	81	40
2	82	279
2	86	464
2	86	652
2	88	18
2	88	606
2	89	824
2	90	628
2	90	839
2	91	421
2	91	710
2	93	711
2	95	997
2	96	258
2	98	373
2	99	551
2	100	207
2	100	793
2	101	494
2	102	277
2	103	177
2	105	170
2	105	673
2	105	869
2	107	299
2	107	491
2	107	888
2	109	604
2	110	387
2	110	782
2	112	228
2	112	901
2	113	41
2	115	357
2	115	432
2	116	16
2	116	410
2	116	590
2	116	745
2	118	557
2	118	655
2	119	871
2	120	111
2	121	905
2	122	431
2	123	199
2	123	409
2	123	465
2	124	615
2	125	469
2	125	974
2	127	77
2	127	571
2	127	713
2	127	732
2	128	24
2	130	68
2	130	584
2	130	591
2	130	804
2	131	280
2	133	282
2	133	919
2	134	639
2	134	781
2	135	312
2	135	346
2	135	472
2	137	413
2	137	461
2	138	116
2	139	152
2	139	418
2	139	564
2	140	622
2	142	86
2	142	97
2	142	233
2	142	367
2	142	627
2	143	106
2	143	621
2	145	692
2	146	660
2	148	118
2	149	515
2	149	903
2	150	784
2	151	274
2	151	343
2	151	378
2	151	495
2	151	696
2	152	223
2	154	983
2	155	167
2	156	956
2	156	974
2	157	392
2	158	777
2	158	967
2	159	242
2	159	406
2	159	678
2	159	861
2	160	183
2	160	214
2	160	452
2	160	741
2	161	599
2	162	755
2	163	355
2	163	697
2	164	772
2	165	287
2	165	681
2	167	45
2	167	758
2	167	837
2	168	203
2	169	488
2	169	712
2	169	748
2	169	939
2	169	953
2	170	272
2	171	374
2	172	285
2	172	525
2	172	547
2	174	878
2	175	133
2	175	724
2	176	975
2	178	386
2	179	725
2	179	744
2	180	53
2	182	333
2	183	749
2	183	799
2	183	908
2	184	85
2	184	539
2	185	787
2	185	905
2	187	90
2	188	390
2	189	195
2	189	802
2	189	888
2	190	205
2	193	995
2	194	602
2	196	544
2	196	986
2	199	750
2	200	344
2	201	48
2	203	73
2	203	503
2	203	546
2	204	161
2	205	626
2	205	861
2	207	680
2	208	723
2	209	175
2	209	671
2	210	497
2	211	683
2	212	6
2	214	463
2	215	168
2	215	217
2	215	677
2	216	766
2	217	586
2	218	446
2	218	969
2	219	59
2	219	753
2	220	428
2	220	573
2	221	117
2	221	391
2	222	82
2	223	634
2	224	18
2	224	592
2	224	637
2	225	402
2	226	15
2	227	113
2	227	232
2	229	109
2	230	143
2	230	506
2	230	607
2	230	754
2	231	260
2	231	336
2	232	49
2	232	99
2	232	289
2	234	146
2	234	708
2	234	720
2	236	869
2	237	904
2	238	858
2	239	605
2	240	616
2	241	219
2	242	352
2	242	610
2	243	325
2	243	589
2	244	559
2	244	752
2	244	919
2	246	368
2	246	629
2	247	388
2	247	609
2	248	511
2	249	83
2	249	401
2	249	715
2	250	900
2	250	982
2	251	124
2	252	350
2	252	767
2	253	265
2	253	775
2	254	345
2	255	306
2	255	371
2	255	434
2	255	846
2	260	522
2	260	557
2	261	600
2	262	450
2	262	542
2	263	598
2	264	533
2	265	327
2	265	404
2	268	322
2	268	691
2	268	711
2	268	801
2	270	676
2	272	177
2	272	855
2	273	455
2	273	658
2	273	960
2	274	307
2	274	558
2	276	845
2	277	152
2	278	393
2	279	115
2	282	101
2	283	771
2	284	96
2	288	484
2	289	382
2	289	695
2	290	663
2	290	822
2	291	136
2	292	184
2	292	760
2	293	104
2	294	466
2	295	224
2	296	492
2	297	126
2	297	743
2	297	911
2	298	417
2	298	603
2	299	514
2	299	668
2	300	313
2	300	574
2	302	17
2	302	288
2	303	7
2	303	358
2	303	923
2	304	271
2	304	781
2	304	877
2	305	266
2	305	606
2	305	736
2	305	891
2	305	962
2	306	535
2	306	672
2	307	255
2	307	639
2	308	12
2	308	580
2	309	366
2	310	886
2	311	921
2	312	103
2	312	268
2	312	554
2	313	331
2	315	346
2	315	852
2	316	963
2	317	682
2	319	108
2	319	579
2	319	659
2	321	279
2	323	293
2	324	134
2	327	386
2	328	340
2	328	851
2	329	20
2	330	406
2	330	422
2	334	76
2	335	256
2	335	899
2	336	786
2	337	908
2	338	843
2	339	114
2	339	437
2	339	590
2	341	561
2	342	689
2	344	86
2	344	829
2	345	510
2	346	483
2	346	840
2	347	78
2	347	421
2	348	62
2	348	970
2	350	432
2	351	718
2	352	214
2	352	698
2	355	855
2	356	456
2	357	763
2	357	785
2	358	297
2	358	405
2	359	270
2	359	396
2	359	645
2	361	774
2	362	486
2	362	978
2	363	389
2	364	227
2	364	644
2	365	247
2	365	410
2	366	602
2	366	638
2	367	23
2	368	796
2	369	85
2	370	219
2	370	878
2	371	145
2	371	737
2	372	734
2	373	918
2	374	632
2	375	530
2	376	853
2	376	930
2	378	618
2	379	342
2	381	42
2	381	525
2	382	858
2	383	516
2	384	443
2	385	490
2	385	777
2	388	537
2	388	830
2	390	423
2	390	817
2	391	835
2	391	981
2	392	489
2	392	571
2	392	794
2	395	243
2	396	194
2	396	315
2	398	700
2	400	372
2	401	129
2	402	122
2	402	207
2	402	418
2	402	482
2	403	251
2	403	569
2	405	623
2	405	973
2	406	273
2	407	84
2	407	636
2	407	646
2	408	45
2	408	151
2	408	714
2	411	889
2	412	57
2	412	788
2	414	343
2	414	501
2	414	693
2	420	26
2	421	534
2	421	789
2	422	769
2	422	793
2	424	3
2	425	112
2	430	720
2	430	915
2	431	591
2	433	731
2	434	387
2	437	879
2	438	559
2	439	507
2	442	511
2	445	367
2	445	728
2	445	787
2	448	47
2	450	37
2	450	722
2	451	350
2	452	685
2	453	908
2	454	32
2	454	286
2	454	291
2	455	831
2	456	454
2	457	409
2	457	699
2	457	950
2	458	1
2	460	241
2	460	438
2	460	595
2	461	157
2	461	161
2	462	259
2	463	335
2	463	605
2	464	105
2	465	451
2	467	544
2	467	997
2	468	177
2	469	91
2	469	94
2	469	391
2	469	910
2	470	202
2	470	526
2	470	666
2	471	181
2	471	696
2	471	889
2	472	316
2	474	240
2	475	68
2	475	578
2	476	261
2	476	321
2	476	633
2	477	782
2	479	274
2	479	424
2	479	607
2	480	58
2	481	862
2	481	868
2	483	778
2	484	333
2	484	662
2	488	780
2	489	150
2	489	987
2	491	366
2	492	225
2	493	536
2	493	574
2	493	912
2	494	77
2	495	205
2	496	109
2	497	44
2	497	178
2	497	643
2	498	467
2	498	532
2	498	946
2	499	807
2	500	285
2	500	413
2	500	760
2	501	339
2	504	278
2	504	797
2	505	433
2	506	935
2	508	213
2	508	664
2	509	192
2	510	208
2	510	473
2	510	552
2	510	651
2	512	752
2	514	107
2	516	21
2	516	106
2	517	499
2	519	103
2	521	873
2	522	506
2	522	554
2	522	743
2	524	401
2	524	423
2	524	981
2	525	89
2	525	279
2	526	65
2	526	170
2	527	71
2	527	383
2	527	630
2	530	270
2	530	766
2	531	474
2	531	604
2	534	59
2	534	641
2	534	843
2	535	542
2	537	14
2	537	341
2	537	988
2	538	446
2	540	187
2	540	310
2	540	724
2	541	31
2	541	896
2	542	874
2	544	903
2	545	121
2	546	10
2	547	785
2	549	340
2	549	483
2	549	892
2	550	130
2	550	266
2	550	603
2	551	97
2	552	260
2	552	661
2	553	302
2	553	626
2	554	758
2	555	686
2	557	375
2	557	503
2	558	572
2	558	587
2	558	588
2	558	870
2	559	104
2	559	776
2	562	271
2	563	8
2	563	614
2	564	360
2	564	573
2	564	704
2	565	126
2	565	338
2	565	877
2	565	954
2	568	221
2	568	357
2	568	665
2	569	507
2	570	994
2	571	163
2	572	979
2	574	566
2	576	15
2	577	522
2	579	110
2	580	358
2	583	49
2	583	322
2	586	311
2	586	783
2	587	345
2	587	738
2	588	450
2	589	120
2	590	96
2	590	115
2	591	718
2	591	812
2	592	140
2	593	300
2	594	995
2	595	183
2	595	631
2	595	674
2	595	838
2	596	127
2	597	556
2	598	331
2	600	526
2	600	705
2	602	364
2	602	379
2	602	524
2	602	747
2	602	761
2	603	287
2	605	335
2	605	708
2	606	441
2	607	7
2	607	94
2	607	553
2	608	226
2	608	281
2	609	795
2	610	201
2	611	173
2	611	382
2	611	612
2	613	233
2	613	757
2	615	182
2	615	320
2	615	490
2	616	529
2	616	540
2	616	750
2	616	773
2	617	386
2	617	659
2	618	90
2	618	254
2	618	557
2	619	6
2	619	122
2	619	429
2	619	602
2	620	762
2	622	228
2	622	395
2	622	425
2	622	784
2	624	109
2	624	269
2	624	637
2	624	807
2	625	412
2	626	537
2	628	289
2	629	249
2	630	796
2	631	19
2	631	703
2	631	904
2	633	365
2	633	848
2	634	452
2	635	436
2	635	606
2	636	79
2	636	232
2	637	706
2	640	543
2	641	334
2	641	560
2	642	657
2	643	295
2	644	609
2	645	552
2	645	973
2	648	562
2	650	223
2	650	337
2	650	886
2	651	535
2	651	971
2	652	800
2	653	575
2	654	468
2	654	723
2	655	67
2	656	576
2	657	91
2	657	836
2	658	48
2	658	69
2	658	119
2	658	647
2	658	868
2	659	198
2	659	385
2	659	458
2	659	730
2	659	970
2	660	919
2	661	362
2	663	23
2	664	759
2	665	370
2	666	262
2	667	26
2	668	505
2	668	548
2	669	582
2	670	579
2	670	716
2	671	489
2	673	246
2	673	284
2	673	876
2	674	845
2	675	199
2	675	462
2	676	688
2	676	771
2	678	166
2	678	497
2	678	566
2	678	656
2	679	517
2	679	666
2	681	448
2	682	574
2	683	280
2	684	238
2	686	397
2	690	71
2	691	208
2	692	268
2	693	123
2	693	981
2	694	518
2	694	618
2	695	53
2	696	598
2	697	431
2	698	527
2	699	691
2	701	496
2	703	293
2	703	977
2	704	313
2	704	835
2	706	239
2	707	37
2	707	491
2	707	523
2	707	628
2	710	68
2	710	473
2	711	670
2	712	296
2	712	627
2	714	54
2	714	154
2	715	225
2	715	849
2	717	51
2	718	288
2	718	417
2	720	161
2	720	314
2	720	435
2	720	658
2	721	428
2	721	862
2	723	389
2	724	594
2	724	634
2	724	816
2	724	839
2	725	150
2	725	376
2	726	157
2	726	451
2	726	722
2	726	768
2	727	426
2	728	407
2	728	619
2	729	354
2	730	297
2	731	305
2	732	76
2	732	356
2	732	479
2	733	103
2	733	558
2	734	472
2	734	511
2	734	950
2	735	536
2	736	346
2	737	94
2	738	125
2	739	408
2	739	817
2	741	845
2	743	533
2	744	352
2	744	411
2	745	793
2	747	625
2	747	792
2	749	616
2	750	263
2	750	341
2	751	663
2	753	866
2	754	167
2	754	299
2	754	673
2	759	180
2	759	301
2	759	882
2	762	747
2	762	954
2	763	839
2	763	889
2	765	153
2	765	561
2	766	578
2	767	5
2	767	951
2	769	214
2	770	466
2	770	753
2	772	635
2	773	24
2	773	433
2	775	97
2	775	464
2	776	12
2	777	443
2	777	698
2	778	814
2	778	865
2	779	953
2	780	254
2	780	657
2	781	89
2	781	163
2	781	230
2	781	841
2	783	685
2	784	184
2	786	732
2	790	377
2	791	80
2	791	373
2	792	118
2	792	164
2	795	56
2	798	10
2	798	493
2	800	95
2	800	212
2	800	818
2	801	102
2	801	607
2	801	815
2	803	234
2	805	127
2	805	848
2	807	498
2	807	888
2	808	398
2	809	222
2	809	610
2	810	681
2	811	321
2	812	537
2	812	856
2	812	905
2	813	168
2	813	978
2	814	231
2	814	718
2	815	613
2	816	615
2	819	729
2	820	551
2	821	106
2	821	247
2	821	383
2	822	710
2	822	944
2	823	374
2	823	648
2	825	499
2	825	660
2	827	655
2	827	910
2	828	86
2	828	173
2	828	617
2	829	415
2	831	430
2	832	100
2	832	520
2	832	566
2	833	225
2	833	724
2	834	177
2	834	323
2	835	85
2	835	270
2	835	516
2	835	794
2	838	165
2	838	508
2	840	705
2	843	641
2	843	712
2	843	786
2	847	564
2	848	553
2	850	386
2	850	609
2	851	262
2	851	513
2	852	602
2	852	974
2	855	568
2	857	453
2	858	62
2	858	298
2	859	526
2	860	650
2	860	842
2	861	220
2	861	340
2	863	391
2	864	115
2	866	416
2	866	524
2	866	802
2	868	55
2	868	703
2	869	33
2	869	47
2	870	693
2	870	787
2	873	159
2	874	756
2	874	946
2	875	790
2	875	937
2	876	103
2	877	511
2	877	727
2	878	77
2	878	363
2	879	241
2	880	27
2	880	258
2	886	793
2	886	811
2	888	728
2	888	801
2	889	244
2	891	465
2	893	160
2	893	461
2	893	972
2	894	75
2	896	221
2	899	379
2	900	425
2	901	166
2	902	83
2	902	250
2	902	578
2	905	338
2	906	6
2	906	188
2	906	251
2	906	515
2	907	831
2	908	161
2	909	878
2	910	82
2	910	286
2	910	830
2	911	400
2	911	570
2	912	527
2	912	735
2	913	479
2	913	518
2	913	700
2	914	522
2	914	716
2	915	601
2	916	249
2	917	579
2	918	512
2	918	769
2	921	466
2	921	661
2	922	571
2	923	59
2	923	534
2	924	28
2	924	210
2	924	365
2	924	763
2	925	533
2	925	679
2	926	66
2	926	546
2	926	595
2	926	908
2	928	536
2	930	9
2	930	18
2	931	3
2	931	174
2	932	16
2	932	325
2	932	669
2	932	695
2	935	245
2	935	506
2	936	178
2	936	806
2	937	431
2	938	209
2	940	142
2	940	482
2	941	422
2	942	120
2	942	228
2	943	359
2	943	559
2	945	94
2	945	277
2	945	587
2	946	375
2	946	869
2	947	208
2	947	233
2	950	689
2	951	201
2	951	266
2	952	307
2	952	697
2	953	608
2	954	599
2	955	584
2	957	333
2	957	445
2	957	951
2	958	450
2	959	291
2	959	330
2	959	448
2	959	898
2	959	987
2	960	349
2	962	126
2	962	616
2	963	403
2	965	912
2	967	721
2	967	723
2	967	996
2	968	42
2	968	172
2	968	631
2	968	694
2	968	931
2	969	376
2	971	175
2	971	271
2	972	538
2	973	238
2	973	548
2	975	301
2	975	796
2	975	810
2	976	732
2	977	630
2	977	745
2	978	846
2	979	747
2	979	757
2	980	484
2	980	776
2	981	169
2	983	40
2	985	541
2	985	675
2	986	88
2	987	224
2	987	767
2	988	308
2	988	318
2	988	958
2	990	108
2	990	124
2	991	332
2	991	718
2	992	771
2	993	739
2	994	657
2	995	404
2	996	314
2	996	620
2	996	985
2	997	537
2	998	364
2	999	143
2	1001	119
2	1001	865
2	1003	276
2	1003	682
2	1005	196
2	1005	702
2	1006	23
2	1007	254
2	1007	795
2	1009	103
2	1010	173
2	1011	353
2	1011	483
2	1012	676
2	1012	981
2	1016	250
2	1016	759
2	1016	980
2	1019	663
2	1020	153
2	1020	714
2	1021	19
2	1021	774
2	1022	44
2	1022	430
2	1022	585
2	1022	761
2	1022	762
2	1023	92
2	1024	344
2	1025	467
2	1025	703
2	1025	830
2	1026	134
2	1027	275
2	1028	152
2	1028	177
2	1028	415
2	1028	791
2	1028	814
2	1029	347
2	1030	360
2	1030	457
2	1030	597
2	1030	766
2	1032	11
2	1033	31
2	1033	610
2	1034	701
2	1034	711
2	1035	61
2	1036	535
2	1036	946
2	1037	598
2	1038	436
2	1038	892
2	1039	295
2	1039	299
2	1040	114
2	1040	386
2	1042	113
2	1042	370
2	1042	860
2	1043	583
2	1044	89
2	1044	296
2	1044	452
2	1044	798
2	1045	494
2	1045	653
2	1045	952
2	1046	127
2	1047	60
2	1049	268
2	1050	262
2	1050	851
2	1052	102
2	1052	715
2	1054	471
2	1055	129
2	1055	157
2	1055	809
2	1056	288
2	1057	412
2	1058	357
2	1058	476
2	1059	105
2	1061	280
2	1062	58
2	1062	660
2	1064	146
2	1064	603
2	1065	117
2	1065	128
2	1066	78
2	1066	257
2	1066	995
2	1067	513
2	1068	240
2	1069	215
2	1069	827
2	1070	125
2	1070	162
2	1070	639
2	1071	158
2	1072	435
2	1072	517
2	1072	789
2	1073	338
2	1074	691
2	1074	807
2	1075	416
2	1076	112
2	1076	231
2	1076	777
2	1077	246
2	1077	462
2	1078	131
2	1078	372
2	1078	507
2	1079	458
2	1079	463
2	1080	910
2	1081	168
2	1081	560
2	1082	137
2	1082	163
2	1082	879
2	1083	558
2	1083	625
2	1083	668
2	1084	819
2	1085	38
2	1087	247
2	1087	269
2	1087	786
2	1088	459
2	1088	477
2	1089	414
2	1089	621
2	1090	474
2	1091	74
2	1091	548
2	1091	832
2	1092	55
2	1092	197
2	1093	530
2	1094	950
2	1095	291
2	1095	293
2	1096	503
2	1096	674
2	1100	650
2	1101	289
2	1103	204
2	1103	292
2	1103	405
2	1103	502
2	1103	874
2	1104	561
2	1106	823
2	1107	68
2	1108	500
2	1108	748
2	1109	221
2	1109	797
2	1110	237
2	1110	265
2	1111	65
2	1112	248
2	1112	638
2	1114	499
2	1115	369
2	1116	341
2	1116	388
2	1117	472
2	1119	311
2	1119	571
2	1122	5
2	1122	39
2	1122	579
2	1123	235
2	1123	449
2	1123	620
2	1123	855
2	1123	1000
2	1125	140
2	1127	88
2	1127	330
2	1127	622
2	1127	816
2	1129	312
2	1129	687
2	1131	392
2	1131	658
2	1131	828
2	1132	879
2	1134	408
2	1134	434
2	1138	863
2	1139	264
2	1139	323
2	1141	747
2	1142	304
2	1142	454
2	1144	329
2	1144	645
2	1145	497
2	1149	252
2	1149	659
2	1150	407
2	1150	934
2	1151	453
2	1152	233
2	1154	628
2	1159	99
2	1159	675
2	1160	142
2	1160	244
2	1161	20
2	1164	521
2	1165	245
2	1165	433
2	1165	983
2	1166	399
2	1167	654
2	1171	680
2	1173	344
2	1174	910
2	1175	362
2	1175	505
2	1175	609
2	1177	98
2	1178	72
2	1179	717
2	1181	66
2	1181	863
2	1182	488
2	1184	189
2	1184	929
2	1185	704
2	1185	772
2	1186	719
2	1188	195
2	1188	830
2	1192	826
2	1193	155
2	1193	696
2	1195	589
2	1196	41
2	1196	396
2	1196	551
2	1198	242
2	1198	547
2	1199	208
2	1199	796
2	1200	70
2	1200	124
2	1200	728
2	1201	356
2	1201	394
2	1203	683
2	1203	762
2	1204	506
2	1204	612
2	1204	808
2	1205	192
2	1205	439
2	1205	447
2	1206	123
2	1206	608
2	1207	876
2	1208	133
2	1208	375
2	1209	969
2	1210	682
2	1211	414
2	1211	443
2	1211	634
2	1212	182
2	1213	368
2	1213	642
2	1216	85
2	1216	181
2	1216	352
2	1218	56
2	1218	467
2	1218	582
2	1219	669
2	1221	7
2	1221	843
2	1224	246
2	1224	703
2	1230	162
2	1232	737
2	1233	465
2	1233	710
2	1234	421
2	1235	176
2	1235	235
2	1236	231
2	1237	720
2	1237	851
2	1240	239
2	1240	597
2	1240	804
2	1242	21
2	1244	221
2	1245	417
2	1246	343
2	1248	30
2	1249	284
2	1249	709
2	1249	733
2	1250	75
2	1250	188
2	1251	12
2	1252	422
2	1252	517
2	1252	755
2	1254	960
2	1255	410
2	1257	191
2	1257	835
2	1257	947
2	1262	168
2	1262	282
2	1262	857
2	1263	493
2	1265	444
2	1265	693
2	1265	830
2	1266	54
2	1267	39
2	1267	376
2	1267	604
2	1268	635
2	1270	45
2	1270	629
2	1270	672
2	1270	697
2	1270	839
2	1271	473
2	1272	732
2	1274	211
2	1274	840
2	1275	27
2	1277	8
2	1277	684
2	1277	990
2	1278	832
2	1282	432
2	1282	736
2	1284	424
2	1284	491
2	1284	769
2	1285	650
2	1287	190
2	1288	214
2	1288	937
2	1289	32
2	1289	949
2	1291	34
2	1291	623
2	1291	727
2	1291	780
2	1294	23
2	1294	156
2	1295	220
2	1295	259
2	1295	278
2	1296	928
2	1297	602
2	1298	136
2	1298	272
2	1298	322
2	1298	794
2	1300	598
2	1300	606
2	1302	382
2	1302	911
2	1303	129
2	1303	984
2	1305	721
2	1308	378
2	1309	37
2	1309	163
2	1310	171
2	1312	464
2	1313	750
2	1313	785
2	1313	789
2	1316	95
2	1318	310
2	1320	290
2	1321	524
2	1323	753
2	1324	568
2	1325	222
2	1325	716
2	1326	685
2	1326	711
2	1328	509
2	1330	515
2	1330	734
2	1330	783
2	1333	122
2	1334	177
2	1335	712
2	1337	454
2	1337	556
2	1337	800
2	1337	971
2	1338	451
2	1338	632
2	1338	973
2	1339	187
2	1340	972
2	1341	40
2	1342	475
2	1342	511
2	1344	173
2	1344	390
2	1344	726
2	1345	4
2	1345	89
2	1345	538
2	1347	19
2	1348	440
2	1348	558
2	1348	934
2	1350	92
2	1350	281
2	1350	522
2	1351	225
2	1353	141
2	1353	960
2	1355	330
2	1357	663
2	1360	139
2	1360	146
2	1360	881
2	1361	116
2	1361	484
2	1361	579
2	1362	371
2	1367	99
2	1368	72
2	1368	159
2	1369	946
2	1373	412
2	1373	479
2	1373	498
2	1373	840
2	1373	902
2	1376	31
2	1376	496
2	1379	675
2	1382	16
2	1382	258
2	1383	368
2	1384	228
2	1384	561
2	1384	909
2	1385	886
2	1386	719
2	1387	12
2	1387	62
2	1388	100
2	1388	170
2	1388	595
2	1388	891
2	1389	66
2	1389	158
2	1390	461
2	1391	81
2	1391	312
2	1391	431
2	1391	741
2	1391	895
2	1392	147
2	1392	291
2	1392	377
2	1394	401
2	1396	487
2	1396	830
2	1397	42
2	1397	298
2	1397	423
2	1398	276
2	1398	666
2	1399	271
2	1400	231
2	1400	608
2	1400	940
2	1401	799
2	1402	383
2	1403	856
2	1403	933
2	1404	407
2	1404	709
2	1404	776
2	1405	238
2	1405	617
2	1406	102
2	1406	391
2	1406	442
2	1406	911
2	1407	774
2	1408	488
2	1411	357
2	1412	536
2	1413	381
2	1414	215
2	1414	266
2	1415	242
2	1415	562
2	1415	983
2	1417	17
2	1417	201
2	1419	59
2	1419	88
2	1420	255
2	1421	664
2	1422	476
2	1423	154
2	1424	677
2	1425	770
2	1426	183
2	1426	528
2	1427	160
2	1427	375
2	1428	746
2	1429	394
2	1429	618
2	1429	962
2	1430	176
2	1433	260
2	1433	708
2	1434	240
2	1436	27
2	1436	791
2	1436	843
2	1437	76
2	1437	928
2	1438	18
2	1440	906
2	1441	314
2	1441	696
2	1442	63
2	1443	636
2	1444	722
2	1445	775
2	1446	83
2	1446	114
2	1446	621
2	1447	233
2	1449	208
2	1449	426
2	1449	647
2	1449	895
2	1450	845
2	1451	520
2	1452	360
2	1452	649
2	1454	673
2	1455	413
2	1456	192
2	1456	548
2	1458	338
2	1459	311
2	1460	287
2	1460	550
2	1460	577
2	1460	605
2	1461	629
2	1461	638
2	1461	948
2	1462	274
2	1462	740
2	1463	320
2	1464	144
2	1464	541
2	1466	400
2	1467	648
2	1468	516
2	1469	128
2	1469	169
2	1470	580
2	1471	303
2	1472	631
2	1472	652
2	1473	755
2	1476	103
2	1476	342
2	1476	356
2	1476	505
2	1477	738
2	1477	931
2	1477	945
2	1477	990
2	1478	370
2	1479	307
2	1479	402
2	1480	840
2	1481	126
2	1482	87
2	1484	319
2	1484	333
2	1485	686
2	1488	189
2	1488	504
2	1488	871
2	1489	472
2	1489	681
2	1491	58
2	1491	222
2	1491	685
2	1491	892
2	1492	275
2	1492	323
2	1492	485
2	1492	639
2	1493	90
2	1493	806
2	1494	455
2	1495	564
2	1496	510
2	1497	290
2	1497	610
2	1497	825
2	1497	967
2	1498	650
2	1498	795
2	1500	702
2	1500	988
2	1501	554
2	1501	628
2	1502	203
2	1503	263
2	1504	173
2	1504	824
2	1505	571
2	1506	134
2	1507	915
2	1508	710
2	1509	316
2	1509	432
2	1510	84
2	1510	149
2	1510	421
2	1511	732
2	1513	430
2	1514	676
2	1514	724
2	1514	890
2	1515	405
2	1516	619
2	1516	668
2	1517	196
2	1518	748
2	1521	644
2	1522	243
2	1522	951
2	1523	164
2	1523	513
2	1523	982
2	1524	558
2	1524	627
2	1524	720
2	1524	811
2	1524	845
2	1524	891
2	1525	95
2	1527	393
2	1527	437
2	1528	741
2	1530	797
2	1531	232
2	1531	835
2	1533	366
2	1533	545
2	1534	457
2	1535	793
2	1537	133
2	1537	234
2	1538	157
2	1538	259
2	1538	721
2	1539	798
2	1540	295
2	1540	909
2	1542	419
2	1543	385
2	1545	119
2	1545	651
2	1546	348
2	1547	178
2	1547	462
2	1550	199
2	1552	942
2	1553	747
2	1554	716
2	1554	907
2	1555	537
2	1557	633
2	1560	698
2	1561	684
2	1564	483
2	1565	139
2	1566	604
2	1567	204
2	1568	588
2	1569	245
2	1570	428
2	1573	266
2	1573	612
2	1574	54
2	1574	382
2	1574	527
2	1574	701
2	1575	665
2	1576	784
2	1577	92
2	1578	590
2	1579	279
2	1579	645
2	1579	760
2	1582	163
2	1583	197
2	1584	91
2	1584	352
2	1584	865
2	1584	985
2	1585	85
2	1585	557
2	1585	898
2	1587	526
2	1587	601
2	1587	700
2	1588	152
2	1588	195
2	1588	735
2	1590	102
2	1591	883
2	1592	185
2	1592	387
2	1592	418
2	1592	663
2	1593	659
2	1593	922
2	1594	288
2	1595	262
2	1595	737
2	1596	506
2	1597	736
2	1599	88
2	1599	100
2	1599	427
2	1601	270
2	1601	971
2	1602	154
2	1602	516
2	1603	256
2	1603	519
2	1605	942
2	1606	52
2	1607	287
2	1607	446
2	1609	217
2	1609	654
2	1612	184
2	1613	190
2	1613	548
2	1614	253
2	1614	469
2	1614	621
2	1614	772
2	1615	117
2	1615	912
2	1616	17
2	1616	32
2	1616	717
2	1617	281
2	1617	643
2	1619	790
2	1621	297
2	1621	398
2	1621	669
2	1624	490
2	1624	677
2	1624	770
2	1625	482
2	1626	866
2	1627	249
2	1627	255
2	1627	487
2	1627	556
2	1628	30
2	1628	130
2	1628	283
2	1629	900
2	1629	918
2	1633	497
2	1634	252
2	1635	409
2	1636	293
2	1638	583
2	1639	7
2	1639	77
2	1640	58
2	1641	183
2	1641	605
2	1641	757
2	1643	40
2	1643	211
2	1644	332
2	1645	189
2	1645	623
2	1646	450
2	1646	635
2	1647	740
2	1648	349
2	1648	542
2	1650	401
2	1651	343
2	1651	796
2	1652	371
2	1652	533
2	1652	703
2	1653	269
2	1653	505
2	1653	529
2	1653	600
2	1654	127
2	1654	474
2	1654	803
2	1655	325
2	1655	515
2	1656	692
2	1657	194
2	1657	980
2	1658	10
2	1658	788
2	1658	869
2	1659	608
2	1659	899
2	1662	116
2	1662	158
2	1662	967
2	1664	122
2	1665	655
2	1668	725
2	1670	261
2	1670	554
2	1672	73
2	1672	629
2	1673	237
2	1676	898
2	1677	57
2	1677	320
2	1677	568
2	1678	451
2	1678	673
2	1678	841
2	1680	292
2	1682	666
2	1682	839
2	1683	259
2	1683	274
2	1685	244
2	1686	921
2	1687	339
2	1688	138
2	1688	678
2	1688	858
2	1688	951
2	1690	479
2	1690	552
2	1690	560
2	1691	369
2	1692	175
2	1692	782
2	1693	48
2	1694	224
2	1694	821
2	1695	329
2	1695	539
2	1698	318
2	1702	405
2	1703	198
2	1704	367
2	1704	773
2	1705	317
2	1705	518
2	1706	335
2	1706	713
2	1706	927
2	1707	733
2	1711	528
2	1712	507
2	1713	136
2	1713	781
2	1714	484
2	1715	578
2	1715	702
2	1716	106
2	1716	393
2	1717	535
2	1718	311
2	1718	312
2	1718	658
2	1719	113
2	1719	399
2	1721	404
2	1723	103
2	1723	899
2	1724	670
2	1725	359
2	1726	41
2	1726	423
2	1727	241
2	1727	475
2	1727	550
2	1728	622
2	1729	110
2	1729	125
2	1729	165
2	1730	86
2	1730	453
2	1730	592
2	1732	203
2	1732	783
2	1733	256
2	1733	748
2	1734	457
2	1734	994
2	1735	226
2	1735	441
2	1735	585
2	1735	657
2	1735	739
2	1736	370
2	1736	472
2	1736	649
2	1737	162
2	1737	651
2	1738	540
2	1738	964
2	1739	299
2	1740	712
2	1740	800
2	1740	820
2	1741	229
2	1742	430
2	1742	571
2	1743	250
2	1743	488
2	1743	952
2	1743	965
2	1744	291
2	1744	375
2	1745	376
2	1745	991
2	1746	206
2	1746	738
2	1747	520
2	1747	541
2	1748	212
2	1748	923
2	1749	68
2	1750	234
2	1750	849
2	1752	706
2	1752	760
2	1753	351
2	1753	814
2	1755	601
2	1756	8
2	1757	102
2	1758	654
2	1758	838
2	1758	894
2	1759	494
2	1760	675
2	1762	778
2	1762	793
2	1762	920
2	1764	637
2	1765	54
2	1765	230
2	1766	6
2	1768	284
2	1769	210
2	1770	521
2	1774	408
2	1774	634
2	1775	880
2	1776	205
2	1777	566
2	1778	745
2	1779	330
2	1779	461
2	1781	697
2	1781	761
2	1781	858
2	1782	32
2	1784	397
2	1788	641
2	1790	38
2	1790	80
2	1791	46
2	1791	767
2	1793	30
2	1794	630
2	1797	189
2	1797	220
2	1797	431
2	1798	598
2	1799	743
2	1799	946
2	1801	35
2	1805	493
2	1806	218
2	1809	119
2	1809	263
2	1810	214
2	1812	322
2	1812	543
2	1812	639
2	1814	258
2	1814	450
2	1814	823
2	1814	987
2	1815	329
2	1815	776
2	1817	79
2	1819	434
2	1821	89
2	1821	426
2	1821	460
2	1822	587
2	1823	276
2	1823	974
2	1824	249
2	1824	443
2	1825	209
2	1825	574
2	1825	711
2	1825	942
2	1826	97
2	1826	640
2	1827	144
2	1827	306
2	1829	100
2	1831	78
2	1831	615
2	1831	788
2	1832	11
2	1832	357
2	1833	182
2	1833	775
2	1833	972
2	1836	567
2	1837	48
2	1837	187
2	1838	298
2	1840	55
2	1840	188
2	1840	289
2	1840	796
2	1842	75
2	1842	452
2	1843	96
2	1843	193
2	1843	227
2	1843	473
2	1843	708
2	1844	309
2	1845	464
2	1847	31
2	1848	110
2	1848	536
2	1850	314
2	1850	524
2	1850	713
2	1851	17
2	1851	613
2	1851	668
2	1852	302
2	1853	478
2	1853	670
2	1854	299
2	1854	803
2	1855	158
2	1855	310
2	1856	116
2	1856	204
2	1857	413
2	1858	104
2	1858	248
2	1861	132
2	1861	952
2	1863	410
2	1864	356
2	1864	400
2	1864	710
2	1865	262
2	1865	554
2	1865	754
2	1866	61
2	1867	45
2	1867	420
2	1869	651
2	1869	769
2	1869	882
2	1870	589
2	1871	414
2	1871	753
2	1872	592
2	1873	133
2	1873	156
2	1873	194
2	1873	305
2	1874	290
2	1875	41
2	1875	562
2	1876	518
2	1879	137
2	1879	959
2	1880	417
2	1880	533
2	1881	401
2	1882	732
2	1882	937
2	1884	970
2	1887	59
2	1889	1
2	1889	250
2	1891	751
2	1891	809
2	1893	580
2	1895	547
2	1895	912
2	1896	505
2	1898	281
2	1900	432
2	1903	173
2	1904	94
2	1905	447
2	1908	60
2	1908	287
2	1909	629
2	1911	730
2	1911	977
2	1912	174
2	1914	641
2	1915	718
2	1916	331
2	1916	337
2	1916	612
2	1916	932
2	1919	428
2	1920	679
2	1921	114
2	1922	101
2	1922	120
2	1922	506
2	1922	559
2	1922	659
2	1922	686
2	1924	534
2	1924	655
2	1925	142
2	1925	653
2	1925	772
2	1927	21
2	1927	208
2	1927	528
2	1927	888
2	1928	223
2	1929	157
2	1929	531
2	1930	936
2	1932	690
2	1932	748
2	1933	916
2	1934	271
2	1934	896
2	1935	273
2	1935	650
2	1935	894
2	1936	5
2	1936	178
2	1936	372
2	1937	917
2	1937	957
2	1938	181
2	1938	216
2	1938	499
2	1939	72
2	1939	354
2	1940	151
2	1940	633
2	1940	756
2	1941	136
2	1943	812
2	1944	449
2	1945	685
2	1946	243
2	1947	363
2	1949	351
2	1949	380
2	1949	390
2	1949	746
2	1950	197
2	1950	284
2	1952	215
2	1952	257
2	1952	398
2	1954	729
2	1954	738
2	1955	240
2	1956	602
2	1957	109
2	1957	376
2	1957	571
2	1958	762
2	1959	164
2	1960	152
2	1962	429
2	1963	493
2	1964	128
2	1965	863
2	1966	842
2	1967	202
2	1967	678
2	1967	875
2	1968	462
2	1969	106
2	1970	654
2	1970	874
2	1971	553
2	1972	335
2	1973	328
2	1973	455
2	1973	822
2	1974	161
2	1975	100
2	1975	550
2	1976	303
2	1977	13
2	1977	388
2	1978	349
2	1978	991
2	1979	167
2	1979	457
2	1980	242
2	1980	252
2	1982	841
2	1983	227
2	1983	278
2	1983	819
2	1985	444
2	1986	4
2	1986	311
2	1987	662
2	1988	951
2	1989	22
2	1989	186
2	1989	950
2	1991	370
2	1991	857
2	1992	133
2	1993	892
2	1993	936
2	1993	942
2	1995	987
2	1997	424
2	1997	859
2	1998	87
2	1998	105
2	2000	799
2	2002	34
2	2003	51
2	2005	126
2	2005	573
2	2008	464
2	2008	538
2	2009	155
2	2010	789
2	2012	226
2	2013	710
2	2013	736
2	2014	64
2	2015	119
2	2015	411
2	2015	745
2	2018	196
2	2019	431
2	2020	551
2	2021	636
2	2022	163
2	2022	169
2	2022	812
2	2023	307
2	2023	597
2	2023	821
2	2024	86
2	2024	230
2	2024	368
2	2024	871
2	2026	405
2	2027	275
2	2029	437
2	2030	175
2	2030	490
2	2030	521
2	2031	279
2	2032	251
2	2034	323
2	2035	16
2	2035	419
2	2037	46
2	2037	114
2	2037	622
2	2038	498
2	2038	577
2	2039	17
2	2039	47
2	2039	574
2	2040	728
2	2040	761
2	2040	861
2	2041	412
2	2042	19
2	2042	648
2	2043	647
2	2044	48
2	2044	705
2	2045	127
2	2046	450
2	2046	474
2	2047	385
2	2047	406
2	2047	940
2	2048	556
2	2049	26
2	2049	579
2	2050	569
2	2052	23
2	2052	88
2	2052	459
2	2052	788
2	2054	282
2	2055	389
2	2055	468
2	2055	567
2	2056	670
2	2056	798
2	2057	93
2	2057	101
2	2057	131
2	2057	583
2	2059	572
2	2059	987
2	2060	563
2	2060	887
2	2061	153
2	2061	154
2	2061	666
2	2062	107
2	2062	927
2	2063	720
2	2063	743
2	2065	589
2	2065	639
2	2065	880
2	2070	512
2	2070	853
2	2071	557
2	2072	610
2	2073	270
2	2075	1000
2	2076	866
2	2076	868
2	2078	25
2	2081	600
2	2081	790
2	2082	888
2	2083	471
2	2084	651
2	2086	238
2	2086	430
2	2086	488
2	2086	751
2	2086	843
2	2087	180
2	2089	840
2	2091	12
2	2091	236
2	2091	245
2	2092	954
2	2093	199
2	2093	286
2	2095	147
2	2095	643
2	2095	795
2	2096	309
2	2097	225
2	2098	624
2	2099	2
2	2099	33
2	2099	426
2	2099	530
2	2099	727
2	2100	6
2	2100	369
2	2100	454
2	2100	592
2	2102	263
2	2102	274
2	2103	284
2	2103	436
2	2104	21
2	2104	864
2	2104	991
2	2105	760
2	2105	809
2	2106	292
2	2107	150
2	2107	172
2	2108	312
2	2109	499
2	2111	376
2	2111	962
2	2112	668
2	2113	136
2	2113	692
2	2113	972
2	2115	433
2	2115	491
2	2115	693
2	2118	685
2	2120	351
2	2121	139
2	2122	301
2	2122	383
2	2122	797
2	2124	415
2	2124	694
2	2125	122
2	2125	718
2	2126	401
2	2127	92
2	2130	526
2	2130	933
2	2131	463
2	2131	707
2	2133	755
2	2133	778
2	2133	862
2	2134	347
2	2134	420
2	2135	300
2	2135	344
2	2135	690
2	2136	74
2	2136	719
2	2137	740
2	2138	177
2	2139	655
2	2141	69
2	2141	168
2	2141	570
2	2142	455
2	2144	517
2	2146	27
2	2146	609
2	2147	988
2	2148	34
2	2151	169
2	2151	766
2	2152	212
2	2152	487
2	2153	509
2	2153	602
2	2153	995
2	2155	229
2	2155	794
2	2157	834
2	2158	146
2	2158	637
2	2159	14
2	2159	640
2	2162	711
2	2163	590
2	2164	196
2	2165	241
2	2165	494
2	2166	738
2	2167	49
2	2167	372
2	2167	399
2	2167	757
2	2171	537
2	2171	708
2	2172	565
2	2174	973
2	2175	673
2	2176	217
2	2176	874
2	2177	714
2	2177	959
2	2178	37
2	2178	134
2	2180	408
2	2180	696
2	2185	531
2	2187	402
2	2187	623
2	2188	650
2	2191	445
2	2191	703
2	2191	818
2	2192	269
2	2193	213
2	2193	786
2	2194	99
2	2194	475
2	2194	851
2	2194	926
2	2195	578
2	2195	765
2	2196	29
2	2197	259
2	2199	358
2	2199	646
2	2199	889
2	2199	895
2	2201	65
2	2202	754
2	2203	992
2	2205	223
2	2205	400
2	2205	761
2	2205	951
2	2207	35
2	2207	251
2	2207	489
2	2208	93
2	2208	472
2	2209	319
2	2209	566
2	2210	710
2	2210	758
2	2211	485
2	2212	4
2	2212	343
2	2212	481
2	2214	165
2	2214	412
2	2215	202
2	2216	131
2	2216	744
2	2216	840
2	2217	378
2	2217	416
2	2217	493
2	2219	689
2	2220	170
2	2220	505
2	2221	937
2	2222	676
2	2224	604
2	2224	800
2	2224	864
2	2224	940
2	2226	653
2	2227	607
2	2228	175
2	2228	458
2	2228	641
2	2230	82
2	2233	214
2	2233	440
2	2235	437
2	2237	124
2	2238	467
2	2238	582
2	2239	554
2	2240	414
2	2240	855
2	2241	741
2	2242	411
2	2243	605
2	2243	701
2	2244	477
2	2245	138
2	2246	515
2	2246	715
2	2247	218
2	2247	535
2	2248	192
2	2248	763
2	2248	848
2	2248	915
2	2250	990
2	2251	622
2	2252	772
2	2254	669
2	2255	277
2	2258	56
2	2259	553
2	2259	667
2	2259	798
2	2259	962
2	2261	43
2	2263	354
2	2263	456
2	2263	767
2	2265	194
2	2267	40
2	2268	5
2	2268	919
2	2269	524
2	2269	639
2	2270	376
2	2270	723
2	2271	916
2	2272	101
2	2272	244
2	2272	892
2	2273	727
2	2274	815
2	2282	613
2	2282	824
2	2284	154
2	2285	338
2	2285	483
2	2285	514
2	2286	367
2	2287	73
2	2288	159
2	2288	278
2	2288	643
2	2288	846
2	2292	8
2	2293	583
2	2293	608
2	2294	405
2	2294	555
2	2295	373
2	2295	466
2	2295	618
2	2296	399
2	2296	782
2	2297	280
2	2298	783
2	2300	388
2	2300	683
2	2301	290
2	2303	603
2	2303	913
2	2305	296
2	2307	173
2	2308	825
2	2308	920
2	2309	427
2	2310	336
2	2311	630
2	2311	692
2	2313	36
2	2315	869
2	2316	137
2	2316	552
2	2316	568
2	2318	666
2	2319	33
2	2319	148
2	2319	627
2	2319	644
2	2320	810
2	2321	25
2	2321	191
2	2323	320
2	2323	740
2	2324	619
2	2327	253
2	2327	711
2	2327	712
2	2327	829
2	2328	830
2	2329	997
2	2330	264
2	2330	379
2	2331	724
2	2332	235
2	2332	839
2	2332	863
2	2334	908
2	2335	966
2	2336	540
2	2336	955
2	2337	234
2	2340	221
2	2341	446
2	2341	556
2	2341	709
2	2343	429
2	2343	752
2	2344	410
2	2345	80
2	2346	85
2	2346	297
2	2346	451
2	2346	673
2	2346	851
2	2347	401
2	2349	557
2	2349	588
2	2349	626
2	2350	834
2	2352	873
2	2353	357
2	2353	853
2	2354	596
2	2355	2
2	2355	270
2	2356	58
2	2356	660
2	2357	227
2	2357	345
2	2357	633
2	2358	187
2	2358	395
2	2358	680
2	2360	94
2	2360	313
2	2361	132
2	2361	394
2	2362	809
2	2363	323
2	2363	404
2	2363	743
2	2365	623
2	2366	83
2	2366	116
2	2366	263
2	2367	516
2	2367	898
2	2369	878
2	2371	315
2	2371	491
2	2372	76
2	2372	261
2	2373	164
2	2373	471
2	2374	351
2	2375	819
2	2377	145
2	2381	32
2	2381	300
2	2382	223
2	2383	449
2	2383	609
2	2384	500
2	2385	181
2	2385	397
2	2385	803
2	2388	605
2	2388	982
2	2390	993
2	2391	610
2	2392	180
2	2392	292
2	2393	138
2	2395	331
2	2395	414
2	2396	484
2	2398	409
2	2398	473
2	2398	523
2	2399	444
2	2399	831
2	2400	86
2	2400	118
2	2400	346
2	2400	406
2	2400	461
2	2400	778
2	2401	24
2	2401	267
2	2401	520
2	2402	600
2	2402	687
2	2403	365
2	2403	371
2	2403	645
2	2404	547
2	2405	57
2	2405	606
2	2407	436
2	2408	269
2	2408	795
2	2409	26
2	2409	103
2	2409	891
2	2410	599
2	2411	608
2	2411	682
2	2412	262
2	2414	699
2	2415	274
2	2415	308
2	2416	563
2	2419	136
2	2419	512
2	2420	439
2	2420	839
2	2421	65
2	2421	476
2	2422	4
2	2423	317
2	2424	213
2	2424	636
2	2427	460
2	2429	284
2	2429	329
2	2429	372
2	2429	590
2	2429	998
2	2430	774
2	2431	72
2	2431	418
2	2432	368
2	2432	951
2	2434	30
2	2435	771
2	2435	903
2	2436	77
2	2436	442
2	2436	745
2	2437	631
2	2438	350
2	2438	545
2	2439	713
2	2439	789
2	2439	890
2	2440	639
2	2440	695
2	2440	939
2	2441	133
2	2443	111
2	2444	422
2	2446	715
2	2449	289
2	2449	453
2	2450	971
2	2451	82
2	2451	423
2	2451	454
2	2454	286
2	2455	176
2	2460	480
2	2461	22
2	2461	196
2	2461	382
2	2461	467
2	2462	685
2	2462	737
2	2463	75
2	2463	619
2	2465	222
2	2465	281
2	2465	380
2	2465	996
2	2466	165
2	2466	504
2	2466	655
2	2468	348
2	2468	670
2	2468	847
2	2469	698
2	2472	529
2	2472	815
2	2473	517
2	2474	784
2	2475	242
2	2475	378
2	2477	756
2	2478	153
2	2478	340
2	2478	657
2	2478	962
2	2479	518
2	2479	945
2	2480	142
2	2481	272
2	2483	229
2	2483	400
2	2484	452
2	2484	777
2	2484	931
2	2485	125
2	2485	249
2	2486	988
2	2487	101
2	2487	662
2	2488	212
2	2489	293
2	2489	628
2	2489	679
2	2490	63
2	2491	366
2	2492	381
2	2492	586
2	2492	626
2	2493	19
2	2493	466
2	2495	859
2	2497	430
2	2497	910
2	2498	302
2	2499	88
2	2499	122
2	2500	169
2	2501	526
2	2502	301
2	2503	869
2	2504	326
2	2504	475
2	2504	944
2	2505	712
2	2505	794
2	2507	54
2	2507	618
2	2509	569
2	2509	718
2	2510	482
2	2510	651
2	2514	20
2	2514	491
2	2514	536
2	2514	766
2	2516	137
2	2517	224
2	2517	818
2	2519	104
2	2519	295
2	2520	252
2	2520	575
2	2521	337
2	2521	622
2	2522	899
2	2523	298
2	2523	553
2	2524	29
2	2524	52
2	2525	38
2	2525	191
2	2525	677
2	2526	106
2	2526	195
2	2526	385
2	2527	549
2	2527	865
2	2528	498
2	2529	846
2	2530	742
2	2530	801
2	2531	658
2	2531	769
2	2533	197
2	2533	396
2	2535	41
2	2535	604
2	2536	144
2	2539	519
2	2542	201
2	2543	113
2	2543	595
2	2546	186
2	2547	304
2	2548	666
2	2549	235
2	2549	274
2	2549	570
2	2551	540
2	2552	155
2	2552	567
2	2552	731
2	2554	419
2	2555	126
2	2556	13
2	2556	204
2	2558	119
2	2558	613
2	2559	156
2	2560	975
2	2561	35
2	2561	140
2	2562	194
2	2562	612
2	2564	364
2	2565	121
2	2565	172
2	2567	55
2	2567	538
2	2568	239
2	2570	246
2	2570	280
2	2571	225
2	2574	392
2	2575	744
2	2578	171
2	2578	645
2	2579	147
2	2579	338
2	2580	373
2	2581	236
2	2581	374
2	2581	600
2	2582	320
2	2582	846
2	2583	284
2	2583	686
2	2584	441
2	2584	780
2	2585	593
2	2585	607
2	2586	336
2	2587	929
2	2587	959
2	2588	568
2	2588	647
2	2589	168
2	2589	384
2	2589	535
2	2589	708
2	2590	9
2	2591	185
2	2592	673
2	2592	703
2	2593	648
2	2594	51
2	2594	70
2	2595	157
2	2595	165
2	2595	434
2	2598	379
2	2598	422
2	2599	546
2	2600	839
2	2600	977
2	2601	317
2	2601	382
2	2601	401
2	2602	72
2	2602	854
2	2603	655
2	2604	716
2	2604	751
2	2605	391
2	2605	711
2	2605	772
2	2606	417
2	2606	746
2	2607	493
2	2608	149
2	2608	902
2	2609	717
2	2610	177
2	2611	997
2	2612	550
2	2616	676
2	2617	399
2	2617	507
2	2619	739
2	2620	565
2	2620	764
2	2621	71
2	2621	514
2	2621	687
2	2621	946
2	2623	444
2	2628	936
2	2630	124
2	2630	285
2	2630	881
2	2632	117
2	2632	630
2	2634	120
2	2634	143
2	2636	292
2	2636	468
2	2640	361
2	2642	699
2	2642	713
2	2643	786
2	2646	970
2	2647	518
2	2647	604
2	2648	167
2	2648	775
2	2649	411
2	2650	461
2	2651	602
2	2654	64
2	2654	522
2	2655	103
2	2656	429
2	2656	938
2	2657	476
2	2658	502
2	2658	842
2	2658	999
2	2660	23
2	2660	220
2	2660	646
2	2660	680
2	2661	839
2	2662	841
2	2663	266
2	2663	976
2	2664	253
2	2665	809
2	2666	952
2	2667	368
2	2667	657
2	2668	369
2	2670	509
2	2672	255
2	2672	805
2	2674	193
2	2675	174
2	2675	763
2	2675	945
2	2676	334
2	2676	505
2	2677	555
2	2679	472
2	2683	635
2	2683	864
2	2685	135
2	2685	877
2	2687	954
2	2688	33
2	2689	321
2	2689	506
2	2690	393
2	2691	816
2	2692	644
2	2692	667
2	2692	770
2	2693	83
2	2694	373
2	2695	160
2	2696	12
2	2696	257
2	2697	7
2	2698	489
2	2699	473
2	2701	562
2	2703	331
2	2703	605
2	2706	199
2	2707	141
2	2707	323
2	2708	187
2	2708	410
2	2709	613
2	2709	665
2	2709	856
2	2710	675
2	2711	579
2	2712	412
2	2712	617
2	2713	756
2	2713	772
2	2714	138
2	2714	668
2	2714	790
2	2715	313
2	2716	622
2	2716	982
2	2718	163
2	2718	405
2	2719	267
2	2719	353
2	2719	820
2	2719	953
2	2720	110
2	2720	355
2	2721	77
2	2726	109
2	2726	485
2	2726	636
2	2727	595
2	2728	32
2	2729	269
2	2730	41
2	2731	95
2	2731	484
2	2734	596
2	2735	508
2	2735	678
2	2735	962
2	2737	31
2	2737	182
2	2737	677
2	2737	776
2	2738	125
2	2738	511
2	2739	826
2	2740	685
2	2741	153
2	2741	964
2	2743	139
2	2744	792
2	2745	607
2	2746	530
2	2746	852
2	2747	246
2	2748	293
2	2749	238
2	2749	593
2	2749	898
2	2750	277
2	2750	403
2	2751	479
2	2751	639
2	2752	96
2	2752	795
2	2752	900
2	2753	78
2	2753	202
2	2754	99
2	2754	682
2	2754	930
2	2755	406
2	2755	862
2	2756	311
2	2756	943
2	2757	333
2	2757	907
2	2758	276
2	2758	599
2	2758	724
2	2759	492
2	2759	694
2	2760	762
2	2760	967
2	2761	212
2	2762	145
2	2762	251
2	2762	532
2	2763	558
2	2764	720
2	2769	81
2	2769	527
2	2770	218
2	2770	751
2	2772	136
2	2772	367
2	2773	887
2	2775	98
2	2776	388
2	2779	149
2	2779	541
2	2780	317
2	2780	338
2	2780	361
2	2780	891
2	2781	616
2	2781	899
2	2782	50
2	2783	114
2	2785	381
2	2785	548
2	2786	446
2	2786	585
2	2787	285
2	2787	301
2	2787	774
2	2788	716
2	2791	328
2	2791	679
2	2791	697
2	2792	801
2	2793	981
2	2794	827
2	2797	345
2	2797	375
2	2798	206
2	2799	195
2	2801	108
2	2801	150
2	2802	521
2	2803	873
2	2804	572
2	2804	734
2	2806	500
2	2806	569
2	2807	380
2	2807	761
2	2810	395
2	2810	975
2	2811	259
2	2811	973
2	2812	335
2	2814	118
2	2814	563
2	2814	786
2	2815	16
2	2815	88
2	2815	213
2	2817	816
2	2818	143
2	2820	520
2	2821	94
2	2821	385
2	2821	432
2	2822	189
2	2823	190
2	2823	661
2	2824	433
2	2825	767
2	2826	292
2	2826	936
2	2827	366
2	2828	543
2	2830	681
2	2830	824
2	2832	34
2	2832	601
2	2833	672
2	2835	408
2	2835	451
2	2837	424
2	2838	3
2	2838	65
2	2838	187
2	2838	332
2	2838	430
2	2839	770
2	2841	248
2	2841	612
2	2842	42
2	2842	58
2	2842	518
2	2842	577
2	2843	640
2	2844	662
2	2844	664
2	2846	255
2	2846	305
2	2846	892
2	2846	969
2	2847	591
2	2847	971
2	2847	989
2	2848	488
2	2848	606
2	2849	454
2	2850	133
2	2851	723
2	2851	760
2	2852	509
2	2854	619
2	2855	44
2	2855	680
2	2855	754
2	2856	188
2	2856	262
2	2856	360
2	2856	434
2	2856	482
2	2856	890
2	2857	359
2	2857	364
2	2857	722
2	2858	652
2	2860	177
2	2860	210
2	2860	529
2	2861	52
2	2861	384
2	2861	628
2	2861	825
2	2862	447
2	2862	468
2	2862	531
2	2863	528
2	2863	789
2	2865	737
2	2865	743
2	2866	439
2	2866	702
2	2866	758
2	2866	957
2	2867	483
2	2868	267
2	2868	842
2	2870	633
2	2870	927
2	2871	57
2	2871	286
2	2871	481
2	2873	389
2	2874	365
2	2874	538
2	2875	626
2	2876	123
2	2876	363
2	2876	988
2	2879	230
2	2881	310
2	2882	48
2	2882	475
2	2884	735
2	2885	511
2	2886	659
2	2887	553
2	2889	624
2	2890	391
2	2890	707
2	2890	805
2	2890	916
2	2894	801
2	2895	274
2	2895	415
2	2899	35
2	2899	602
2	2900	237
2	2901	137
2	2901	148
2	2905	374
2	2905	378
2	2906	1
2	2906	542
2	2908	927
2	2909	450
2	2910	952
2	2911	59
2	2911	224
2	2912	166
2	2913	713
2	2914	212
2	2914	445
2	2918	474
2	2918	540
2	2918	873
2	2918	914
2	2919	900
2	2920	604
2	2920	736
2	2920	768
2	2921	178
2	2921	412
2	2921	570
2	2922	695
2	2923	314
2	2923	712
2	2923	849
2	2924	279
2	2924	699
2	2925	220
2	2925	550
2	2925	974
2	2926	273
2	2927	497
2	2928	164
2	2928	278
2	2931	753
2	2932	804
2	2933	51
2	2933	215
2	2933	320
2	2934	495
2	2935	336
2	2936	284
2	2936	555
2	2936	569
2	2937	313
2	2937	780
2	2938	157
2	2938	239
2	2939	99
2	2939	233
2	2939	362
2	2939	655
2	2940	510
2	2940	961
2	2941	47
2	2941	208
2	2941	502
2	2941	605
2	2942	749
2	2942	856
2	2943	20
2	2943	87
2	2943	436
2	2944	32
2	2945	396
2	2945	513
2	2945	929
2	2946	402
2	2946	505
2	2947	154
2	2948	629
2	2949	774
2	2949	963
2	2950	596
2	2950	970
2	2952	183
2	2952	701
2	2955	714
2	2956	80
2	2957	283
2	2958	381
2	2959	688
2	2960	16
2	2960	28
2	2961	622
2	2962	500
2	2963	153
2	2963	170
2	2963	564
2	2964	400
2	2964	431
2	2964	634
2	2964	752
2	2965	576
2	2966	186
2	2966	383
2	2966	636
2	2967	161
2	2968	773
2	2969	160
2	2969	193
2	2970	653
2	2971	559
2	2971	886
2	2971	957
2	2972	740
2	2973	302
2	2973	630
2	2973	715
2	2974	68
2	2974	990
2	2975	590
2	2976	413
2	2977	36
2	2978	429
2	2979	128
2	2979	375
2	2979	825
2	2979	918
2	2980	127
2	2980	578
2	2980	938
2	2981	294
2	2982	341
2	2982	494
2	2984	83
2	2984	764
2	2985	388
2	2987	78
2	2989	22
2	2991	5
2	2991	522
2	2993	598
2	2994	930
2	2995	829
2	2997	697
2	2997	790
2	2998	830
2	3001	327
2	3002	234
2	3002	876
2	3003	14
2	3003	805
2	3004	772
2	3005	315
2	3006	834
2	3008	54
2	3008	132
2	3008	519
2	3009	121
2	3009	249
2	3009	783
2	3009	989
2	3011	9
2	3012	85
2	3012	536
2	3013	145
2	3014	188
2	3015	979
2	3017	608
2	3017	781
2	3019	143
2	3019	644
2	3021	892
2	3022	201
2	3023	191
2	3024	472
2	3025	103
2	3025	490
2	3025	893
2	3027	398
2	3027	573
2	3027	763
2	3028	566
2	3028	739
2	3028	901
2	3029	973
2	3030	179
2	3031	448
2	3033	786
2	3034	394
2	3034	738
2	3034	881
2	3035	721
2	3035	729
2	3036	334
2	3038	410
2	3038	978
2	3039	640
2	3039	704
2	3040	779
2	3041	180
2	3042	508
2	3045	91
2	3045	931
2	3045	971
2	3046	13
2	3047	350
2	3047	937
2	3048	462
2	3049	533
2	3051	621
2	3051	889
2	3052	848
2	3053	105
2	3053	525
2	3053	841
2	3054	81
2	3055	467
2	3057	426
2	3057	442
2	3057	580
2	3057	880
2	3060	464
2	3060	705
2	3060	719
2	3061	531
2	3061	623
2	3061	849
2	3062	67
2	3062	159
2	3062	323
2	3064	306
2	3068	285
2	3069	104
2	3069	652
2	3070	917
2	3072	534
2	3073	293
2	3076	270
2	3077	25
2	3077	202
2	3078	295
2	3078	342
2	3080	288
2	3080	417
2	3081	257
2	3083	444
2	3083	614
2	3084	63
2	3084	304
2	3085	46
2	3085	715
2	3085	749
2	3085	851
2	3086	343
2	3087	458
2	3088	284
2	3090	601
2	3090	613
2	3091	264
2	3092	377
2	3092	412
2	3092	879
2	3093	571
2	3096	155
2	3096	236
2	3097	262
2	3098	231
2	3098	985
2	3100	97
2	3100	546
2	3101	168
2	3105	654
2	3106	3
2	3107	259
2	3107	526
2	3108	541
2	3109	387
2	3109	950
2	3111	656
2	3113	548
2	3114	167
2	3114	722
2	3116	404
2	3116	832
2	3117	718
2	3117	794
2	3119	28
2	3119	250
2	3119	515
2	3119	629
2	3120	376
2	3121	692
2	3125	457
2	3126	664
2	3127	489
2	3127	602
2	3129	521
2	3130	12
2	3130	18
2	3130	254
2	3133	888
2	3134	107
2	3134	281
2	3135	761
2	3136	261
2	3136	401
2	3136	962
2	3138	21
2	3138	292
2	3138	618
2	3139	382
2	3139	840
2	3140	84
2	3140	370
2	3140	702
2	3140	915
2	3143	102
2	3144	172
2	3144	606
2	3146	595
2	3147	648
2	3148	355
2	3149	988
2	3151	371
2	3151	487
2	3152	923
2	3155	308
2	3155	550
2	3156	70
2	3156	338
2	3161	368
2	3161	425
2	3161	782
2	3162	4
2	3162	286
2	3163	83
2	3163	532
2	3165	999
2	3166	538
2	3167	440
2	3167	921
2	3168	181
2	3168	298
2	3169	520
2	3172	665
2	3172	759
2	3173	240
2	3173	995
2	3174	452
2	3175	357
2	3175	881
2	3176	791
2	3178	280
2	3179	684
2	3179	866
2	3180	258
2	3181	352
2	3182	187
2	3183	891
2	3183	909
2	3186	221
2	3186	239
2	3187	152
2	3187	597
2	3188	938
2	3190	96
2	3190	485
2	3191	553
2	3193	490
2	3195	283
2	3195	596
2	3195	990
2	3196	522
2	3196	907
2	3197	776
2	3199	123
2	3199	471
2	3199	554
2	3200	525
2	3201	118
2	3201	208
2	3201	768
2	3202	302
2	3202	755
2	3203	244
2	3203	252
2	3204	540
2	3205	149
2	3205	429
2	3206	456
2	3206	468
2	3207	974
2	3209	226
2	3209	507
2	3209	676
2	3211	94
2	3211	422
2	3212	14
2	3213	711
2	3214	840
2	3214	966
2	3215	233
2	3216	409
2	3217	757
2	3218	756
2	3220	689
2	3220	889
2	3221	415
2	3222	397
2	3223	477
2	3224	728
2	3225	247
2	3226	189
2	3227	726
2	3227	902
2	3231	486
2	3235	108
2	3238	186
2	3242	39
2	3242	115
2	3242	288
2	3242	800
2	3242	945
2	3243	323
2	3243	609
2	3244	906
2	3245	25
2	3245	146
2	3247	64
2	3247	331
2	3247	493
2	3247	635
2	3247	640
2	3247	736
2	3248	57
2	3248	203
2	3250	62
2	3250	699
2	3252	1
2	3252	359
2	3253	289
2	3253	551
2	3253	774
2	3255	111
2	3256	607
2	3256	953
2	3258	319
2	3259	919
2	3260	379
2	3260	731
2	3260	778
2	3261	251
2	3261	529
2	3262	147
2	3262	390
2	3263	613
2	3264	724
2	3264	765
2	3264	786
2	3265	242
2	3265	535
2	3265	544
2	3266	198
2	3266	741
2	3266	901
2	3267	185
2	3269	85
2	3269	296
2	3269	421
2	3270	217
2	3270	262
2	3270	730
2	3271	383
2	3272	509
2	3273	100
2	3273	631
2	3274	267
2	3274	508
2	3274	611
2	3274	915
2	3274	918
2	3275	447
2	3276	199
2	3277	425
2	3278	439
2	3278	537
2	3279	344
2	3279	365
2	3280	205
2	3281	474
2	3281	495
2	3282	37
2	3282	650
2	3283	140
2	3283	549
2	3284	478
2	3285	339
2	3285	358
2	3285	411
2	3285	816
2	3286	412
2	3287	290
2	3287	375
2	3288	268
2	3288	294
2	3290	220
2	3290	920
2	3291	48
2	3291	683
2	3291	852
2	3292	669
2	3294	335
2	3294	488
2	3294	552
2	3294	693
2	3294	695
2	3295	133
2	3296	466
2	3296	842
2	3297	158
2	3297	586
2	3298	72
2	3298	135
2	3298	933
2	3301	886
2	3302	414
2	3303	336
2	3303	437
2	3303	599
2	3303	865
2	3304	13
2	3305	966
2	3306	104
2	3308	55
2	3308	479
2	3310	35
2	3310	617
2	3310	704
2	3312	114
2	3312	297
2	3312	369
2	3313	165
2	3313	179
2	3314	238
2	3315	3
2	3318	56
2	3319	367
2	3319	492
2	3319	869
2	3320	241
2	3320	473
2	3321	594
2	3322	239
2	3323	610
2	3324	504
2	3324	878
2	3326	353
2	3328	277
2	3328	311
2	3329	343
2	3330	770
2	3330	879
2	3331	273
2	3331	570
2	3332	161
2	3332	454
2	3333	577
2	3334	234
2	3334	943
2	3335	119
2	3335	380
2	3335	636
2	3335	777
2	3335	859
2	3336	192
2	3337	766
2	3338	538
2	3341	783
2	3342	47
2	3343	424
2	3343	860
2	3344	182
2	3344	534
2	3345	948
2	3347	401
2	3348	361
2	3348	438
2	3348	752
2	3349	644
2	3349	866
2	3350	450
2	3351	334
2	3352	846
2	3353	333
2	3356	445
2	3357	117
2	3357	574
2	3357	996
2	3358	817
2	3360	795
2	3362	218
2	3363	148
2	3363	462
2	3363	576
2	3363	604
2	3363	800
2	3364	176
2	3364	191
2	3364	285
2	3364	624
2	3365	961
2	3366	587
2	3367	299
2	3368	977
2	3369	321
2	3369	653
2	3371	324
2	3372	93
2	3373	540
2	3374	41
2	3375	292
2	3375	303
2	3375	389
2	3375	629
2	3378	764
2	3379	283
2	3379	921
2	3380	121
2	3381	386
2	3381	733
2	3382	31
2	3384	701
2	3387	818
2	3387	878
2	3387	915
2	3390	968
2	3390	979
2	3391	141
2	3394	45
2	3394	58
2	3396	226
2	3396	295
2	3397	568
2	3397	734
2	3397	995
2	3398	623
2	3399	49
2	3399	83
2	3399	671
2	3400	40
2	3400	661
2	3401	287
2	3402	767
2	3404	95
2	3404	436
2	3405	796
2	3405	992
2	3406	302
2	3408	936
2	3409	762
2	3410	124
2	3410	721
2	3411	216
2	3411	345
2	3413	134
2	3414	152
2	3414	379
2	3414	465
2	3415	105
2	3416	346
2	3417	237
2	3417	584
2	3417	687
2	3418	5
2	3418	595
2	3418	960
2	3419	66
2	3419	399
2	3420	413
2	3420	996
2	3421	519
2	3421	621
2	3421	850
2	3422	905
2	3423	43
2	3424	190
2	3425	337
2	3426	310
2	3426	452
2	3426	749
2	3427	298
2	3428	341
2	3428	923
2	3429	526
2	3430	315
2	3430	585
2	3435	118
2	3435	200
2	3436	690
2	3437	304
2	3438	222
2	3438	811
2	3439	798
2	3444	366
2	3445	426
2	3445	649
2	3446	4
2	3446	503
2	3447	288
2	3447	981
2	3448	102
2	3448	266
2	3449	434
2	3450	114
2	3450	207
2	3451	498
2	3451	567
2	3451	580
2	3451	809
2	3453	194
2	3453	270
2	3454	398
2	3454	575
2	3455	184
2	3456	804
2	3457	59
2	3458	549
2	3460	608
2	3461	351
2	3465	278
2	3465	492
2	3465	633
2	3465	647
2	3465	959
2	3466	85
2	3466	229
2	3469	926
2	3470	246
2	3472	473
2	3472	618
2	3473	450
2	3473	516
2	3473	605
2	3473	851
2	3474	663
2	3474	740
2	3474	827
2	3474	864
2	3474	911
2	3477	521
2	3479	344
2	3479	967
2	3480	861
2	3482	224
2	3483	622
2	3483	831
2	3484	964
2	3487	215
2	3487	832
2	3488	951
2	3488	988
2	3490	284
2	3492	221
2	3492	505
2	3492	510
2	3494	869
2	3495	112
2	3497	353
2	3497	905
2	3498	739
2	3498	788
2	3500	375
2	3502	110
2	3502	235
2	3503	177
2	3503	419
2	3505	70
2	3505	144
2	3505	388
2	3506	232
2	3507	536
2	3507	632
2	3508	195
2	3508	641
2	3510	570
2	3511	262
2	3511	307
2	3511	855
2	3513	376
2	3515	437
2	3515	794
2	3517	432
2	3517	447
2	3518	587
2	3521	205
2	3521	380
2	3521	535
2	3522	173
2	3523	244
2	3525	289
2	3525	330
2	3525	848
2	3527	88
2	3527	231
2	3528	108
2	3529	496
2	3533	662
2	3533	731
2	3534	162
2	3535	211
2	3535	466
2	3535	604
2	3540	228
2	3541	911
2	3542	1000
2	3543	546
2	3543	592
2	3544	179
2	3544	643
2	3546	15
2	3547	424
2	3548	309
2	3549	209
2	3549	227
2	3549	335
2	3552	542
2	3552	599
2	3556	919
2	3557	161
2	3557	431
2	3557	680
2	3558	371
2	3559	48
2	3559	826
2	3560	339
2	3562	117
2	3562	333
2	3562	368
2	3562	790
2	3563	207
2	3563	482
2	3564	57
2	3565	668
2	3566	871
2	3566	872
2	3567	27
2	3567	201
2	3567	324
2	3567	557
2	3567	808
2	3567	973
2	3568	238
2	3568	367
2	3569	251
2	3569	389
2	3569	774
2	3570	62
2	3571	268
2	3573	297
2	3573	379
2	3574	512
2	3574	994
2	3575	140
2	3575	673
2	3575	894
2	3576	514
2	3576	725
2	3577	219
2	3577	981
2	3578	200
2	3578	357
2	3578	385
2	3578	598
2	3579	465
2	3579	619
2	3579	778
2	3579	816
2	3580	406
2	3580	679
2	3582	213
2	3582	648
2	3583	127
2	3584	574
2	3584	667
2	3584	753
2	3585	915
2	3587	364
2	3587	992
2	3588	459
2	3588	751
2	3588	777
2	3589	360
2	3589	770
2	3590	157
2	3590	607
2	3591	342
2	3593	198
2	3594	675
2	3595	348
2	3596	446
2	3598	63
2	3599	166
2	3599	277
2	3600	462
2	3600	783
2	3600	961
2	3601	401
2	3601	556
2	3602	142
2	3603	65
2	3603	241
2	3604	234
2	3604	316
2	3605	276
2	3605	584
2	3606	293
2	3607	456
2	3608	146
2	3608	248
2	3608	787
2	3608	996
2	3609	974
2	3610	541
2	3610	926
2	3611	153
2	3612	323
2	3613	138
2	3614	74
2	3614	181
2	3617	256
2	3617	647
2	3617	931
2	3618	191
2	3618	326
2	3619	381
2	3620	9
2	3620	355
2	3620	445
2	3622	347
2	3622	488
2	3622	902
2	3625	438
2	3626	948
2	3628	560
2	3628	581
2	3633	436
2	3635	38
2	3635	718
2	3637	768
2	3637	890
2	3640	848
2	3641	539
2	3642	113
2	3642	190
2	3642	320
2	3643	701
2	3644	663
2	3645	7
2	3645	982
2	3647	95
2	3647	167
2	3647	761
2	3648	483
2	3649	910
2	3650	52
2	3650	757
2	3651	137
2	3651	271
2	3651	421
2	3651	578
2	3651	625
2	3653	767
2	3654	83
2	3654	723
2	3655	78
2	3655	463
2	3657	275
2	3657	313
2	3658	93
2	3660	216
2	3660	345
2	3660	620
2	3661	130
2	3662	639
2	3662	737
2	3663	270
2	3663	637
2	3663	665
2	3664	703
2	3665	528
2	3666	771
2	3667	377
2	3668	193
2	3668	336
2	3669	596
2	3669	738
2	3671	165
2	3671	255
2	3671	902
2	3672	283
2	3672	441
2	3672	719
2	3675	864
2	3675	990
2	3677	262
2	3677	394
2	3677	440
2	3679	595
2	3679	809
2	3679	1000
2	3680	815
2	3681	13
2	3681	259
2	3682	776
2	3684	94
2	3684	303
2	3684	754
2	3685	700
2	3686	8
2	3687	634
2	3687	954
2	3689	151
2	3690	340
2	3691	420
2	3691	914
2	3692	141
2	3692	688
2	3692	960
2	3693	107
2	3693	164
2	3693	794
2	3694	197
2	3694	672
2	3698	349
2	3698	479
2	3698	782
2	3698	829
2	3700	327
2	3700	472
2	3700	566
2	3700	961
2	3702	502
2	3703	315
2	3703	432
2	3705	175
2	3705	214
2	3705	329
2	3707	447
2	3707	828
2	3709	412
2	3710	751
2	3710	837
2	3712	250
2	3712	599
2	3713	98
2	3714	54
2	3714	62
2	3714	183
2	3714	707
2	3714	899
2	3715	404
2	3715	630
2	3716	499
2	3716	796
2	3717	81
2	3718	391
2	3720	330
2	3720	917
2	3721	387
2	3722	211
2	3722	417
2	3722	469
2	3724	383
2	3724	656
2	3724	659
2	3725	76
2	3725	97
2	3725	904
2	3726	30
2	3726	35
2	3726	435
2	3727	73
2	3727	588
2	3727	832
2	3729	285
2	3730	580
2	3730	989
2	3731	428
2	3732	397
2	3734	532
2	3735	206
2	3735	741
2	3735	793
2	3736	135
2	3736	199
2	3738	159
2	3738	713
2	3740	242
2	3741	152
2	3741	756
2	3745	223
2	3745	503
2	3745	611
2	3747	586
2	3747	658
2	3747	779
2	3748	653
2	3750	884
2	3751	82
2	3751	153
2	3752	322
2	3752	486
2	3753	681
2	3754	546
2	3755	932
2	3757	400
2	3757	613
2	3757	760
2	3758	615
2	3759	2
2	3759	301
2	3759	501
2	3759	589
2	3760	155
2	3761	337
2	3761	542
2	3763	68
2	3764	200
2	3765	27
2	3766	295
2	3768	265
2	3769	207
2	3769	572
2	3769	920
2	3769	993
2	3770	379
2	3771	39
2	3772	86
2	3773	603
2	3774	427
2	3774	984
2	3775	11
2	3775	836
2	3776	504
2	3777	358
2	3777	591
2	3777	992
2	3778	679
2	3778	999
2	3779	36
2	3779	449
2	3779	495
2	3779	675
2	3780	576
2	3782	841
2	3784	294
2	3784	318
2	3785	108
2	3786	550
2	3787	547
2	3788	23
2	3788	225
2	3788	544
2	3788	831
2	3789	807
2	3789	929
2	3791	101
2	3791	355
2	3791	562
2	3791	689
2	3792	467
2	3794	10
2	3795	66
2	3795	573
2	3795	649
2	3796	343
2	3797	690
2	3797	797
2	3798	215
2	3798	475
2	3799	53
2	3799	185
2	3799	352
2	3800	864
2	3801	314
2	3801	737
2	3801	889
2	3802	516
2	3803	473
2	3804	279
2	3804	437
2	3804	484
2	3804	865
2	3805	75
2	3806	955
2	3807	561
2	3808	292
2	3809	214
2	3809	329
2	3810	382
2	3811	169
2	3811	178
2	3811	341
2	3812	439
2	3812	480
2	3813	328
2	3813	421
2	3813	423
2	3814	228
2	3814	300
2	3814	373
2	3815	124
2	3815	468
2	3815	559
2	3815	623
2	3815	951
2	3817	189
2	3818	451
2	3819	477
2	3820	194
2	3821	609
2	3821	640
2	3821	885
2	3822	84
2	3822	235
2	3822	593
2	3823	270
2	3823	453
2	3824	350
2	3826	370
2	3826	733
2	3826	768
2	3826	988
2	3827	116
2	3827	261
2	3827	288
2	3827	368
2	3827	998
2	3829	269
2	3830	106
2	3832	233
2	3832	548
2	3833	507
2	3834	666
2	3835	407
2	3835	598
2	3835	644
2	3835	684
2	3835	914
2	3839	817
2	3840	91
2	3840	377
2	3842	513
2	3843	839
2	3844	985
2	3845	435
2	3845	476
2	3846	353
2	3847	128
2	3847	177
2	3847	883
2	3848	117
2	3849	40
2	3849	130
2	3849	218
2	3849	748
2	3852	925
2	3854	15
2	3855	172
2	3856	72
2	3858	741
2	3861	732
2	3862	230
2	3863	770
2	3864	3
2	3866	584
2	3866	757
2	3867	505
2	3867	739
2	3868	926
2	3869	241
2	3869	712
2	3870	229
2	3871	852
2	3872	508
2	3875	433
2	3878	115
2	3878	920
2	3881	170
2	3881	334
2	3881	862
2	3882	582
2	3882	616
2	3884	816
2	3886	378
2	3886	487
2	3888	92
2	3888	510
2	3888	892
2	3891	321
2	3891	578
2	3891	699
2	3892	975
2	3893	653
2	3893	899
2	3894	384
2	3894	765
2	3894	772
2	3895	273
2	3895	364
2	3896	725
2	3898	45
2	3899	687
2	3900	586
2	3902	596
2	3903	648
2	3903	896
2	3904	154
2	3904	396
2	3905	232
2	3905	305
2	3907	448
2	3907	980
2	3908	665
2	3910	522
2	3911	389
2	3912	17
2	3912	503
2	3913	461
2	3914	211
2	3914	683
2	3916	297
2	3916	403
2	3917	489
2	3918	485
2	3918	551
2	3918	677
2	3918	738
2	3919	264
2	3920	509
2	3921	652
2	3922	87
2	3923	24
2	3925	246
2	3925	886
2	3928	455
2	3928	663
2	3929	880
2	3930	44
2	3930	796
2	3930	932
2	3931	126
2	3931	552
2	3932	252
2	3934	50
2	3934	858
2	3937	291
2	3938	210
2	3938	692
2	3938	742
2	3939	395
2	3939	445
2	3939	835
2	3941	916
2	3942	420
2	3944	621
2	3945	208
2	3945	268
2	3946	75
2	3946	78
2	3946	127
2	3948	361
2	3949	125
2	3949	484
2	3949	694
2	3950	245
2	3951	182
2	3952	934
2	3953	767
2	3954	654
2	3955	16
2	3955	426
2	3956	960
2	3956	999
2	3957	27
2	3957	620
2	3959	422
2	3959	588
2	3959	744
2	3960	317
2	3960	351
2	3960	367
2	3961	525
2	3962	23
2	3962	676
2	3962	719
2	3964	645
2	3964	987
2	3965	4
2	3966	14
2	3966	28
2	3966	400
2	3966	726
2	3967	417
2	3969	664
2	3970	543
2	3971	77
2	3971	595
2	3971	674
2	3972	107
2	3972	565
2	3976	103
2	3976	237
2	3976	272
2	3976	788
2	3977	532
2	3977	700
2	3979	215
2	3980	831
2	3982	325
2	3984	89
2	3984	302
2	3985	360
2	3985	454
2	3986	233
2	3986	338
2	3987	463
2	3988	371
2	3988	685
2	3988	779
2	3989	9
2	3989	895
2	3990	58
2	3991	446
2	3991	553
2	3991	712
2	3992	196
2	3992	562
2	3992	607
2	3993	327
2	3993	766
2	3994	6
2	3994	533
2	3996	346
2	3996	842
2	3997	167
2	3997	213
2	3998	150
2	3998	495
2	3998	542
2	3998	587
2	3998	969
2	3999	287
2	4000	572
2	4002	116
2	4002	941
2	4005	952
2	4006	249
2	4006	708
2	4006	904
2	4007	254
2	4007	734
2	4007	787
2	4008	255
2	4008	410
2	4008	592
2	4009	524
2	4009	600
2	4011	350
2	4012	144
2	4012	442
2	4013	63
2	4015	298
2	4016	26
2	4017	300
2	4017	522
2	4017	550
2	4019	54
2	4021	170
2	4022	642
2	4022	807
2	4023	281
2	4023	624
2	4027	673
2	4028	93
2	4029	123
2	4030	262
2	4030	977
2	4031	408
2	4032	436
2	4033	121
2	4035	544
2	4035	764
2	4036	557
2	4037	392
2	4037	877
2	4038	765
2	4039	306
2	4039	336
2	4039	355
2	4040	464
2	4040	520
2	4040	942
2	4043	435
2	4043	915
2	4044	60
2	4050	308
2	4050	352
2	4050	508
2	4050	603
2	4051	502
2	4051	881
2	4054	53
2	4055	439
2	4055	450
2	4056	511
2	4058	11
2	4058	501
2	4058	504
2	4058	675
2	4060	35
2	4060	243
2	4062	743
2	4063	145
2	4063	640
2	4064	38
2	4064	951
2	4065	81
2	4065	225
2	4065	387
2	4065	824
2	4065	892
2	4066	650
2	4066	950
2	4067	319
2	4068	755
2	4069	713
2	4070	784
2	4071	57
2	4071	462
2	4071	693
2	4072	29
2	4073	266
2	4073	811
2	4076	43
2	4078	2
2	4078	132
2	4078	551
2	4078	889
2	4079	415
2	4079	746
2	4079	749
2	4081	890
2	4083	554
2	4083	581
2	4084	82
2	4084	970
2	4085	95
2	4087	117
2	4087	655
2	4088	589
2	4088	933
2	4090	183
2	4090	837
2	4091	241
2	4091	961
2	4093	687
2	4094	246
2	4094	451
2	4096	684
2	4096	937
2	4097	438
2	4097	488
2	4099	585
2	4101	636
2	4101	730
2	4102	949
2	4104	618
2	4104	744
2	4105	326
2	4105	701
2	4105	876
2	4107	846
2	4110	928
2	4111	565
2	4111	646
2	4114	223
2	4114	382
2	4115	518
2	4116	44
2	4116	664
2	4116	750
2	4117	517
2	4117	614
2	4118	741
2	4119	256
2	4119	478
2	4120	283
2	4120	376
2	4122	10
2	4123	114
2	4123	212
2	4124	161
2	4124	536
2	4125	732
2	4127	530
2	4130	46
2	4132	617
2	4133	37
2	4133	291
2	4133	721
2	4134	466
2	4136	738
2	4138	406
2	4138	995
2	4139	201
2	4139	644
2	4139	692
2	4140	814
2	4141	40
2	4141	64
2	4141	134
2	4141	177
2	4141	227
2	4142	169
2	4143	249
2	4143	268
2	4143	524
2	4144	320
2	4144	707
2	4144	791
2	4145	165
2	4145	616
2	4147	407
2	4148	235
2	4149	929
2	4149	955
2	4150	542
2	4150	978
2	4150	993
2	4151	829
2	4154	423
2	4156	19
2	4156	200
2	4158	370
2	4158	896
2	4159	363
2	4161	371
2	4163	162
2	4163	258
2	4163	395
2	4164	479
2	4165	344
2	4166	884
2	4167	207
2	4167	286
2	4167	989
2	4168	248
2	4168	719
2	4169	440
2	4169	456
2	4169	633
2	4170	211
2	4170	331
2	4170	471
2	4170	497
2	4173	112
2	4174	306
2	4174	340
2	4174	831
2	4175	181
2	4175	569
2	4175	591
2	4176	777
2	4177	158
2	4177	229
2	4177	602
2	4178	236
2	4178	566
2	4179	98
2	4181	142
2	4182	104
2	4182	685
2	4183	977
2	4184	509
2	4186	576
2	4187	167
2	4188	179
2	4188	409
2	4189	208
2	4189	546
2	4189	716
2	4190	328
2	4190	528
2	4191	474
2	4191	615
2	4191	705
2	4193	567
2	4194	332
2	4194	996
2	4195	4
2	4195	971
2	4196	160
2	4196	209
2	4196	364
2	4197	198
2	4197	257
2	4198	558
2	4198	706
2	4199	543
2	4200	105
2	4200	351
2	4201	941
2	4203	349
2	4206	476
2	4206	766
2	4207	362
2	4207	921
2	4208	25
2	4209	464
2	4210	686
2	4211	107
2	4211	288
2	4212	745
2	4213	797
2	4214	668
2	4215	951
2	4217	575
2	4218	450
2	4218	676
2	4218	768
2	4218	850
2	4220	213
2	4220	303
2	4221	365
2	4222	739
2	4222	793
2	4222	831
2	4223	143
2	4223	818
2	4225	385
2	4225	626
2	4227	651
2	4227	804
2	4228	299
2	4228	436
2	4228	597
2	4228	907
2	4229	97
2	4230	348
2	4230	434
2	4230	610
2	4231	525
2	4231	947
2	4232	182
2	4233	556
2	4235	350
2	4235	867
2	4235	964
2	4237	810
2	4238	85
2	4239	314
2	4240	35
2	4240	944
2	4241	590
2	4242	309
2	4243	658
2	4245	321
2	4246	400
2	4246	430
2	4248	500
2	4248	522
2	4249	909
2	4253	926
2	4254	966
2	4255	70
2	4255	422
2	4255	505
2	4255	788
2	4255	943
2	4257	272
2	4258	265
2	4258	428
2	4259	677
2	4262	905
2	4263	711
2	4264	620
2	4265	502
2	4265	746
2	4266	698
2	4268	145
2	4269	949
2	4272	168
2	4272	185
2	4273	398
2	4276	90
2	4276	551
2	4277	284
2	4277	670
2	4278	529
2	4279	119
2	4279	603
2	4281	419
2	4281	762
2	4282	410
2	4282	490
2	4283	496
2	4284	281
2	4285	748
2	4286	380
2	4287	8
2	4289	2
2	4289	472
2	4289	510
2	4289	552
2	4291	118
2	4291	611
2	4294	174
2	4295	828
2	4298	860
2	4299	194
2	4300	345
2	4300	492
2	4300	679
2	4301	623
2	4301	648
2	4301	735
2	4302	53
2	4302	675
2	4304	557
2	4305	266
2	4305	491
2	4305	926
2	4306	113
2	4306	220
2	4306	724
2	4308	691
2	4309	131
2	4310	109
2	4310	667
2	4311	45
2	4311	308
2	4311	334
2	4311	637
2	4311	687
2	4312	780
2	4313	121
2	4314	223
2	4314	537
2	4315	99
2	4315	723
2	4316	935
2	4317	894
2	4318	69
2	4319	535
2	4319	595
2	4319	870
2	4320	117
2	4321	159
2	4321	279
2	4322	50
2	4323	470
2	4324	393
2	4325	339
2	4325	370
2	4326	418
2	4326	432
2	4327	549
2	4329	315
2	4329	588
2	4329	981
2	4330	426
2	4330	901
2	4331	397
2	4331	542
2	4333	555
2	4334	16
2	4334	485
2	4334	753
2	4335	51
2	4335	164
2	4335	625
2	4336	396
2	4336	612
2	4337	851
2	4339	196
2	4339	259
2	4339	433
2	4340	511
2	4340	683
2	4340	742
2	4341	740
2	4342	20
2	4342	405
2	4343	759
2	4344	600
2	4345	347
2	4345	812
2	4346	845
2	4347	210
2	4347	451
2	4348	955
2	4349	386
2	4351	38
2	4351	389
2	4352	580
2	4352	635
2	4353	116
2	4353	319
2	4353	448
2	4355	565
2	4355	741
2	4356	68
2	4356	872
2	4357	240
2	4357	455
2	4358	391
2	4359	974
2	4360	417
2	4360	853
2	4361	75
2	4361	141
2	4361	568
2	4361	727
2	4362	206
2	4366	614
2	4366	927
2	4367	123
2	4371	205
2	4371	303
2	4371	825
2	4375	577
2	4377	831
2	4378	328
2	4378	606
2	4379	429
2	4379	591
2	4380	175
2	4384	127
2	4384	244
2	4385	880
2	4386	188
2	4386	661
2	4388	283
2	4388	416
2	4390	326
2	4393	550
2	4395	312
2	4397	264
2	4397	528
2	4398	459
2	4398	680
2	4399	21
2	4399	115
2	4399	469
2	4401	375
2	4403	632
2	4403	788
2	4403	874
2	4404	248
2	4405	184
2	4405	257
2	4405	476
2	4406	538
2	4406	664
2	4407	343
2	4407	616
2	4407	646
2	4409	52
2	4409	784
2	4410	420
2	4412	57
2	4413	209
2	4413	734
2	4414	15
2	4417	237
2	4417	254
2	4417	330
2	4418	169
2	4421	236
2	4421	531
2	4425	490
2	4425	854
2	4426	154
2	4426	508
2	4427	498
2	4428	942
2	4429	260
2	4429	265
2	4429	640
2	4430	294
2	4430	445
2	4431	219
2	4431	352
2	4432	704
2	4433	314
2	4433	338
2	4434	274
2	4434	414
2	4434	518
2	4434	778
2	4435	404
2	4435	509
2	4435	589
2	4435	725
2	4440	813
2	4441	371
2	4442	364
2	4442	869
2	4444	110
2	4445	630
2	4445	689
2	4446	852
2	4447	172
2	4447	686
2	4448	586
2	4449	684
2	4451	587
2	4453	323
2	4453	714
2	4453	838
2	4454	91
2	4456	682
2	4456	989
2	4457	150
2	4457	246
2	4457	306
2	4457	424
2	4457	676
2	4458	333
2	4458	745
2	4459	252
2	4459	974
2	4461	73
2	4461	738
2	4461	756
2	4462	162
2	4462	289
2	4462	962
2	4463	395
2	4463	399
2	4464	212
2	4464	562
2	4465	231
2	4465	377
2	4465	407
2	4465	649
2	4468	854
2	4469	881
2	4470	396
2	4470	907
2	4471	737
2	4472	361
2	4473	362
2	4474	2
2	4475	623
2	4475	698
2	4480	556
2	4480	782
2	4481	117
2	4481	199
2	4481	523
2	4482	241
2	4482	288
2	4482	716
2	4484	340
2	4484	473
2	4485	437
2	4485	524
2	4485	764
2	4485	931
2	4488	629
2	4488	911
2	4492	465
2	4493	233
2	4493	268
2	4493	441
2	4493	442
2	4493	672
2	4494	235
2	4494	453
2	4495	795
2	4495	903
2	4497	84
2	4497	670
2	4497	957
2	4498	26
2	4500	422
2	4500	685
2	4501	243
2	4502	134
2	4502	316
2	4502	394
2	4503	10
2	4503	49
2	4503	786
2	4504	449
2	4505	567
2	4506	99
2	4507	203
2	4508	102
2	4508	506
2	4509	723
2	4510	279
2	4510	495
2	4511	220
2	4512	973
2	4513	276
2	4513	663
2	4515	86
2	4515	561
2	4517	569
2	4521	22
2	4521	419
2	4522	472
2	4523	769
2	4524	327
2	4524	862
2	4525	275
2	4525	592
2	4527	192
2	4527	462
2	4529	123
2	4529	125
2	4529	875
2	4530	137
2	4530	864
2	4531	797
2	4532	95
2	4533	318
2	4534	856
2	4535	551
2	4538	98
2	4538	374
2	4538	854
2	4539	272
2	4539	720
2	4540	492
2	4541	158
2	4541	715
2	4544	286
2	4544	372
2	4546	991
2	4547	15
2	4547	119
2	4547	317
2	4547	557
2	4548	90
2	4548	114
2	4549	100
2	4551	336
2	4551	969
2	4554	501
2	4556	191
2	4558	651
2	4559	478
2	4560	163
2	4561	343
2	4563	335
2	4563	487
2	4565	353
2	4567	383
2	4567	761
2	4567	941
2	4568	349
2	4568	357
2	4569	269
2	4569	351
2	4569	491
2	4569	574
2	4569	600
2	4571	460
2	4572	56
2	4572	532
2	4572	933
2	4573	802
2	4574	136
2	4574	410
2	4575	468
2	4576	516
2	4577	662
2	4577	876
2	4578	23
2	4579	696
2	4579	958
2	4582	30
2	4586	224
2	4587	837
2	4589	907
2	4590	877
2	4590	946
2	4591	188
2	4592	253
2	4593	658
2	4593	954
2	4594	820
2	4596	197
2	4596	471
2	4596	639
2	4597	431
2	4598	416
2	4601	579
2	4602	905
2	4604	34
2	4606	143
2	4606	355
2	4608	840
2	4608	988
2	4609	683
2	4609	748
2	4610	708
2	4610	739
2	4611	76
2	4611	457
2	4611	859
2	4612	284
2	4612	591
2	4612	755
2	4612	799
2	4613	678
2	4614	297
2	4614	603
2	4614	604
2	4615	17
2	4615	67
2	4615	227
2	4615	554
2	4615	721
2	4615	937
2	4616	25
2	4616	104
2	4616	745
2	4617	517
2	4617	542
2	4617	899
2	4617	914
2	4618	74
2	4618	285
2	4618	403
2	4619	150
2	4619	204
2	4619	595
2	4620	483
2	4620	521
2	4621	738
2	4622	122
2	4622	337
2	4622	504
2	4623	407
2	4624	153
2	4624	677
2	4624	772
2	4624	787
2	4625	32
2	4626	508
2	4626	845
2	4628	440
2	4629	608
2	4629	713
2	4631	635
2	4632	5
2	4632	24
2	4632	751
2	4633	586
2	4633	830
2	4634	139
2	4634	360
2	4634	549
2	4634	711
2	4636	991
2	4637	347
2	4637	732
2	4638	258
2	4638	423
2	4638	538
2	4639	121
2	4639	260
2	4639	583
2	4641	698
2	4641	760
2	4642	668
2	4642	766
2	4642	798
2	4643	805
2	4644	518
2	4647	319
2	4648	166
2	4649	223
2	4649	254
2	4649	573
2	4650	245
2	4651	83
2	4651	313
2	4651	484
2	4652	308
2	4652	465
2	4652	485
2	4653	299
2	4653	455
2	4654	978
2	4655	756
2	4656	132
2	4658	66
2	4658	406
2	4658	782
2	4659	8
2	4659	643
2	4659	909
2	4662	311
2	4662	452
2	4662	476
2	4662	771
2	4663	157
2	4663	405
2	4663	729
2	4664	685
2	4667	222
2	4667	356
2	4667	692
2	4668	915
2	4669	612
2	4669	927
2	4670	27
2	4670	207
2	4670	422
2	4670	505
2	4670	605
2	4670	707
2	4671	36
2	4671	558
2	4671	968
2	4672	252
2	4673	190
2	4674	437
2	4676	165
2	4676	742
2	4677	449
2	4677	511
2	4677	985
2	4678	174
2	4679	39
2	4679	176
2	4679	522
2	4681	265
2	4682	232
2	4682	829
2	4683	3
2	4684	11
2	4684	28
2	4685	155
2	4685	256
2	4685	545
2	4685	790
2	4685	857
2	4687	368
2	4687	849
2	4688	134
2	4688	852
2	4689	625
2	4689	736
2	4690	54
2	4690	650
2	4690	693
2	4690	957
2	4691	61
2	4691	108
2	4692	12
2	4692	490
2	4692	690
2	4693	101
2	4693	106
2	4693	572
2	4694	270
2	4694	334
2	4695	120
2	4697	233
2	4697	722
2	4699	519
2	4699	662
2	4700	536
2	4700	562
2	4700	847
2	4702	298
2	4702	548
2	4702	949
2	4704	515
2	4704	593
2	4704	616
2	4704	964
2	4705	396
2	4707	959
2	4708	376
2	4710	29
2	4710	919
2	4711	220
2	4712	584
2	4713	218
2	4713	444
2	4714	710
2	4716	130
2	4716	726
2	4718	257
2	4718	400
2	4719	932
2	4721	336
2	4721	747
2	4722	96
2	4722	432
2	4723	672
2	4723	993
2	4728	473
2	4729	31
2	4730	920
2	4731	263
2	4733	944
2	4734	97
2	4736	199
2	4736	404
2	4738	415
2	4738	622
2	4739	577
2	4740	194
2	4740	539
2	4740	581
2	4745	688
2	4746	102
2	4746	523
2	4746	778
2	4747	45
2	4747	916
2	4749	240
2	4750	724
2	4751	198
2	4751	687
2	4751	963
2	4752	398
2	4753	149
2	4753	393
2	4755	171
2	4757	17
2	4757	117
2	4757	246
2	4758	77
2	4758	421
2	4758	529
2	4758	679
2	4759	116
2	4759	656
2	4760	369
2	4761	827
2	4761	864
2	4762	5
2	4762	6
2	4764	380
2	4765	471
2	4766	599
2	4766	626
2	4767	75
2	4767	330
2	4768	241
2	4768	585
2	4768	708
2	4770	556
2	4771	72
2	4771	453
2	4772	192
2	4772	214
2	4772	461
2	4772	655
2	4773	589
2	4774	552
2	4774	695
2	4774	717
2	4775	282
2	4775	492
2	4776	338
2	4776	664
2	4777	370
2	4778	312
2	4779	92
2	4780	239
2	4780	592
2	4780	621
2	4780	775
2	4780	969
2	4782	497
2	4785	90
2	4785	730
2	4786	381
2	4787	288
2	4788	342
2	4790	133
2	4790	424
2	4791	392
2	4791	591
2	4794	670
2	4794	961
2	4795	249
2	4795	289
2	4795	420
2	4796	158
2	4798	478
2	4799	882
2	4800	242
2	4800	457
2	4801	546
2	4801	856
2	4803	570
2	4804	303
2	4804	541
2	4805	132
2	4805	877
2	4807	34
2	4807	894
2	4808	138
2	4808	229
2	4810	167
2	4810	557
2	4810	958
2	4811	433
2	4811	783
2	4813	290
2	4814	671
2	4815	553
2	4815	786
2	4816	674
2	4816	884
2	4817	660
2	4818	435
2	4818	767
2	4820	525
2	4821	520
2	4821	532
2	4821	872
2	4822	847
2	4823	503
2	4823	574
2	4824	658
2	4824	928
2	4826	568
2	4826	968
2	4827	146
2	4827	729
2	4829	842
2	4830	115
2	4830	696
2	4830	946
2	4831	542
2	4832	51
2	4832	367
2	4832	371
2	4832	386
2	4832	508
2	4832	587
2	4833	235
2	4833	910
2	4834	79
2	4834	304
2	4834	537
2	4834	951
2	4836	182
2	4836	230
2	4836	422
2	4838	348
2	4838	558
2	4838	732
2	4840	565
2	4840	590
2	4841	252
2	4841	516
2	4841	799
2	4841	823
2	4841	895
2	4842	243
2	4842	733
2	4843	54
2	4843	425
2	4843	667
2	4843	960
2	4844	128
2	4844	533
2	4844	619
2	4848	119
2	4848	215
2	4848	494
2	4848	561
2	4848	839
2	4849	547
2	4852	129
2	4852	316
2	4852	633
2	4852	716
2	4853	410
2	4853	466
2	4853	540
2	4853	618
2	4853	847
2	4854	295
2	4854	530
2	4854	741
2	4855	409
2	4855	451
2	4855	665
2	4856	261
2	4858	140
2	4858	279
2	4859	62
2	4859	258
2	4862	447
2	4863	476
2	4863	650
2	4863	738
2	4865	155
2	4865	470
2	4865	594
2	4865	710
2	4866	790
2	4867	293
2	4868	113
2	4868	750
2	4869	352
2	4869	676
2	4869	865
2	4870	936
2	4871	320
2	4872	224
2	4872	232
2	4872	278
2	4872	630
2	4873	627
2	4873	846
2	4874	64
2	4874	238
2	4874	254
2	4876	744
2	4877	136
2	4878	515
2	4878	699
2	4879	955
2	4880	918
2	4881	981
2	4882	65
2	4883	411
2	4884	305
2	4884	340
2	4885	655
2	4886	501
2	4886	906
2	4887	256
2	4887	400
2	4888	740
2	4888	756
2	4890	145
2	4891	310
2	4891	513
2	4891	830
2	4892	841
2	4893	852
2	4896	764
2	4898	440
2	4899	760
2	4901	59
2	4901	110
2	4902	321
2	4903	139
2	4904	199
2	4904	600
2	4904	959
2	4905	15
2	4907	177
2	4907	181
2	4907	1000
2	4908	311
2	4908	549
2	4911	891
2	4912	911
2	4914	174
2	4914	522
2	4915	774
2	4915	849
2	4918	95
2	4918	361
2	4920	210
2	4922	395
2	4922	584
2	4923	123
2	4923	724
2	4925	197
2	4925	905
2	4927	958
2	4928	368
2	4929	560
2	4930	904
2	4931	789
2	4932	135
2	4932	365
2	4932	621
2	4933	446
2	4934	16
2	4934	555
2	4934	583
2	4934	668
2	4934	990
2	4936	308
2	4938	697
2	4938	700
2	4939	402
2	4939	953
2	4940	922
2	4942	353
2	4943	490
2	4944	108
2	4944	624
2	4944	680
2	4945	408
2	4945	597
2	4946	161
2	4946	985
2	4947	820
2	4948	444
2	4948	853
2	4950	212
2	4950	380
2	4951	572
2	4953	406
2	4953	669
2	4955	566
2	4955	644
2	4955	816
2	4956	539
2	4956	721
2	4958	196
2	4958	663
2	4960	7
2	4962	292
2	4962	419
2	4962	478
2	4964	378
2	4964	933
2	4967	612
2	4968	179
2	4968	928
2	4969	525
2	4970	14
2	4970	100
2	4971	313
2	4971	505
2	4972	795
2	4974	457
2	4974	659
2	4975	956
2	4977	189
2	4979	149
2	4979	487
2	4979	656
2	4980	160
2	4981	722
2	4981	733
2	4982	616
2	4983	358
2	4983	581
2	4984	32
2	4985	529
2	4986	582
2	4987	215
2	4987	354
2	4987	589
2	4987	701
2	4989	98
2	4989	242
2	4989	285
2	4989	512
2	4990	188
2	4990	277
2	4991	389
2	4991	858
2	4992	218
2	4994	89
2	4994	989
2	4995	298
2	4995	430
2	4995	636
2	4996	141
2	4996	563
2	4997	816
2	4997	950
2	4998	290
2	5000	679
