2	-1	0
2	1	602
2	3	621
2	4	538
2	4	614
2	5	255
2	6	365
2	6	990
2	7	17
2	7	393
2	8	10
2	8	493
2	8	610
2	13	112
2	13	339
2	13	557
2	13	646
2	13	834
2	14	94
2	14	185
2	14	906
2	16	449
2	17	439
2	17	581
2	18	632
2	18	726
2	19	399
2	20	134
2	20	540
2	20	983
2	21	972
2	22	132
2	22	253
2	22	780
2	23	31
2	23	149
2	23	764
2	24	148
2	25	374
2	26	290
2	26	485
2	26	501
2	28	267
2	28	955
2	29	482
2	29	682
2	30	348
2	30	809
2	30	933
2	31	629
2	32	161
2	32	912
2	33	28
2	35	197
2	35	205
2	36	673
2	37	30
2	37	202
2	37	297
2	37	356
2	38	42
2	38	210
2	39	776
2	39	918
2	40	76
2	41	108
2	41	174
2	42	432
2	42	473
2	42	943
2	44	233
2	44	753
2	45	756
2	46	85
2	47	279
2	47	503
2	48	315
2	48	413
2	50	18
2	50	240
2	50	349
2	51	334
2	51	659
2	52	265
2	52	328
2	52	920
2	53	180
2	53	232
2	54	88
2	54	283
2	54	401
2	54	483
2	54	504
2	55	171
2	55	426
2	55	607
2	56	137
2	56	684
2	57	64
2	57	139
2	57	563
2	58	164
2	59	956
2	60	188
2	60	675
2	61	241
2	61	422
2	61	461
2	62	735
2	62	862
2	63	298
2	63	658
2	65	257
2	65	416
2	65	843
2	66	251
2	66	417
2	67	440
2	67	774
2	68	313
2	68	319
2	68	382
2	70	732
2	71	489
2	72	2
2	73	79
2	74	394
2	75	208
2	76	68
2	76	287
2	76	535
2	76	556
2	79	582
2	79	869
2	81	791
2	83	662
2	85	40
2	85	534
2	85	815
2	86	24
2	86	654
2	89	141
2	90	36
2	91	906
2	93	775
2	94	145
2	94	785
2	95	385
2	95	617
2	96	225
2	96	686
2	98	384
2	100	645
2	101	459
2	101	653
2	102	294
2	102	433
2	106	212
2	107	571
2	107	584
2	107	761
2	108	75
2	108	496
2	110	423
2	110	879
2	111	282
2	112	359
2	114	988
2	115	697
2	117	737
2	118	941
2	119	531
2	119	762
2	120	580
2	121	262
2	122	701
2	122	779
2	126	11
2	132	475
2	133	376
2	133	547
2	134	67
2	134	120
2	134	982
2	135	43
2	135	77
2	137	398
2	138	508
2	139	481
2	141	882
2	144	322
2	144	613
2	144	663
2	145	256
2	146	144
2	146	253
2	150	884
2	151	312
2	152	249
2	153	98
2	153	268
2	153	336
2	155	227
2	155	456
2	156	90
2	158	183
2	158	960
2	159	191
2	159	509
2	159	891
2	160	460
2	160	890
2	161	758
2	162	566
2	162	581
2	163	327
2	163	397
2	163	490
2	164	29
2	164	33
2	165	959
2	167	219
2	167	252
2	168	6
2	168	160
2	168	610
2	168	698
2	170	276
2	170	391
2	170	404
2	170	628
2	170	724
2	171	214
2	172	110
2	172	598
2	174	623
2	175	304
2	175	310
2	175	470
2	176	82
2	176	386
2	176	738
2	177	565
2	177	657
2	178	187
2	178	462
2	178	748
2	179	229
2	181	323
2	181	572
2	181	609
2	181	895
2	182	244
2	182	364
2	183	403
2	184	213
2	184	236
2	184	553
2	184	924
2	185	311
2	186	76
2	188	118
2	188	355
2	188	674
2	190	585
2	190	709
2	191	314
2	191	599
2	191	744
2	191	851
2	192	457
2	192	934
2	193	358
2	193	660
2	194	740
2	195	190
2	195	629
2	195	752
2	195	840
2	196	324
2	196	573
2	198	313
2	199	424
2	199	445
2	199	474
2	202	55
2	202	334
2	203	502
2	205	366
2	206	199
2	206	308
2	206	782
2	207	288
2	207	306
2	208	750
2	209	237
2	209	506
2	210	235
2	210	593
2	211	621
2	211	646
2	211	751
2	212	85
2	212	682
2	213	428
2	215	431
2	215	760
2	215	772
2	216	353
2	216	807
2	216	922
2	219	809
2	220	295
2	221	487
2	223	296
2	225	501
2	225	979
2	226	93
2	229	679
2	233	279
2	234	488
2	234	492
2	236	34
2	236	114
2	237	132
2	238	298
2	239	886
2	240	18
2	243	417
2	243	795
2	243	971
2	248	128
2	248	283
2	250	14
2	250	70
2	251	172
2	252	340
2	252	443
2	252	513
2	252	602
2	252	710
2	255	203
2	255	514
2	255	632
2	255	937
2	258	521
2	258	595
2	259	230
2	259	480
2	259	619
2	260	194
2	260	196
2	260	882
2	261	385
2	262	59
2	262	113
2	262	636
2	263	182
2	263	702
2	264	766
2	264	845
2	265	130
2	265	264
2	265	743
2	265	919
2	266	26
2	267	272
2	269	466
2	269	945
2	270	394
2	270	562
2	271	122
2	271	157
2	271	540
2	271	687
2	271	852
2	272	816
2	274	106
2	274	332
2	274	771
2	275	201
2	275	251
2	275	485
2	275	890
2	276	560
2	276	927
2	279	186
2	280	892
2	281	638
2	282	180
2	282	204
2	282	453
2	282	798
2	285	271
2	285	330
2	287	242
2	287	707
2	287	840
2	288	111
2	288	586
2	290	138
2	290	662
2	291	116
2	291	178
2	291	664
2	294	337
2	294	653
2	296	338
2	296	848
2	297	233
2	297	299
2	298	467
2	299	125
2	300	222
2	300	847
2	301	42
2	301	86
2	301	925
2	302	350
2	303	528
2	304	23
2	304	700
2	304	963
2	305	675
2	306	148
2	306	426
2	306	791
2	307	81
2	307	651
2	307	778
2	308	61
2	309	316
2	309	683
2	310	71
2	310	88
2	310	777
2	310	887
2	311	131
2	313	435
2	313	531
2	313	574
2	314	624
2	315	2
2	315	735
2	315	933
2	315	982
2	317	107
2	317	444
2	317	537
2	318	919
2	318	930
2	319	17
2	319	50
2	319	103
2	319	666
2	320	181
2	320	658
2	321	361
2	322	53
2	322	517
2	322	838
2	322	950
2	323	728
2	324	149
2	324	538
2	324	673
2	324	995
2	325	618
2	325	821
2	326	261
2	326	733
2	326	750
2	327	232
2	327	499
2	328	924
2	329	588
2	331	419
2	333	392
2	334	250
2	334	788
2	335	104
2	335	525
2	337	89
2	338	165
2	338	774
2	338	979
2	339	775
2	339	984
2	340	197
2	340	535
2	341	341
2	343	865
2	344	20
2	344	422
2	346	657
2	347	410
2	347	688
2	352	450
2	354	405
2	354	968
2	355	415
2	355	492
2	357	473
2	359	137
2	359	639
2	360	105
2	361	367
2	361	481
2	361	634
2	361	680
2	363	387
2	363	697
2	364	855
2	365	320
2	367	31
2	367	412
2	368	313
2	369	898
2	370	667
2	370	718
2	371	336
2	372	495
2	372	543
2	372	686
2	373	120
2	373	809
2	375	519
2	375	730
2	375	793
2	376	139
2	376	811
2	376	860
2	377	610
2	377	919
2	377	954
2	379	99
2	379	369
2	379	502
2	379	737
2	380	200
2	381	769
2	382	349
2	382	633
2	383	141
2	383	229
2	384	461
2	385	80
2	385	712
2	386	356
2	387	311
2	387	516
2	388	254
2	388	947
2	389	418
2	390	792
2	391	659
2	391	930
2	394	647
2	394	715
2	395	226
2	395	408
2	396	331
2	396	589
2	396	690
2	397	989
2	401	709
2	403	39
2	403	217
2	405	84
2	405	212
2	405	587
2	405	808
2	406	636
2	406	843
2	406	893
2	407	109
2	407	376
2	407	506
2	409	121
2	409	714
2	409	967
2	410	318
2	410	782
2	410	872
2	411	980
2	412	909
2	413	497
2	413	752
2	414	776
2	415	342
2	415	851
2	415	920
2	415	988
2	416	913
2	416	966
2	418	123
2	418	912
2	419	441
2	420	312
2	421	994
2	422	940
2	423	446
2	425	625
2	425	630
2	425	914
2	425	995
2	426	663
2	427	307
2	429	600
2	430	108
2	431	203
2	431	487
2	433	833
2	434	650
2	435	297
2	435	498
2	435	756
2	439	71
2	439	691
2	441	95
2	441	534
2	442	580
2	444	503
2	445	30
2	445	323
2	446	926
2	448	734
2	448	797
2	452	947
2	454	681
2	455	569
2	456	507
2	456	599
2	457	23
2	457	194
2	457	305
2	457	377
2	458	979
2	460	68
2	461	247
2	463	479
2	464	568
2	466	56
2	466	70
2	467	26
2	468	271
2	468	449
2	468	919
2	470	509
2	470	952
2	471	705
2	472	472
2	472	760
2	473	83
2	473	132
2	473	146
2	473	309
2	473	896
2	474	345
2	474	385
2	475	15
2	475	75
2	475	829
2	476	79
2	476	678
2	477	27
2	477	359
2	479	150
2	479	897
2	481	42
2	481	693
2	481	806
2	482	187
2	482	363
2	482	917
2	485	298
2	485	330
2	485	598
2	485	603
2	486	47
2	486	98
2	487	177
2	487	434
2	487	727
2	488	257
2	488	396
2	488	621
2	490	58
2	491	494
2	491	552
2	492	34
2	492	55
2	492	898
2	493	92
2	494	582
2	496	435
2	497	561
2	498	178
2	498	262
2	498	294
2	499	350
2	499	425
2	499	477
2	500	81
2	500	122
2	500	523
2	500	558
2	501	274
2	501	360
2	501	480
2	501	666
2	502	69
2	502	368
2	503	553
2	503	985
2	504	3
2	505	366
2	505	375
2	505	421
2	505	991
2	506	389
2	507	195
2	507	749
2	507	758
2	508	361
2	508	657
2	509	832
2	510	640
2	510	696
2	510	789
2	511	173
2	511	512
2	514	140
2	514	517
2	515	182
2	516	720
2	517	54
2	518	481
2	518	936
2	519	244
2	519	533
2	520	235
2	520	302
2	520	538
2	520	918
2	520	955
2	524	275
2	524	315
2	524	528
2	524	719
2	525	57
2	525	72
2	525	579
2	526	665
2	528	772
2	529	688
2	530	731
2	530	778
2	532	236
2	533	407
2	533	740
2	534	283
2	535	783
2	536	395
2	536	432
2	536	571
2	536	882
2	538	566
2	539	104
2	540	90
2	540	96
2	540	415
2	540	684
2	541	920
2	542	156
2	542	408
2	542	515
2	542	998
2	543	66
2	545	144
2	545	281
2	545	768
2	545	919
2	546	713
2	547	76
2	547	382
2	547	412
2	548	232
2	548	708
2	549	679
2	549	776
2	550	249
2	550	605
2	551	202
2	551	995
2	552	222
2	552	450
2	553	313
2	556	209
2	556	525
2	557	129
2	557	958
2	558	145
2	558	805
2	559	457
2	560	897
2	561	723
2	562	6
2	562	702
2	563	65
2	563	371
2	563	860
2	565	296
2	565	761
2	568	604
2	568	948
2	570	508
2	571	792
2	571	949
2	572	671
2	573	753
2	574	53
2	574	473
2	574	933
2	575	241
2	575	728
2	575	997
2	576	592
2	577	36
2	577	458
2	577	689
2	581	653
2	582	735
2	583	362
2	583	602
2	587	199
2	587	892
2	591	174
2	591	974
2	592	234
2	594	204
2	594	576
2	597	943
2	598	646
2	598	741
2	599	124
2	599	356
2	599	636
2	600	510
2	600	587
2	605	987
2	607	884
2	608	885
2	609	189
2	609	221
2	609	807
2	609	937
2	612	353
2	612	744
2	613	721
2	613	959
2	616	511
2	618	307
2	620	583
2	620	710
2	622	125
2	623	243
2	624	397
2	624	475
2	624	599
2	625	652
2	625	975
2	627	301
2	627	305
2	628	818
2	628	840
2	629	428
2	630	153
2	630	326
2	630	470
2	631	12
2	632	119
2	633	403
2	633	829
2	634	654
2	635	60
2	636	649
2	637	701
2	638	210
2	638	267
2	638	631
2	639	231
2	639	863
2	641	555
2	642	917
2	643	413
2	644	472
2	644	531
2	644	697
2	645	732
2	645	980
2	646	337
2	647	293
2	647	398
2	649	10
2	649	543
2	649	887
2	650	338
2	651	454
2	652	306
2	652	350
2	652	859
2	654	620
2	654	787
2	654	906
2	656	336
2	656	357
2	657	939
2	658	561
2	659	219
2	659	343
2	659	786
2	660	150
2	660	394
2	661	573
2	662	220
2	663	630
2	663	832
2	664	40
2	665	137
2	665	164
2	666	899
2	667	500
2	667	757
2	668	788
2	669	495
2	672	714
2	673	662
2	675	105
2	675	177
2	675	439
2	676	588
2	677	279
2	678	147
2	678	316
2	678	380
2	679	149
2	680	512
2	681	44
2	681	479
2	682	762
2	683	474
2	685	421
2	686	213
2	686	256
2	686	589
2	687	392
2	688	155
2	689	623
2	691	268
2	691	804
2	692	180
2	693	726
2	694	245
2	695	564
2	697	518
2	700	348
2	700	351
2	700	419
2	701	30
2	701	480
2	701	660
2	701	884
2	702	542
2	702	926
2	703	237
2	704	596
2	706	205
2	706	236
2	708	273
2	709	72
2	711	49
2	711	831
2	712	184
2	712	708
2	712	933
2	713	48
2	714	611
2	716	278
2	716	520
2	717	400
2	717	575
2	717	742
2	720	266
2	721	638
2	721	943
2	722	129
2	723	312
2	723	604
2	723	980
2	724	409
2	725	1
2	725	63
2	725	323
2	725	558
2	726	73
2	726	912
2	727	16
2	727	181
2	727	324
2	729	276
2	730	676
2	731	284
2	732	873
2	733	204
2	734	496
2	734	733
2	735	6
2	738	57
2	739	586
2	740	691
2	740	983
2	741	404
2	742	122
2	743	467
2	743	477
2	743	536
2	743	702
2	744	8
2	744	13
2	745	285
2	745	514
2	746	311
2	747	3
2	747	633
2	747	749
2	750	937
2	751	320
2	752	591
2	752	657
2	752	745
2	753	11
2	753	715
2	757	45
2	757	939
2	759	259
2	759	406
2	760	645
2	760	659
2	760	765
2	761	232
2	761	386
2	762	197
2	762	680
2	762	869
2	762	889
2	763	225
2	763	423
2	763	565
2	763	648
2	765	393
2	765	717
2	766	206
2	767	526
2	768	503
2	769	752
2	769	890
2	770	420
2	770	656
2	771	836
2	772	469
2	772	499
2	772	571
2	773	963
2	774	936
2	775	716
2	779	62
2	779	170
2	779	329
2	780	541
2	781	450
2	782	141
2	782	529
2	782	709
2	782	734
2	785	140
2	785	452
2	785	617
2	787	222
2	787	405
2	789	135
2	789	606
2	790	833
2	791	397
2	791	719
2	792	491
2	792	819
2	793	193
2	793	446
2	793	794
2	795	200
2	795	525
2	796	422
2	796	610
2	797	843
2	801	759
2	803	26
2	803	217
2	803	247
2	803	460
2	804	873
2	805	261
2	805	270
2	805	767
2	806	361
2	809	210
2	810	289
2	810	805
2	811	577
2	811	976
2	812	549
2	812	940
2	813	602
2	813	929
2	816	271
2	816	859
2	817	18
2	817	113
2	817	382
2	819	326
2	819	569
2	820	997
2	821	318
2	821	321
2	822	23
2	822	303
2	822	567
2	823	739
2	823	995
2	824	165
2	824	302
2	825	579
2	826	212
2	826	354
2	827	627
2	828	993
2	829	219
2	832	924
2	833	290
2	833	675
2	835	75
2	836	286
2	836	646
2	837	342
2	839	182
2	839	449
2	840	453
2	841	117
2	842	546
2	842	666
2	843	753
2	844	183
2	845	293
2	845	501
2	845	524
2	846	696
2	846	947
2	846	982
2	847	383
2	848	540
2	848	713
2	850	625
2	851	789
2	851	790
2	852	31
2	852	556
2	852	661
2	855	791
2	855	985
2	856	534
2	857	826
2	859	95
2	859	195
2	861	376
2	863	357
2	865	167
2	866	216
2	866	574
2	867	164
2	867	249
2	868	162
2	868	223
2	868	689
2	868	950
2	869	176
2	869	224
2	869	508
2	870	368
2	870	900
2	871	572
2	871	738
2	872	603
2	872	672
2	873	612
2	874	134
2	874	587
2	874	618
2	875	520
2	875	554
2	875	877
2	877	81
2	877	179
2	877	208
2	877	507
2	878	629
2	879	34
2	879	593
2	881	112
2	882	378
2	882	960
2	883	358
2	883	707
2	884	83
2	884	515
2	885	773
2	886	163
2	886	573
2	887	441
2	887	605
2	888	25
2	888	371
2	888	445
2	888	721
2	889	6
2	889	128
2	890	173
2	892	329
2	892	454
2	892	921
2	894	447
2	894	537
2	895	125
2	895	822
2	896	419
2	897	589
2	898	170
2	898	243
2	899	277
2	899	374
2	900	859
2	902	510
2	903	979
2	904	124
2	904	282
2	904	301
2	905	936
2	906	211
2	907	891
2	908	174
2	908	406
2	909	369
2	909	381
2	909	496
2	909	750
2	912	669
2	913	925
2	914	251
2	914	729
2	915	82
2	915	184
2	916	384
2	916	714
2	922	482
2	922	495
2	923	336
2	923	486
2	923	995
2	924	631
2	925	289
2	925	698
2	926	297
2	926	335
2	927	882
2	928	177
2	931	126
2	931	154
2	931	360
2	933	227
2	933	285
2	935	854
2	936	51
2	937	133
2	937	722
2	937	906
2	938	266
2	938	438
2	938	444
2	938	530
2	938	585
2	939	226
2	939	489
2	941	497
2	943	7
2	946	74
2	946	665
2	946	734
2	949	718
2	949	864
2	950	143
2	950	764
2	951	98
2	951	570
2	955	411
2	957	96
2	957	849
2	958	394
2	958	440
2	962	33
2	962	966
2	964	807
2	965	317
2	966	720
2	967	225
2	970	596
2	972	136
2	973	325
2	973	620
2	975	802
2	976	712
2	978	952
2	980	433
2	980	483
2	981	23
2	981	229
2	982	80
2	982	705
2	984	35
2	984	212
2	984	451
2	985	107
2	986	106
2	986	111
2	986	387
2	986	461
2	987	130
2	987	214
2	988	279
2	988	685
2	989	155
2	990	4
2	990	232
2	992	851
2	992	879
2	993	373
2	994	465
2	995	623
2	995	723
2	996	615
2	996	763
2	997	467
2	997	973
2	997	996
2	999	118
2	1002	586
2	1003	639
2	1004	850
2	1005	219
2	1006	601
2	1007	244
2	1007	446
2	1009	239
2	1009	284
2	1009	295
2	1009	626
2	1010	58
2	1010	477
2	1011	922
2	1013	78
2	1013	99
2	1013	390
2	1013	421
2	1013	753
2	1015	210
2	1016	204
2	1017	218
2	1017	912
2	1018	471
2	1020	22
2	1022	752
2	1023	800
2	1024	278
2	1024	288
2	1025	619
2	1026	209
2	1027	699
2	1028	280
2	1028	552
2	1028	638
2	1028	711
2	1029	132
2	1029	389
2	1031	590
2	1035	330
2	1036	191
2	1036	498
2	1036	543
2	1036	931
2	1037	264
2	1037	464
2	1038	273
2	1039	267
2	1039	326
2	1040	14
2	1040	771
2	1040	985
2	1041	470
2	1041	588
2	1042	147
2	1043	767
2	1044	3
2	1044	567
2	1045	911
2	1046	134
2	1046	441
2	1046	512
2	1046	754
2	1046	838
2	1046	965
2	1047	217
2	1047	613
2	1048	676
2	1048	957
2	1049	815
2	1050	168
2	1050	356
2	1050	580
2	1051	609
2	1052	258
2	1053	197
2	1053	530
2	1054	554
2	1055	436
2	1055	553
2	1056	406
2	1056	427
2	1057	534
2	1057	772
2	1058	36
2	1058	60
2	1058	125
2	1058	812
2	1059	119
2	1059	194
2	1059	494
2	1060	69
2	1060	72
2	1060	88
2	1061	59
2	1061	725
2	1061	794
2	1062	401
2	1063	783
2	1064	220
2	1064	342
2	1064	645
2	1064	698
2	1065	834
2	1066	216
2	1066	268
2	1066	789
2	1067	610
2	1067	740
2	1068	456
2	1068	523
2	1068	594
2	1068	693
2	1069	102
2	1069	103
2	1069	579
2	1069	910
2	1070	299
2	1072	175
2	1073	566
2	1073	671
2	1073	852
2	1074	79
2	1074	117
2	1076	640
2	1077	605
2	1077	709
2	1078	206
2	1078	559
2	1079	453
2	1081	207
2	1083	408
2	1083	674
2	1085	948
2	1086	923
2	1087	29
2	1087	46
2	1087	226
2	1088	500
2	1088	612
2	1088	668
2	1088	886
2	1089	700
2	1091	785
2	1092	874
2	1093	388
2	1093	992
2	1094	208
2	1097	55
2	1097	363
2	1097	983
2	1100	493
2	1101	230
2	1101	546
2	1102	748
2	1103	357
2	1104	717
2	1105	991
2	1106	90
2	1106	285
2	1106	577
2	1107	622
2	1108	199
2	1109	161
2	1110	143
2	1110	707
2	1111	193
2	1111	628
2	1111	732
2	1111	921
2	1112	149
2	1112	479
2	1112	558
2	1113	254
2	1115	714
2	1115	766
2	1116	34
2	1116	322
2	1116	1000
2	1117	306
2	1118	65
2	1118	867
2	1119	439
2	1119	787
2	1120	294
2	1121	492
2	1121	666
2	1122	522
2	1122	902
2	1123	334
2	1123	366
2	1124	571
2	1125	329
2	1125	381
2	1126	196
2	1126	432
2	1126	584
2	1126	677
2	1127	384
2	1127	429
2	1127	686
2	1127	838
2	1128	176
2	1128	319
2	1132	77
2	1132	947
2	1133	74
2	1133	307
2	1133	527
2	1133	624
2	1133	721
2	1134	76
2	1134	448
2	1134	892
2	1135	447
2	1136	172
2	1136	262
2	1136	487
2	1137	639
2	1139	83
2	1139	255
2	1139	263
2	1139	284
2	1140	974
2	1140	975
2	1141	2
2	1141	652
2	1141	708
2	1141	895
2	1142	109
2	1142	145
2	1143	228
2	1143	310
2	1143	473
2	1143	647
2	1143	913
2	1145	53
2	1145	270
2	1145	617
2	1146	94
2	1146	195
2	1147	30
2	1147	713
2	1147	719
2	1148	170
2	1148	349
2	1149	155
2	1149	454
2	1150	288
2	1150	924
2	1152	156
2	1153	99
2	1153	718
2	1153	840
2	1154	173
2	1154	459
2	1155	295
2	1156	286
2	1156	925
2	1157	203
2	1157	592
2	1157	775
2	1158	118
2	1159	341
2	1160	86
2	1161	414
2	1162	272
2	1163	123
2	1163	131
2	1163	250
2	1163	563
2	1165	423
2	1165	749
2	1167	359
2	1167	556
2	1167	969
2	1168	742
2	1168	792
2	1168	875
2	1169	961
2	1170	6
2	1172	116
2	1172	245
2	1172	868
2	1173	593
2	1175	885
2	1175	933
2	1176	152
2	1176	664
2	1179	510
2	1180	10
2	1180	397
2	1181	332
2	1181	365
2	1182	75
2	1182	801
2	1183	171
2	1184	545
2	1185	187
2	1186	351
2	1186	589
2	1187	211
2	1187	854
2	1187	971
2	1189	856
2	1190	144
2	1192	962
2	1195	345
2	1195	598
2	1199	231
2	1202	650
2	1204	468
2	1205	559
2	1206	857
2	1207	218
2	1207	601
2	1208	277
2	1208	579
2	1210	424
2	1210	581
2	1210	896
2	1212	129
2	1212	790
2	1213	578
2	1213	698
2	1214	452
2	1216	314
2	1216	315
2	1216	731
2	1216	853
2	1217	574
2	1217	657
2	1218	120
2	1218	450
2	1219	128
2	1222	258
2	1223	38
2	1223	158
2	1224	256
2	1225	247
2	1225	833
2	1226	371
2	1226	539
2	1227	907
2	1230	635
2	1230	733
2	1230	760
2	1231	409
2	1233	693
2	1233	722
2	1234	826
2	1236	457
2	1237	597
2	1240	817
2	1240	940
2	1241	178
2	1241	524
2	1242	11
2	1242	52
2	1242	480
2	1244	377
2	1244	774
2	1245	327
2	1245	784
2	1247	27
2	1247	827
2	1248	659
2	1249	431
2	1250	110
2	1250	113
2	1250	585
2	1251	521
2	1251	686
2	1252	703
2	1254	105
2	1254	998
2	1255	330
2	1255	663
2	1256	795
2	1257	502
2	1257	957
2	1258	32
2	1260	705
2	1261	422
2	1261	488
2	1261	685
2	1262	281
2	1262	511
2	1262	765
2	1264	275
2	1264	406
2	1265	14
2	1265	331
2	1265	873
2	1268	571
2	1268	899
2	1268	975
2	1269	202
2	1270	146
2	1270	587
2	1270	884
2	1271	7
2	1271	507
2	1272	390
2	1272	678
2	1273	271
2	1273	844
2	1274	387
2	1274	495
2	1274	569
2	1275	197
2	1276	279
2	1276	821
2	1280	124
2	1281	350
2	1282	983
2	1283	121
2	1284	24
2	1284	621
2	1287	78
2	1288	259
2	1290	443
2	1293	133
2	1293	627
2	1293	920
2	1297	428
2	1297	478
2	1297	582
2	1299	496
2	1302	162
2	1302	674
2	1303	391
2	1304	167
2	1305	432
2	1307	463
2	1308	160
2	1308	623
2	1308	868
2	1309	74
2	1311	393
2	1312	37
2	1312	711
2	1313	497
2	1314	240
2	1314	527
2	1314	558
2	1314	960
2	1315	66
2	1323	224
2	1323	970
2	1329	306
2	1330	144
2	1330	519
2	1331	563
2	1331	915
2	1334	916
2	1335	186
2	1336	147
2	1336	230
2	1336	634
2	1336	934
2	1338	50
2	1338	436
2	1338	469
2	1338	799
2	1340	201
2	1341	417
2	1342	130
2	1345	28
2	1345	893
2	1346	300
2	1346	433
2	1346	637
2	1347	241
2	1347	656
2	1348	413
2	1348	969
2	1349	335
2	1349	935
2	1350	288
2	1352	246
2	1352	426
2	1353	354
2	1354	75
2	1354	666
2	1355	321
2	1356	26
2	1357	385
2	1357	917
2	1358	483
2	1359	712
2	1360	17
2	1360	190
2	1361	134
2	1361	151
2	1361	593
2	1361	653
2	1366	553
2	1366	744
2	1369	269
2	1369	515
2	1370	205
2	1370	301
2	1370	509
2	1370	626
2	1370	728
2	1372	152
2	1372	921
2	1373	150
2	1373	614
2	1374	348
2	1374	886
2	1375	615
2	1378	62
2	1378	67
2	1379	289
2	1380	255
2	1381	319
2	1381	565
2	1383	399
2	1383	790
2	1383	844
2	1384	146
2	1385	31
2	1385	368
2	1387	532
2	1388	103
2	1388	257
2	1388	785
2	1388	981
2	1389	264
2	1389	754
2	1390	322
2	1390	420
2	1390	761
2	1390	775
2	1391	139
2	1391	365
2	1391	379
2	1391	601
2	1391	619
2	1391	687
2	1392	487
2	1392	652
2	1394	273
2	1394	936
2	1395	333
2	1396	625
2	1396	850
2	1396	921
2	1397	101
2	1397	459
2	1397	958
2	1398	693
2	1399	64
2	1399	434
2	1399	865
2	1400	284
2	1400	555
2	1402	105
2	1402	552
2	1403	604
2	1405	740
2	1408	180
2	1409	304
2	1410	175
2	1411	460
2	1413	235
2	1413	616
2	1415	402
2	1415	444
2	1416	99
2	1416	643
2	1416	716
2	1416	786
2	1417	143
2	1417	845
2	1419	296
2	1419	371
2	1419	427
2	1420	39
2	1420	805
2	1421	162
2	1422	811
2	1422	840
2	1423	828
2	1424	863
2	1425	128
2	1425	400
2	1425	590
2	1425	925
2	1426	193
2	1427	221
2	1427	694
2	1431	804
2	1432	635
2	1433	234
2	1434	11
2	1434	155
2	1434	216
2	1434	556
2	1435	739
2	1436	206
2	1437	47
2	1438	138
2	1438	367
2	1438	730
2	1439	217
2	1439	326
2	1440	542
2	1441	534
2	1441	726
2	1444	73
2	1444	95
2	1445	594
2	1445	734
2	1446	742
2	1446	870
2	1447	77
2	1447	715
2	1447	831
2	1448	725
2	1449	65
2	1449	778
2	1451	809
2	1452	603
2	1454	888
2	1455	93
2	1456	258
2	1456	639
2	1456	792
2	1457	502
2	1457	580
2	1457	993
2	1458	318
2	1458	537
2	1458	622
2	1459	57
2	1459	588
2	1461	83
2	1462	66
2	1462	435
2	1463	613
2	1463	750
2	1464	454
2	1464	501
2	1464	738
2	1465	658
2	1466	250
2	1466	401
2	1466	719
2	1466	788
2	1467	583
2	1467	706
2	1468	746
2	1469	407
2	1469	885
2	1470	340
2	1470	650
2	1471	484
2	1472	34
2	1472	70
2	1472	646
2	1472	881
2	1473	188
2	1473	980
2	1475	41
2	1475	498
2	1475	609
2	1476	768
2	1477	80
2	1480	373
2	1480	669
2	1480	847
2	1481	518
2	1482	132
2	1482	574
2	1484	124
2	1484	853
2	1485	242
2	1486	274
2	1487	339
2	1487	548
2	1488	38
2	1488	42
2	1488	751
2	1489	404
2	1489	559
2	1490	575
2	1490	784
2	1490	869
2	1491	391
2	1492	168
2	1493	618
2	1493	774
2	1494	3
2	1494	510
2	1495	309
2	1496	82
2	1496	384
2	1497	674
2	1497	718
2	1497	943
2	1498	472
2	1499	422
2	1499	538
2	1500	374
2	1500	438
2	1501	333
2	1502	202
2	1504	632
2	1504	940
2	1505	341
2	1505	644
2	1507	508
2	1507	651
2	1508	809
2	1511	92
2	1512	777
2	1513	801
2	1515	817
2	1517	455
2	1517	482
2	1518	965
2	1519	895
2	1520	198
2	1520	414
2	1520	660
2	1524	346
2	1524	530
2	1525	970
2	1526	678
2	1526	967
2	1529	123
2	1530	441
2	1531	396
2	1532	440
2	1533	884
2	1534	81
2	1534	360
2	1534	467
2	1534	995
2	1535	697
2	1535	969
2	1536	17
2	1536	174
2	1536	203
2	1536	581
2	1537	589
2	1539	74
2	1540	211
2	1540	603
2	1541	233
2	1541	996
2	1543	680
2	1543	785
2	1544	828
2	1545	267
2	1546	361
2	1546	599
2	1546	601
2	1549	614
2	1549	858
2	1550	957
2	1551	571
2	1553	743
2	1554	416
2	1554	529
2	1555	453
2	1556	119
2	1558	386
2	1559	71
2	1560	624
2	1560	903
2	1562	759
2	1563	406
2	1564	543
2	1564	869
2	1566	714
2	1566	875
2	1567	499
2	1568	704
2	1570	766
2	1570	944
2	1571	483
2	1572	50
2	1572	523
2	1572	859
2	1574	485
2	1575	833
2	1576	195
2	1576	208
2	1577	300
2	1580	303
2	1581	705
2	1584	999
2	1586	827
2	1592	285
2	1594	994
2	1595	269
2	1597	156
2	1598	813
2	1599	428
2	1600	308
2	1601	585
2	1602	921
2	1604	383
2	1604	990
2	1605	465
2	1606	819
2	1608	212
2	1608	421
2	1608	882
2	1610	558
2	1612	452
2	1613	313
2	1613	475
2	1613	671
2	1613	893
2	1614	134
2	1616	454
2	1618	553
2	1618	884
2	1619	706
2	1626	710
2	1627	67
2	1629	79
2	1629	129
2	1630	739
2	1630	744
2	1630	937
2	1631	220
2	1633	27
2	1633	37
2	1633	218
2	1635	922
2	1636	463
2	1636	761
2	1636	793
2	1636	912
2	1637	301
2	1638	213
2	1640	297
2	1640	652
2	1640	776
2	1641	151
2	1641	977
2	1646	131
2	1646	225
2	1646	756
2	1647	293
2	1647	487
2	1649	757
2	1651	667
2	1651	747
2	1652	176
2	1652	606
2	1653	326
2	1654	883
2	1654	914
2	1656	166
2	1656	196
2	1656	244
2	1656	387
2	1657	259
2	1657	928
2	1659	94
2	1659	588
2	1660	42
2	1661	875
2	1662	188
2	1662	811
2	1663	476
2	1663	595
2	1663	669
2	1664	466
2	1664	562
2	1664	672
2	1667	302
2	1668	152
2	1669	711
2	1669	910
2	1670	357
2	1670	683
2	1670	684
2	1670	742
2	1671	10
2	1673	48
2	1673	348
2	1675	866
2	1675	993
2	1677	333
2	1677	890
2	1677	953
2	1678	114
2	1680	901
2	1681	963
2	1682	201
2	1682	461
2	1683	318
2	1684	502
2	1686	127
2	1686	836
2	1687	782
2	1687	983
2	1688	971
2	1689	49
2	1689	417
2	1692	89
2	1696	226
2	1697	740
2	1698	283
2	1699	743
2	1700	593
2	1700	688
2	1701	65
2	1702	696
2	1704	219
2	1706	264
2	1706	444
2	1707	26
2	1707	480
2	1708	630
2	1709	187
2	1710	256
2	1711	748
2	1712	344
2	1712	840
2	1713	353
2	1713	514
2	1713	549
2	1714	102
2	1714	310
2	1715	303
2	1715	317
2	1715	456
2	1715	720
2	1715	980
2	1716	41
2	1716	163
2	1716	291
2	1716	413
2	1716	459
2	1717	2
2	1717	189
2	1718	153
2	1718	209
2	1718	867
2	1718	983
2	1719	101
2	1719	537
2	1721	235
2	1721	272
2	1723	93
2	1723	347
2	1723	653
2	1724	576
2	1724	724
2	1724	882
2	1727	170
2	1728	529
2	1729	144
2	1729	281
2	1729	561
2	1729	572
2	1729	580
2	1731	14
2	1732	389
2	1733	296
2	1733	764
2	1734	478
2	1734	717
2	1736	142
2	1736	931
2	1737	709
2	1737	746
2	1739	241
2	1740	148
2	1740	627
2	1741	646
2	1742	28
2	1745	403
2	1745	657
2	1745	949
2	1746	341
2	1747	54
2	1747	481
2	1749	319
2	1753	418
2	1755	809
2	1758	15
2	1760	346
2	1760	959
2	1761	718
2	1762	760
2	1763	524
2	1764	442
2	1764	528
2	1765	379
2	1767	304
2	1768	145
2	1768	416
2	1770	99
2	1770	125
2	1772	622
2	1772	887
2	1773	440
2	1774	39
2	1774	485
2	1774	728
2	1774	977
2	1775	879
2	1776	937
2	1777	765
2	1777	958
2	1778	614
2	1779	557
2	1780	116
2	1780	299
2	1781	135
2	1782	558
2	1783	168
2	1783	206
2	1786	32
2	1789	568
2	1790	607
2	1792	358
2	1793	25
2	1793	288
2	1793	619
2	1794	292
2	1794	880
2	1795	45
2	1795	203
2	1796	200
2	1796	497
2	1796	599
2	1796	774
2	1797	492
2	1798	197
2	1798	583
2	1799	986
2	1802	275
2	1802	633
2	1803	244
2	1803	330
2	1803	650
2	1804	191
2	1804	754
2	1805	484
2	1806	212
2	1806	667
2	1807	533
2	1808	411
2	1809	531
2	1810	496
2	1810	563
2	1811	133
2	1812	555
2	1812	761
2	1815	110
2	1816	104
2	1816	220
2	1817	260
2	1817	266
2	1818	652
2	1818	792
2	1820	188
2	1821	237
2	1821	472
2	1822	82
2	1822	375
2	1823	90
2	1824	554
2	1824	679
2	1824	714
2	1826	748
2	1827	516
2	1828	378
2	1829	3
2	1830	8
2	1830	513
2	1831	587
2	1832	247
2	1832	427
2	1832	495
2	1832	691
2	1833	108
2	1833	261
2	1833	553
2	1835	333
2	1835	430
2	1835	744
2	1837	58
2	1837	245
2	1837	793
2	1838	101
2	1838	673
2	1838	874
2	1839	722
2	1839	896
2	1839	958
2	1840	630
2	1840	961
2	1841	57
2	1841	608
2	1841	785
2	1841	839
2	1842	143
2	1842	425
2	1844	56
2	1844	243
2	1845	682
2	1845	931
2	1846	564
2	1846	721
2	1846	767
2	1847	207
2	1847	595
2	1847	943
2	1848	551
2	1851	521
2	1852	224
2	1852	400
2	1852	501
2	1853	803
2	1853	843
2	1854	735
2	1855	130
2	1855	602
2	1856	96
2	1856	351
2	1856	438
2	1856	659
2	1857	494
2	1857	773
2	1857	948
2	1858	80
2	1859	337
2	1859	443
2	1860	232
2	1860	578
2	1860	625
2	1860	985
2	1861	577
2	1862	137
2	1862	856
2	1862	966
2	1863	387
2	1863	455
2	1864	149
2	1866	198
2	1866	331
2	1866	488
2	1867	319
2	1867	350
2	1867	397
2	1867	655
2	1868	530
2	1869	155
2	1871	736
2	1871	865
2	1871	923
2	1872	357
2	1873	716
2	1875	307
2	1875	353
2	1875	601
2	1876	964
2	1877	12
2	1877	678
2	1878	819
2	1880	19
2	1880	162
2	1880	827
2	1881	221
2	1881	766
2	1882	181
2	1882	434
2	1884	458
2	1884	712
2	1886	128
2	1886	615
2	1887	176
2	1888	372
2	1888	755
2	1891	33
2	1891	178
2	1891	732
2	1892	374
2	1892	903
2	1893	653
2	1894	715
2	1894	961
2	1895	786
2	1897	479
2	1897	957
2	1898	291
2	1898	449
2	1900	263
2	1900	529
2	1901	92
2	1902	43
2	1902	408
2	1902	708
2	1904	367
2	1905	283
2	1906	69
2	1906	233
2	1906	802
2	1907	286
2	1907	405
2	1907	758
2	1908	548
2	1909	617
2	1911	371
2	1912	402
2	1912	535
2	1914	560
2	1915	172
2	1915	312
2	1915	346
2	1917	7
2	1917	702
2	1919	66
2	1919	412
2	1919	943
2	1921	436
2	1922	42
2	1923	784
2	1925	999
2	1926	383
2	1926	526
2	1927	676
2	1929	965
2	1930	763
2	1932	794
2	1934	888
2	1934	960
2	1935	249
2	1935	636
2	1935	750
2	1936	102
2	1936	305
2	1936	452
2	1936	759
2	1939	586
2	1941	114
2	1941	211
2	1941	519
2	1941	580
2	1941	673
2	1942	817
2	1943	581
2	1943	593
2	1944	158
2	1944	274
2	1944	366
2	1945	567
2	1945	628
2	1946	596
2	1947	201
2	1947	257
2	1948	354
2	1948	989
2	1949	349
2	1949	808
2	1950	441
2	1950	952
2	1952	373
2	1952	620
2	1953	870
2	1954	210
2	1954	974
2	1956	656
2	1956	851
2	1958	768
2	1960	61
2	1960	478
2	1960	751
2	1961	253
2	1962	911
2	1963	674
2	1963	737
2	1964	160
2	1966	475
2	1967	156
2	1968	216
2	1969	50
2	1969	739
2	1970	2
2	1971	151
2	1975	167
2	1975	862
2	1979	731
2	1979	826
2	1981	363
2	1982	91
2	1982	277
2	1983	390
2	1985	611
2	1989	638
2	1991	150
2	1993	600
2	1994	665
2	1995	166
2	1995	182
2	1996	514
2	1996	671
2	1997	79
2	1997	358
2	1998	755
2	2001	5
2	2002	134
2	2002	328
2	2003	539
2	2003	556
2	2005	486
2	2006	27
2	2006	252
2	2007	251
2	2007	738
2	2007	752
2	2007	878
2	2008	99
2	2008	368
2	2008	401
2	2008	689
2	2009	60
2	2010	205
2	2010	327
2	2010	855
2	2011	887
2	2012	36
2	2012	651
2	2012	949
2	2013	543
2	2014	352
2	2014	370
2	2014	592
2	2015	263
2	2015	946
2	2016	165
2	2016	335
2	2016	374
2	2016	515
2	2016	933
2	2018	125
2	2018	773
2	2018	894
2	2019	24
2	2019	764
2	2020	707
2	2021	202
2	2021	566
2	2024	647
2	2025	177
2	2026	14
2	2026	554
2	2027	339
2	2028	194
2	2029	100
2	2029	149
2	2029	540
2	2031	53
2	2031	135
2	2031	145
2	2032	280
2	2033	385
2	2034	209
2	2035	781
2	2037	191
2	2037	244
2	2037	311
2	2038	159
2	2038	670
2	2038	782
2	2039	290
2	2039	791
2	2044	121
2	2044	147
2	2044	173
2	2044	297
2	2045	119
2	2045	465
2	2046	338
2	2046	736
2	2050	347
2	2050	896
2	2051	593
2	2051	855
2	2053	345
2	2053	597
2	2054	137
2	2055	608
2	2056	169
2	2056	171
2	2056	336
2	2056	451
2	2056	552
2	2056	744
2	2056	835
2	2058	95
2	2058	384
2	2058	545
2	2058	880
2	2060	382
2	2060	466
2	2060	582
2	2060	804
2	2061	386
2	2062	959
2	2063	143
2	2063	295
2	2063	561
2	2064	730
2	2066	355
2	2066	793
2	2067	498
2	2068	232
2	2069	217
2	2069	903
2	2070	87
2	2070	612
2	2070	648
2	2071	798
2	2073	75
2	2073	274
2	2073	340
2	2074	279
2	2074	489
2	2076	270
2	2076	942
2	2077	488
2	2078	238
2	2078	377
2	2080	416
2	2080	469
2	2080	914
2	2081	490
2	2081	850
2	2082	170
2	2082	250
2	2086	82
2	2087	860
2	2088	830
2	2088	977
2	2089	106
2	2092	286
2	2093	245
2	2094	323
2	2094	367
2	2094	558
2	2094	698
2	2095	47
2	2097	96
2	2097	797
2	2099	52
2	2099	594
2	2100	243
2	2101	8
2	2105	144
2	2105	769
2	2106	629
2	2110	864
2	2111	45
2	2111	449
2	2111	525
2	2114	369
2	2114	503
2	2116	933
2	2117	240
2	2117	804
2	2118	527
2	2118	620
2	2119	175
2	2119	748
2	2120	622
2	2121	898
2	2121	930
2	2122	268
2	2123	284
2	2125	577
2	2125	634
2	2126	140
2	2128	726
2	2128	994
2	2130	592
2	2130	631
2	2130	947
2	2131	116
2	2131	829
2	2132	456
2	2132	507
2	2133	285
2	2133	485
2	2133	718
2	2135	125
2	2136	83
2	2138	356
2	2138	505
2	2139	278
2	2140	308
2	2140	599
2	2141	131
2	2141	309
2	2141	548
2	2142	257
2	2143	719
2	2144	259
2	2144	471
2	2144	859
2	2146	836
2	2146	840
2	2147	813
2	2148	32
2	2148	112
2	2149	454
2	2149	910
2	2150	461
2	2152	23
2	2152	256
2	2152	376
2	2152	580
2	2155	120
2	2155	335
2	2156	912
2	2156	934
2	2157	570
2	2157	774
2	2158	754
2	2159	212
2	2162	134
2	2162	695
2	2165	107
2	2165	511
2	2166	536
2	2171	60
2	2171	275
2	2171	566
2	2172	192
2	2172	996
2	2175	172
2	2175	493
2	2178	555
2	2178	653
2	2178	788
2	2180	680
2	2181	986
2	2183	328
2	2185	436
2	2185	468
2	2185	813
2	2186	907
2	2188	866
2	2193	86
2	2193	302
2	2193	334
2	2195	299
2	2197	49
2	2197	617
2	2198	484
2	2199	807
2	2201	141
2	2201	254
2	2202	585
2	2202	627
2	2202	963
2	2204	89
2	2204	236
2	2204	318
2	2204	378
2	2205	340
2	2205	358
2	2205	421
2	2206	389
2	2207	371
2	2207	444
2	2208	300
2	2208	835
2	2209	540
2	2209	588
2	2210	110
2	2211	927
2	2212	604
2	2213	642
2	2213	722
2	2213	842
2	2215	28
2	2215	183
2	2215	305
2	2216	532
2	2216	974
2	2217	202
2	2219	225
2	2219	281
2	2219	475
2	2221	152
2	2221	230
2	2221	272
2	2222	639
2	2223	851
2	2224	415
2	2225	35
2	2225	46
2	2225	547
2	2226	301
2	2226	608
2	2229	24
2	2229	78
2	2229	270
2	2231	232
2	2231	517
2	2235	173
2	2236	450
2	2237	55
2	2238	262
2	2238	933
2	2239	265
2	2239	518
2	2240	205
2	2241	264
2	2241	875
2	2241	911
2	2243	18
2	2243	779
2	2244	332
2	2245	584
2	2245	737
2	2247	879
2	2248	409
2	2249	178
2	2249	909
2	2250	158
2	2250	827
2	2251	562
2	2252	171
2	2252	936
2	2255	126
2	2255	398
2	2255	431
2	2255	685
2	2258	184
2	2259	732
2	2259	733
2	2261	2
2	2261	103
2	2261	625
2	2262	509
2	2263	195
2	2263	833
2	2265	288
2	2265	377
2	2265	874
2	2266	508
2	2266	539
2	2267	460
2	2268	223
2	2269	160
2	2270	150
2	2271	200
2	2271	743
2	2271	817
2	2273	239
2	2273	662
2	2273	760
2	2275	29
2	2275	135
2	2276	233
2	2277	199
2	2278	228
2	2278	313
2	2279	355
2	2281	101
2	2281	149
2	2282	32
2	2282	492
2	2286	466
2	2287	279
2	2289	242
2	2290	724
2	2291	661
2	2291	900
2	2292	74
2	2292	766
2	2292	795
2	2293	93
2	2295	198
2	2295	245
2	2295	307
2	2297	84
2	2297	669
2	2298	657
2	2298	727
2	2299	873
2	2299	926
2	2300	267
2	2301	128
2	2301	815
2	2303	426
2	2304	622
2	2304	822
2	2305	256
2	2307	904
2	2307	986
2	2308	107
2	2308	266
2	2308	316
2	2308	834
2	2309	41
2	2309	552
2	2309	568
2	2309	649
2	2310	66
2	2312	546
2	2313	782
2	2314	780
2	2315	942
2	2316	633
2	2316	690
2	2317	9
2	2317	731
2	2320	493
2	2321	19
2	2321	174
2	2321	368
2	2321	761
2	2322	92
2	2324	263
2	2325	486
2	2327	550
2	2328	108
2	2328	513
2	2328	587
2	2331	738
2	2332	400
2	2334	388
2	2336	648
2	2338	48
2	2338	695
2	2339	319
2	2340	880
2	2343	901
2	2344	82
2	2344	417
2	2345	451
2	2346	309
2	2346	638
2	2347	259
2	2347	519
2	2347	721
2	2347	723
2	2348	217
2	2350	510
2	2352	529
2	2352	895
2	2353	455
2	2353	716
2	2354	33
2	2354	89
2	2354	556
2	2355	208
2	2355	877
2	2356	15
2	2356	673
2	2356	858
2	2357	356
2	2358	303
2	2358	341
2	2361	926
2	2363	96
2	2363	989
2	2364	298
2	2364	397
2	2364	623
2	2367	686
2	2368	329
2	2369	596
2	2370	227
2	2371	175
2	2371	194
2	2371	244
2	2372	21
2	2372	243
2	2374	962
2	2376	304
2	2376	619
2	2376	631
2	2376	735
2	2377	409
2	2377	523
2	2378	54
2	2378	350
2	2380	720
2	2381	474
2	2381	503
2	2382	675
2	2383	594
2	2384	176
2	2384	378
2	2384	571
2	2384	859
2	2385	392
2	2385	577
2	2387	166
2	2387	366
2	2387	774
2	2388	85
2	2388	704
2	2388	847
2	2389	31
2	2389	791
2	2390	133
2	2390	333
2	2390	996
2	2390	998
2	2393	456
2	2393	470
2	2393	741
2	2394	136
2	2394	345
2	2394	794
2	2395	75
2	2395	372
2	2395	447
2	2395	747
2	2396	11
2	2396	115
2	2397	696
2	2398	66
2	2398	930
2	2400	274
2	2400	487
2	2400	521
2	2400	547
2	2401	201
2	2403	586
2	2403	792
2	2406	284
2	2406	459
2	2406	668
2	2407	599
2	2407	677
2	2407	732
2	2410	112
2	2410	935
2	2411	88
2	2412	162
2	2413	299
2	2413	736
2	2416	141
2	2417	476
2	2417	968
2	2418	740
2	2421	24
2	2423	436
2	2423	540
2	2425	634
2	2425	699
2	2426	73
2	2426	615
2	2427	97
2	2429	213
2	2430	442
2	2430	778
2	2431	139
2	2431	978
2	2433	126
2	2433	190
2	2433	522
2	2434	625
2	2435	117
2	2435	564
2	2436	781
2	2437	534
2	2439	337
2	2443	884
2	2444	44
2	2444	767
2	2446	488
2	2447	25
2	2447	153
2	2448	527
2	2449	81
2	2449	643
2	2449	712
2	2450	312
2	2450	669
2	2451	705
2	2452	109
2	2452	152
2	2452	866
2	2454	479
2	2455	384
2	2456	412
2	2457	203
2	2458	34
2	2458	172
2	2459	666
2	2459	952
2	2461	183
2	2461	546
2	2462	220
2	2462	346
2	2463	566
2	2463	731
2	2463	760
2	2464	12
2	2464	237
2	2464	443
2	2464	653
2	2464	758
2	2465	228
2	2466	111
2	2466	214
2	2466	524
2	2466	654
2	2468	113
2	2468	261
2	2470	383
2	2470	548
2	2470	969
2	2471	277
2	2471	324
2	2471	635
2	2472	617
2	2473	192
2	2473	240
2	2474	440
2	2474	516
2	2475	218
2	2476	226
2	2476	310
2	2476	883
2	2478	742
2	2479	940
2	2479	944
2	2480	182
2	2481	555
2	2482	616
2	2483	181
2	2483	219
2	2483	327
2	2483	682
2	2484	368
2	2485	101
2	2486	842
2	2487	870
2	2488	497
2	2489	206
2	2489	433
2	2489	678
2	2489	821
2	2490	493
2	2490	592
2	2491	860
2	2492	167
2	2492	679
2	2493	614
2	2494	80
2	2495	273
2	2496	768
2	2498	729
2	2498	910
2	2498	943
2	2499	60
2	2499	457
2	2499	706
2	2499	714
2	2499	947
2	2500	406
2	2501	480
2	2502	838
2	2503	766
2	2504	207
2	2504	772
2	2504	790
2	2505	76
2	2506	74
2	2506	490
2	2506	807
2	2507	852
2	2508	165
2	2508	235
2	2508	777
2	2509	466
2	2510	460
2	2510	463
2	2510	713
2	2510	749
2	2510	812
2	2511	196
2	2514	338
2	2514	650
2	2514	799
2	2515	688
2	2516	861
2	2518	791
2	2521	223
2	2521	330
2	2521	855
2	2523	270
2	2524	645
2	2525	528
2	2526	608
2	2527	432
2	2528	211
2	2528	423
2	2529	382
2	2530	115
2	2530	818
2	2530	967
2	2531	300
2	2532	245
2	2533	30
2	2535	77
2	2535	697
2	2536	42
2	2537	363
2	2537	441
2	2537	501
2	2542	232
2	2542	456
2	2544	797
2	2547	221
2	2547	306
2	2548	151
2	2549	646
2	2549	652
2	2550	134
2	2550	148
2	2550	186
2	2551	89
2	2552	191
2	2552	990
2	2552	996
2	2553	805
2	2554	686
2	2557	72
2	2557	877
2	2558	750
2	2560	377
2	2561	870
2	2562	508
2	2563	84
2	2564	147
2	2564	599
2	2565	976
2	2567	590
2	2570	233
2	2570	639
2	2571	361
2	2571	598
2	2572	899
2	2573	250
2	2573	403
2	2576	37
2	2576	98
2	2576	184
2	2577	105
2	2577	630
2	2577	651
2	2578	187
2	2578	255
2	2578	545
2	2578	664
2	2578	935
2	2579	951
2	2580	656
2	2582	100
2	2582	940
2	2583	755
2	2586	619
2	2586	867
2	2587	983
2	2588	961
2	2589	336
2	2590	188
2	2590	647
2	2592	451
2	2594	809
2	2595	469
2	2595	510
2	2597	297
2	2600	242
2	2600	795
2	2603	69
2	2603	169
2	2603	312
2	2605	470
2	2605	542
2	2605	690
2	2605	723
2	2606	129
2	2606	875
2	2607	39
2	2607	566
2	2607	676
2	2607	757
2	2608	737
2	2608	946
2	2609	624
2	2610	793
2	2610	837
2	2612	210
2	2612	768
2	2612	846
2	2614	736
2	2614	851
2	2614	855
2	2615	58
2	2615	70
2	2615	208
2	2616	898
2	2617	170
2	2618	160
2	2618	264
2	2618	370
2	2618	644
2	2619	547
2	2620	178
2	2621	332
2	2622	751
2	2623	341
2	2623	585
2	2624	693
2	2626	745
2	2627	948
2	2630	161
2	2630	628
2	2630	984
2	2631	427
2	2632	159
2	2632	660
2	2633	78
2	2634	307
2	2635	779
2	2636	298
2	2639	824
2	2639	990
2	2640	276
2	2640	988
2	2641	139
2	2642	354
2	2644	942
2	2645	305
2	2645	618
2	2646	538
2	2647	527
2	2647	617
2	2650	247
2	2651	328
2	2652	240
2	2653	446
2	2654	63
2	2654	991
2	2656	399
2	2660	829
2	2661	420
2	2661	491
2	2662	559
2	2662	714
2	2663	106
2	2663	920
2	2665	571
2	2666	330
2	2666	468
2	2666	672
2	2666	729
2	2668	796
2	2669	253
2	2671	215
2	2671	613
2	2671	774
2	2672	866
2	2673	117
2	2674	67
2	2674	119
2	2675	948
2	2677	294
2	2678	249
2	2678	286
2	2679	162
2	2679	185
2	2681	413
2	2681	529
2	2681	901
2	2682	175
2	2683	569
2	2683	983
2	2684	252
2	2684	995
2	2685	612
2	2685	665
2	2686	727
2	2686	747
2	2686	800
2	2687	319
2	2688	206
2	2688	292
2	2688	450
2	2689	327
2	2689	594
2	2689	778
2	2691	637
2	2692	168
2	2693	835
2	2693	841
2	2694	124
2	2694	387
2	2694	477
2	2694	944
2	2695	447
2	2697	313
2	2698	430
2	2699	555
2	2700	35
2	2700	59
2	2700	322
2	2702	483
2	2702	889
2	2704	389
2	2705	226
2	2705	733
2	2706	293
2	2706	418
2	2708	931
2	2709	708
2	2710	235
2	2710	700
2	2711	154
2	2711	487
2	2711	717
2	2711	752
2	2711	915
2	2714	395
2	2715	99
2	2717	282
2	2718	560
2	2718	561
2	2718	790
2	2718	792
2	2719	899
2	2720	502
2	2722	268
2	2722	846
2	2724	380
2	2724	412
2	2725	31
2	2729	101
2	2729	715
2	2729	732
2	2729	775
2	2731	120
2	2732	434
2	2732	604
2	2732	806
2	2732	943
2	2733	243
2	2733	393
2	2735	131
2	2735	204
2	2736	444
2	2737	492
2	2737	546
2	2738	791
2	2739	919
2	2740	697
2	2741	190
2	2741	649
2	2743	209
2	2743	950
2	2744	134
2	2745	425
2	2745	635
2	2746	223
2	2746	246
2	2746	589
2	2747	196
2	2750	192
2	2750	692
2	2750	712
2	2751	584
2	2751	786
2	2752	861
2	2753	40
2	2753	694
2	2754	627
2	2756	232
2	2756	337
2	2756	369
2	2756	626
2	2757	415
2	2757	682
2	2758	588
2	2759	272
2	2759	513
2	2759	598
2	2759	758
2	2759	820
2	2760	291
2	2760	543
2	2761	104
2	2761	188
2	2761	810
2	2762	439
2	2762	460
2	2763	396
2	2765	39
2	2765	248
2	2765	295
2	2765	339
2	2766	26
2	2766	907
2	2767	526
2	2768	211
2	2768	376
2	2768	642
2	2769	151
2	2769	377
2	2769	587
2	2770	20
2	2772	341
2	2772	346
2	2773	321
2	2774	257
2	2774	382
2	2774	641
2	2774	711
2	2775	269
2	2775	520
2	2775	829
2	2776	698
2	2780	764
2	2781	123
2	2781	523
2	2781	947
2	2782	455
2	2783	112
2	2784	312
2	2784	379
2	2786	16
2	2786	54
2	2786	891
2	2787	625
2	2787	663
2	2788	562
2	2790	726
2	2790	847
2	2791	351
2	2791	645
2	2792	41
2	2794	518
2	2797	671
2	2797	781
2	2799	534
2	2799	808
2	2802	29
2	2802	100
2	2803	77
2	2803	780
2	2805	710
2	2805	794
2	2807	472
2	2808	267
2	2808	614
2	2809	12
2	2810	299
2	2810	333
2	2810	429
2	2812	653
2	2812	785
2	2812	984
2	2814	662
2	2815	558
2	2815	731
2	2815	946
2	2816	139
2	2816	617
2	2818	276
2	2818	473
2	2819	497
2	2820	254
2	2820	368
2	2820	777
2	2822	789
2	2823	317
2	2823	661
2	2823	969
2	2825	121
2	2826	155
2	2829	428
2	2830	133
2	2830	693
2	2833	595
2	2835	744
2	2837	102
2	2837	893
2	2838	306
2	2839	15
2	2839	541
2	2840	397
2	2840	722
2	2841	78
2	2842	71
2	2843	528
2	2844	735
2	2846	224
2	2847	921
2	2848	477
2	2849	422
2	2850	47
2	2852	280
2	2853	156
2	2853	350
2	2853	480
2	2854	150
2	2855	177
2	2856	869
2	2857	271
2	2857	852
2	2858	542
2	2858	770
2	2858	889
2	2860	667
2	2861	621
2	2864	438
2	2864	591
2	2864	618
2	2865	450
2	2865	646
2	2869	335
2	2869	602
2	2869	887
2	2870	51
2	2870	811
2	2871	554
2	2873	574
2	2873	751
2	2874	81
2	2875	43
2	2876	173
2	2876	289
2	2876	510
2	2878	849
2	2879	217
2	2880	234
2	2880	756
2	2881	108
2	2881	703
2	2882	294
2	2882	619
2	2882	640
2	2882	732
2	2883	365
2	2884	66
2	2884	301
2	2885	530
2	2885	1000
2	2886	10
2	2887	225
2	2887	242
2	2888	987
2	2890	93
2	2890	611
2	2891	511
2	2892	9
2	2892	755
2	2892	976
2	2893	383
2	2895	507
2	2895	578
2	2897	110
2	2898	737
2	2899	210
2	2901	650
2	2902	864
2	2903	56
2	2903	405
2	2903	479
2	2904	947
2	2905	655
2	2906	281
2	2907	537
2	2909	366
2	2910	259
2	2910	293
2	2911	32
2	2911	86
2	2911	361
2	2912	571
2	2912	681
2	2913	676
2	2914	250
2	2914	989
2	2915	590
2	2917	995
2	2920	873
2	2922	274
2	2922	330
2	2923	426
2	2923	802
2	2924	193
2	2924	407
2	2927	427
2	2928	406
2	2929	616
2	2931	404
2	2931	739
2	2932	925
2	2933	258
2	2935	183
2	2936	840
2	2937	828
2	2939	588
2	2940	768
2	2943	975
2	2946	249
2	2946	370
2	2947	394
2	2949	264
2	2949	374
2	2951	331
2	2951	575
2	2952	473
2	2952	805
2	2953	592
2	2953	948
2	2954	799
2	2954	863
2	2955	248
2	2955	390
2	2956	635
2	2957	179
2	2957	230
2	2958	499
2	2958	624
2	2958	869
2	2959	122
2	2959	308
2	2959	716
2	2960	951
2	2961	745
2	2961	793
2	2962	198
2	2962	849
2	2963	42
2	2963	741
2	2964	509
2	2964	594
2	2965	57
2	2966	501
2	2966	848
2	2967	854
2	2968	107
2	2968	617
2	2969	33
2	2969	171
2	2969	672
2	2969	783
2	2970	117
2	2970	476
2	2970	689
2	2971	440
2	2972	721
2	2973	50
2	2974	158
2	2975	338
2	2976	325
2	2977	21
2	2977	75
2	2978	697
2	2978	898
2	2979	420
2	2979	795
2	2980	548
2	2980	622
2	2980	945
2	2982	152
2	2983	448
2	2986	781
2	2987	98
2	2987	238
2	2988	103
2	2988	641
2	2988	654
2	2989	55
2	2989	286
2	2990	464
2	2992	375
2	2993	355
2	2993	487
2	2994	74
2	2994	549
2	2994	558
2	2995	299
2	2995	321
2	3000	145
2	3000	192
2	3002	62
2	3002	147
2	3002	196
2	3003	283
2	3003	445
2	3004	589
2	3005	709
2	3006	387
2	3007	111
2	3008	503
2	3010	386
2	3010	517
2	3010	532
2	3010	883
2	3010	944
2	3011	726
2	3012	626
2	3013	658
2	3013	913
2	3014	174
2	3014	418
2	3014	860
2	3015	113
2	3017	197
2	3020	597
2	3021	564
2	3021	762
2	3021	859
2	3024	54
2	3025	48
2	3027	279
2	3028	416
2	3028	710
2	3029	224
2	3029	723
2	3030	995
2	3031	169
2	3032	156
2	3034	642
2	3035	244
2	3035	586
2	3036	93
2	3036	752
2	3038	87
2	3038	185
2	3040	261
2	3040	638
2	3043	680
2	3046	566
2	3048	14
2	3048	128
2	3048	349
2	3050	5
2	3050	488
2	3051	521
2	3051	743
2	3051	792
2	3052	835
2	3054	191
2	3055	61
2	3055	202
2	3057	267
2	3057	728
2	3057	790
2	3058	263
2	3058	301
2	3062	717
2	3063	170
2	3063	880
2	3063	967
2	3064	79
2	3064	733
2	3064	873
2	3066	725
2	3066	755
2	3066	921
2	3067	489
2	3068	139
2	3068	204
2	3069	696
2	3070	523
2	3070	899
2	3071	201
2	3071	706
2	3072	737
2	3076	413
2	3077	640
2	3077	957
2	3078	630
2	3079	893
2	3080	372
2	3080	527
2	3082	729
2	3083	842
2	3084	466
2	3084	834
2	3085	200
2	3085	236
2	3085	336
2	3086	125
2	3087	858
2	3087	953
2	3088	177
2	3089	453
2	3090	496
2	3090	620
2	3090	705
2	3091	235
2	3092	932
2	3094	601
2	3096	596
2	3096	736
2	3097	407
2	3097	525
2	3100	52
2	3101	351
2	3103	338
2	3103	367
2	3104	585
2	3104	724
2	3104	780
2	3105	116
2	3106	692
2	3106	771
2	3107	222
2	3108	76
2	3108	501
2	3109	520
2	3110	164
2	3110	509
2	3111	123
2	3111	427
2	3111	446
2	3111	469
2	3112	183
2	3112	354
2	3112	749
2	3113	149
2	3113	703
2	3114	6
2	3114	288
2	3114	861
2	3114	900
2	3116	359
2	3116	369
2	3116	982
2	3118	365
2	3118	813
2	3119	493
2	3119	663
2	3120	647
2	3121	938
2	3122	513
2	3123	358
2	3125	43
2	3125	134
2	3125	304
2	3126	143
2	3126	677
2	3127	490
2	3127	688
2	3128	746
2	3129	360
2	3130	38
2	3130	474
2	3130	765
2	3132	670
2	3133	140
2	3133	410
2	3133	819
2	3134	115
2	3134	172
2	3134	303
2	3134	804
2	3134	869
2	3135	223
2	3135	319
2	3135	404
2	3135	445
2	3135	473
2	3136	587
2	3138	475
2	3139	627
2	3140	225
2	3140	650
2	3141	49
2	3142	331
2	3142	952
2	3143	565
2	3143	848
2	3144	188
2	3144	348
2	3145	497
2	3145	679
2	3146	371
2	3150	21
2	3150	547
2	3150	727
2	3150	878
2	3150	934
2	3151	73
2	3151	687
2	3151	794
2	3151	820
2	3151	988
2	3154	815
2	3155	284
2	3155	568
2	3156	633
2	3158	450
2	3158	853
2	3159	264
2	3161	333
2	3161	716
2	3161	828
2	3161	834
2	3163	24
2	3163	805
2	3163	837
2	3164	232
2	3164	512
2	3164	900
2	3165	743
2	3166	408
2	3166	614
2	3167	972
2	3168	28
2	3168	715
2	3169	100
2	3170	925
2	3172	673
2	3174	678
2	3174	923
2	3175	572
2	3176	927
2	3177	242
2	3178	566
2	3178	825
2	3179	550
2	3180	3
2	3180	138
2	3180	361
2	3180	754
2	3181	340
2	3182	486
2	3182	631
2	3183	384
2	3183	435
2	3186	847
2	3188	227
2	3188	612
2	3188	632
2	3188	739
2	3192	409
2	3192	721
2	3194	328
2	3194	524
2	3197	201
2	3197	642
2	3199	16
2	3202	484
2	3204	300
2	3205	599
2	3206	212
2	3206	522
2	3209	586
2	3210	591
2	3210	674
2	3211	240
2	3212	86
2	3213	540
2	3214	109
2	3214	525
2	3216	492
2	3216	747
2	3217	535
2	3218	155
2	3219	946
2	3221	297
2	3221	477
2	3221	623
2	3221	693
2	3221	730
2	3221	751
2	3221	920
2	3223	880
2	3225	577
2	3225	672
2	3225	873
2	3226	575
2	3226	861
2	3227	141
2	3227	285
2	3228	511
2	3228	624
2	3228	685
2	3228	696
2	3228	788
2	3229	436
2	3230	654
2	3231	79
2	3231	386
2	3231	792
2	3232	198
2	3232	644
2	3234	523
2	3234	917
2	3235	220
2	3235	290
2	3235	757
2	3237	879
2	3239	241
2	3239	250
2	3240	344
2	3242	723
2	3243	717
2	3244	235
2	3244	576
2	3245	731
2	3246	194
2	3246	199
2	3247	634
2	3247	735
2	3248	485
2	3248	516
2	3248	665
2	3248	843
2	3250	791
2	3252	19
2	3252	296
2	3254	430
2	3255	476
2	3255	706
2	3256	856
2	3257	915
2	3258	197
2	3258	556
2	3260	222
2	3261	343
2	3263	499
2	3266	978
2	3271	291
2	3271	815
2	3272	818
2	3273	149
2	3273	432
2	3277	866
2	3278	761
2	3280	167
2	3280	279
2	3282	55
2	3283	307
2	3283	790
2	3284	169
2	3284	897
2	3285	77
2	3285	559
2	3286	60
2	3286	133
2	3286	491
2	3287	256
2	3287	938
2	3289	4
2	3289	945
2	3290	35
2	3290	213
2	3290	327
2	3290	429
2	3292	854
2	3293	459
2	3293	847
2	3294	384
2	3295	396
2	3295	502
2	3296	826
2	3297	508
2	3297	924
2	3301	20
2	3301	506
2	3301	798
2	3302	495
2	3303	84
2	3303	367
2	3303	777
2	3305	413
2	3305	930
2	3306	543
2	3306	822
2	3307	164
2	3307	473
2	3307	649
2	3308	364
2	3308	402
2	3309	312
2	3309	892
2	3310	45
2	3312	341
2	3313	301
2	3313	311
2	3314	101
2	3314	229
2	3314	859
2	3315	707
2	3316	423
2	3317	15
2	3317	994
2	3318	224
2	3318	655
2	3319	684
2	3321	509
2	3322	848
2	3323	709
2	3324	906
2	3325	249
2	3325	267
2	3325	313
2	3327	961
2	3328	113
2	3328	310
2	3328	958
2	3328	975
2	3329	333
2	3329	408
2	3329	736
2	3329	767
2	3332	847
2	3333	897
2	3334	18
2	3334	306
2	3335	192
2	3336	24
2	3337	891
2	3340	670
2	3341	674
2	3342	280
2	3343	320
2	3343	411
2	3344	90
2	3344	844
2	3348	374
2	3348	713
2	3349	460
2	3350	458
2	3350	597
2	3351	730
2	3353	86
2	3354	11
2	3357	244
2	3359	547
2	3360	859
2	3360	861
2	3362	562
2	3362	642
2	3362	668
2	3363	287
2	3363	530
2	3364	700
2	3365	552
2	3367	745
2	3367	872
2	3368	330
2	3369	719
2	3370	671
2	3371	925
2	3373	74
2	3373	567
2	3374	795
2	3375	461
2	3375	635
2	3376	318
2	3377	337
2	3377	625
2	3378	34
2	3378	705
2	3379	14
2	3379	184
2	3381	130
2	3383	797
2	3384	129
2	3385	524
2	3386	180
2	3386	308
2	3386	528
2	3389	125
2	3389	236
2	3389	626
2	3390	65
2	3390	368
2	3392	50
2	3393	26
2	3393	409
2	3393	862
2	3394	412
2	3395	12
2	3397	348
2	3398	455
2	3398	477
2	3398	675
2	3398	778
2	3400	645
2	3401	521
2	3402	254
2	3403	285
2	3404	444
2	3405	5
2	3405	380
2	3406	209
2	3407	429
2	3407	462
2	3407	480
2	3408	885
2	3409	451
2	3410	656
2	3411	279
2	3411	554
2	3412	116
2	3416	253
2	3416	315
2	3416	599
2	3419	930
2	3422	68
2	3422	369
2	3423	17
2	3424	944
2	3424	983
2	3425	49
2	3426	27
2	3426	870
2	3427	346
2	3428	154
2	3428	990
2	3429	424
2	3430	189
2	3431	106
2	3431	370
2	3432	225
2	3433	453
2	3433	489
2	3434	230
2	3434	570
2	3435	151
2	3435	375
2	3438	317
2	3439	63
2	3441	270
2	3441	488
2	3441	794
2	3441	942
2	3442	138
2	3443	157
2	3443	482
2	3443	938
2	3444	343
2	3444	405
2	3444	792
2	3444	796
2	3445	640
2	3446	682
2	3446	723
2	3447	879
2	3449	394
2	3449	651
2	3449	900
2	3450	406
2	3450	600
2	3451	22
2	3451	93
2	3451	101
2	3451	216
2	3451	334
2	3452	326
2	3452	510
2	3453	289
2	3453	529
2	3453	653
2	3453	720
2	3454	202
2	3454	698
2	3455	449
2	3455	925
2	3457	636
2	3457	994
2	3459	131
2	3459	349
2	3459	612
2	3459	884
2	3460	780
2	3461	571
2	3461	951
2	3466	136
2	3467	426
2	3468	435
2	3469	290
2	3469	681
2	3471	844
2	3472	115
2	3473	503
2	3473	957
2	3473	978
2	3475	25
2	3477	550
2	3477	730
2	3478	749
2	3479	267
2	3479	332
2	3480	262
2	3480	776
2	3481	413
2	3482	195
2	3482	860
2	3485	208
2	3487	486
2	3488	555
2	3488	647
2	3491	176
2	3491	231
2	3491	241
2	3491	535
2	3494	702
2	3494	711
2	3495	752
2	3496	165
2	3497	92
2	3497	422
2	3497	633
2	3498	618
2	3500	502
2	3500	621
2	3500	690
2	3500	781
2	3500	981
2	3501	956
2	3502	190
2	3502	338
2	3502	679
2	3502	714
2	3505	526
2	3505	540
2	3505	954
2	3506	759
2	3507	232
2	3507	643
2	3508	939
2	3509	573
2	3510	13
2	3511	168
2	3513	76
2	3513	118
2	3514	185
2	3514	795
2	3515	558
2	3515	940
2	3516	664
2	3517	696
2	3518	782
2	3519	51
2	3519	586
2	3519	739
2	3520	66
2	3520	135
2	3520	309
2	3520	712
2	3520	742
2	3521	3
2	3521	728
2	3523	757
2	3523	869
2	3524	20
2	3524	345
2	3524	512
2	3525	360
2	3527	260
2	3527	657
2	3528	626
2	3528	719
2	3529	471
2	3529	823
2	3530	865
2	3531	393
2	3531	399
2	3531	467
2	3532	897
2	3533	452
2	3534	172
2	3536	344
2	3537	274
2	3539	257
2	3539	764
2	3540	874
2	3543	333
2	3543	472
2	3544	187
2	3544	539
2	3544	548
2	3549	254
2	3549	351
2	3549	379
2	3549	465
2	3549	761
2	3550	97
2	3552	116
2	3554	385
2	3554	655
2	3554	919
2	3555	451
2	3555	783
2	3556	543
2	3556	867
2	3557	120
2	3558	463
2	3559	951
2	3560	288
2	3560	595
2	3560	987
2	3562	881
2	3564	81
2	3564	958
2	3565	173
2	3566	94
2	3566	251
2	3566	883
2	3568	23
2	3571	372
2	3571	677
2	3573	250
2	3574	75
2	3574	582
2	3575	893
2	3576	36
2	3576	103
2	3576	549
2	3576	955
2	3577	629
2	3577	789
2	3578	114
2	3580	65
2	3580	656
2	3580	975
2	3581	170
2	3582	164
2	3583	610
2	3583	892
2	3584	8
2	3584	602
2	3584	921
2	3584	950
2	3586	287
2	3586	587
2	3586	622
2	3586	772
2	3590	941
2	3591	312
2	3591	964
2	3593	227
2	3593	631
2	3595	511
2	3596	675
2	3598	362
2	3598	453
2	3598	945
2	3599	105
2	3599	335
2	3599	438
2	3599	652
2	3602	530
2	3603	290
2	3603	984
2	3604	236
2	3605	78
2	3605	316
2	3605	588
2	3606	225
2	3606	528
2	3607	518
2	3608	61
2	3609	73
2	3609	127
2	3610	383
2	3611	376
2	3611	456
2	3611	534
2	3611	591
2	3611	689
2	3611	732
2	3611	763
2	3612	557
2	3615	22
2	3615	428
2	3616	913
2	3617	196
2	3618	460
2	3618	632
2	3618	819
2	3619	769
2	3619	943
2	3620	155
2	3621	374
2	3621	820
2	3622	56
2	3625	521
2	3625	726
2	3626	248
2	3626	286
2	3626	491
2	3626	584
2	3628	21
2	3629	174
2	3629	635
2	3630	650
2	3631	138
2	3631	233
2	3631	424
2	3631	562
2	3631	651
2	3631	817
2	3631	857
2	3632	736
2	3634	211
2	3634	321
2	3634	865
2	3635	542
2	3635	902
2	3636	750
2	3637	231
2	3637	277
2	3638	214
2	3638	616
2	3639	849
2	3640	753
2	3641	269
2	3642	218
2	3642	976
2	3644	206
2	3644	281
2	3644	450
2	3645	466
2	3646	911
2	3647	337
2	3648	494
2	3649	50
2	3651	142
2	3652	545
2	3653	203
2	3653	506
2	3653	627
2	3653	686
2	3654	606
2	3655	745
2	3656	230
2	3657	791
2	3658	57
2	3658	186
2	3658	608
2	3659	540
2	3660	570
2	3662	43
2	3663	181
2	3664	29
2	3664	213
2	3664	299
2	3664	613
2	3665	18
2	3668	198
2	3669	314
2	3669	394
2	3669	646
2	3671	408
2	3671	548
2	3671	804
2	3672	48
2	3672	411
2	3672	740
2	3673	5
2	3673	797
2	3674	997
2	3676	336
2	3676	905
2	3677	11
2	3677	395
2	3677	425
2	3677	485
2	3678	332
2	3678	614
2	3680	640
2	3681	503
2	3683	262
2	3683	442
2	3683	821
2	3687	354
2	3688	284
2	3689	304
2	3689	583
2	3691	439
2	3693	924
2	3694	14
2	3695	52
2	3695	873
2	3696	622
2	3697	117
2	3697	754
2	3701	35
2	3702	620
2	3703	137
2	3703	406
2	3703	495
2	3703	638
2	3704	210
2	3705	661
2	3706	134
2	3706	504
2	3707	828
2	3708	169
2	3708	733
2	3709	412
2	3709	727
2	3709	885
2	3710	541
2	3711	799
2	3711	877
2	3712	101
2	3712	714
2	3712	807
2	3713	624
2	3714	446
2	3714	493
2	3714	865
2	3716	256
2	3716	800
2	3717	148
2	3717	229
2	3717	239
2	3717	324
2	3717	537
2	3719	701
2	3720	39
2	3720	96
2	3720	340
2	3720	744
2	3722	293
2	3722	373
2	3722	560
2	3723	743
2	3724	755
2	3724	830
2	3725	74
2	3725	536
2	3725	999
2	3727	259
2	3727	715
2	3729	375
2	3730	574
2	3730	813
2	3731	126
2	3731	547
2	3731	773
2	3732	697
2	3732	762
2	3734	735
2	3735	79
2	3736	136
2	3737	133
2	3739	153
2	3740	457
2	3741	28
2	3743	785
2	3744	989
2	3745	34
2	3746	238
2	3746	600
2	3750	539
2	3750	783
2	3751	477
2	3752	97
2	3752	581
2	3752	589
2	3752	946
2	3753	855
2	3755	87
2	3756	424
2	3758	384
2	3758	474
2	3758	787
2	3760	184
2	3760	241
2	3761	538
2	3761	601
2	3763	47
2	3763	130
2	3765	414
2	3767	828
2	3768	780
2	3769	847
2	3772	431
2	3773	163
2	3773	207
2	3773	833
2	3774	694
2	3774	988
2	3775	25
2	3777	737
2	3779	931
2	3780	632
2	3780	710
2	3781	775
2	3782	514
2	3783	559
2	3783	612
2	3785	812
2	3786	112
2	3786	722
2	3787	628
2	3788	264
2	3788	935
2	3791	717
2	3792	298
2	3794	512
2	3794	768
2	3797	294
2	3797	689
2	3797	695
2	3799	509
2	3800	359
2	3801	393
2	3801	795
2	3802	456
2	3802	986
2	3804	326
2	3804	369
2	3806	267
2	3806	388
2	3807	438
2	3807	526
2	3807	732
2	3808	164
2	3808	905
2	3810	17
2	3810	279
2	3811	66
2	3812	257
2	3814	528
2	3814	575
2	3814	954
2	3815	389
2	3815	532
2	3815	618
2	3816	155
2	3817	176
2	3817	472
2	3818	623
2	3818	789
2	3819	165
2	3819	416
2	3819	859
2	3820	409
2	3822	242
2	3822	677
2	3824	154
2	3825	753
2	3826	320
2	3826	653
2	3826	664
2	3826	690
2	3827	651
2	3828	144
2	3829	199
2	3829	208
2	3830	295
2	3832	489
2	3833	386
2	3835	644
2	3835	691
2	3835	784
2	3836	224
2	3837	43
2	3838	516
2	3839	948
2	3840	276
2	3840	779
2	3841	322
2	3841	533
2	3841	593
2	3842	571
2	3843	377
2	3844	83
2	3844	639
2	3845	147
2	3845	343
2	3845	454
2	3845	756
2	3846	86
2	3846	817
2	3847	243
2	3848	864
2	3848	882
2	3849	64
2	3849	793
2	3850	132
2	3850	178
2	3850	545
2	3851	353
2	3852	210
2	3852	637
2	3853	168
2	3853	641
2	3855	503
2	3856	500
2	3856	781
2	3857	379
2	3857	735
2	3857	894
2	3857	990
2	3858	378
2	3858	619
2	3858	640
2	3859	594
2	3859	975
2	3859	996
2	3860	105
2	3861	177
2	3862	80
2	3862	189
2	3862	468
2	3863	333
2	3863	463
2	3863	553
2	3863	572
2	3865	68
2	3865	334
2	3867	265
2	3867	442
2	3867	450
2	3867	561
2	3868	213
2	3869	277
2	3871	383
2	3872	289
2	3873	285
2	3874	654
2	3875	395
2	3876	991
2	3877	940
2	3878	95
2	3878	217
2	3878	433
2	3879	890
2	3880	246
2	3880	358
2	3880	713
2	3881	847
2	3882	35
2	3882	709
2	3883	374
2	3884	912
2	3884	957
2	3885	115
2	3885	179
2	3886	40
2	3886	600
2	3886	864
2	3887	595
2	3890	273
2	3890	767
2	3891	42
2	3893	434
2	3896	134
2	3896	146
2	3897	209
2	3898	69
2	3898	970
2	3899	700
2	3901	621
2	3903	645
2	3904	16
2	3904	71
2	3904	103
2	3904	284
2	3904	459
2	3905	435
2	3905	581
2	3906	565
2	3906	625
2	3908	404
2	3908	567
2	3910	916
2	3912	191
2	3913	10
2	3913	381
2	3913	398
2	3913	485
2	3914	423
2	3914	775
2	3915	446
2	3915	596
2	3917	616
2	3918	2
2	3918	562
2	3918	978
2	3919	151
2	3919	555
2	3919	913
2	3920	759
2	3920	996
2	3921	307
2	3921	804
2	3921	948
2	3922	65
2	3922	305
2	3922	800
2	3925	72
2	3925	642
2	3925	649
2	3925	750
2	3925	766
2	3927	187
2	3927	786
2	3928	502
2	3928	660
2	3929	780
2	3930	807
2	3931	82
2	3931	723
2	3931	782
2	3931	870
2	3932	128
2	3932	222
2	3932	602
2	3932	661
2	3933	331
2	3934	163
2	3934	740
2	3935	845
2	3936	646
2	3937	771
2	3937	931
2	3938	159
2	3938	774
2	3939	643
2	3939	721
2	3940	144
2	3940	272
2	3940	278
2	3940	288
2	3941	238
2	3941	836
2	3943	229
2	3943	658
2	3944	180
2	3944	546
2	3944	728
2	3945	219
2	3945	430
2	3945	551
2	3945	695
2	3945	912
2	3946	668
2	3946	968
2	3947	531
2	3948	15
2	3949	340
2	3949	601
2	3949	816
2	3950	613
2	3951	477
2	3951	635
2	3952	466
2	3956	309
2	3956	449
2	3956	564
2	3957	569
2	3958	215
2	3959	498
2	3959	752
2	3959	762
2	3960	876
2	3961	139
2	3963	192
2	3963	270
2	3963	936
2	3966	514
2	3967	3
2	3967	9
2	3968	345
2	3969	240
2	3969	585
2	3969	730
2	3970	479
2	3971	656
2	3973	75
2	3974	363
2	3974	405
2	3976	712
2	3978	861
2	3979	612
2	3979	880
2	3980	318
2	3981	462
2	3981	526
2	3981	825
2	3982	141
2	3983	334
2	3983	432
2	3983	732
2	3983	748
2	3984	512
2	3985	24
2	3986	269
2	3987	160
2	3987	232
2	3987	579
2	3987	899
2	3988	335
2	3988	624
2	3989	212
2	3989	349
2	3989	768
2	3992	46
2	3992	344
2	3993	308
2	3994	357
2	3994	447
2	3994	757
2	3995	275
2	3995	528
2	3995	714
2	3995	726
2	3997	859
2	3997	922
2	3998	366
2	3999	473
2	3999	901
2	4000	641
2	4000	670
2	4001	243
2	4001	294
2	4001	478
2	4003	492
2	4004	112
2	4004	588
2	4006	421
2	4007	124
2	4007	783
2	4008	250
2	4008	409
2	4008	680
2	4008	946
2	4011	131
2	4011	604
2	4011	739
2	4013	40
2	4014	445
2	4014	519
2	4016	284
2	4018	605
2	4018	745
2	4019	804
2	4019	953
2	4020	254
2	4020	444
2	4020	494
2	4021	51
2	4023	330
2	4023	441
2	4023	610
2	4024	143
2	4024	550
2	4024	779
2	4024	925
2	4025	468
2	4026	455
2	4026	691
2	4026	982
2	4028	78
2	4028	390
2	4028	980
2	4029	18
2	4029	429
2	4031	315
2	4031	380
2	4032	332
2	4032	689
2	4033	183
2	4033	298
2	4035	48
2	4035	199
2	4035	964
2	4036	338
2	4036	979
2	4037	397
2	4038	185
2	4038	817
2	4040	321
2	4040	853
2	4041	592
2	4042	343
2	4042	481
2	4042	967
2	4043	539
2	4045	201
2	4045	731
2	4046	316
2	4047	867
2	4047	940
2	4048	963
2	4049	386
2	4050	81
2	4050	716
2	4050	932
2	4050	938
2	4051	181
2	4051	862
2	4052	203
2	4055	251
2	4057	434
2	4057	495
2	4057	648
2	4057	830
2	4059	472
2	4060	317
2	4060	919
2	4061	741
2	4061	758
2	4062	750
2	4063	483
2	4065	718
2	4065	881
2	4066	737
2	4068	8
2	4068	706
2	4070	230
2	4070	368
2	4071	440
2	4072	127
2	4073	373
2	4075	249
2	4075	672
2	4076	43
2	4076	606
2	4077	333
2	4078	560
2	4079	103
2	4079	777
2	4079	795
2	4079	952
2	4080	387
2	4081	378
2	4081	517
2	4081	788
2	4082	299
2	4082	925
2	4083	785
2	4084	431
2	4084	561
2	4084	818
2	4085	32
2	4085	59
2	4085	66
2	4085	255
2	4085	860
2	4085	884
2	4086	311
2	4086	426
2	4087	266
2	4088	841
2	4089	584
2	4089	738
2	4091	531
2	4091	675
2	4091	713
2	4091	993
2	4095	553
2	4098	410
2	4100	363
2	4100	583
2	4100	850
2	4101	485
2	4101	908
2	4103	97
2	4104	106
2	4104	164
2	4104	863
2	4105	76
2	4105	107
2	4105	389
2	4105	620
2	4105	907
2	4106	621
2	4106	792
2	4108	558
2	4109	465
2	4111	755
2	4112	161
2	4112	261
2	4113	571
2	4114	56
2	4114	130
2	4114	520
2	4114	747
2	4116	176
2	4116	524
2	4117	94
2	4118	27
2	4118	300
2	4118	360
2	4118	578
2	4118	821
2	4118	933
2	4120	293
2	4121	309
2	4121	474
2	4122	456
2	4122	651
2	4122	793
2	4123	12
2	4123	469
2	4123	586
2	4125	105
2	4125	170
2	4125	171
2	4125	246
2	4125	327
2	4126	145
2	4127	618
2	4128	369
2	4129	641
2	4130	573
2	4131	708
2	4132	616
2	4133	424
2	4133	625
2	4133	791
2	4134	54
2	4134	375
2	4134	428
2	4135	215
2	4136	50
2	4136	849
2	4138	982
2	4140	277
2	4140	542
2	4143	101
2	4143	800
2	4144	384
2	4144	525
2	4145	67
2	4145	591
2	4145	646
2	4146	90
2	4146	119
2	4146	965
2	4148	92
2	4149	239
2	4150	329
2	4150	721
2	4150	763
2	4150	775
2	4151	129
2	4151	398
2	4151	688
2	4152	304
2	4152	499
2	4152	580
2	4153	460
2	4154	140
2	4154	967
2	4155	690
2	4155	778
2	4157	291
2	4157	904
2	4159	24
2	4159	420
2	4159	444
2	4160	323
2	4160	527
2	4161	764
2	4165	125
2	4165	445
2	4166	879
2	4167	935
2	4168	693
2	4169	601
2	4170	200
2	4170	350
2	4171	570
2	4174	576
2	4174	744
2	4175	442
2	4178	55
2	4179	366
2	4179	572
2	4183	93
2	4183	488
2	4184	439
2	4184	741
2	4186	412
2	4186	556
2	4190	124
2	4190	1000
2	4191	422
2	4191	513
2	4191	964
2	4193	100
2	4193	393
2	4193	496
2	4193	701
2	4195	986
2	4196	377
2	4196	577
2	4197	98
2	4197	367
2	4197	514
2	4198	167
2	4198	629
2	4199	149
2	4199	174
2	4199	670
2	4201	386
2	4201	949
2	4201	970
2	4202	595
2	4203	120
2	4203	968
2	4204	824
2	4205	165
2	4206	547
2	4207	677
2	4208	224
2	4210	134
2	4211	172
2	4213	448
2	4215	320
2	4216	694
2	4218	40
2	4225	528
2	4226	579
2	4227	228
2	4228	483
2	4229	2
2	4234	598
2	4235	99
2	4237	355
2	4241	218
2	4242	685
2	4244	370
2	4246	235
2	4246	271
2	4246	380
2	4247	798
2	4247	963
2	4248	312
2	4250	151
2	4250	309
2	4250	754
2	4251	26
2	4251	59
2	4253	643
2	4253	663
2	4254	285
2	4254	322
2	4255	262
2	4256	706
2	4256	734
2	4256	751
2	4257	479
2	4257	810
2	4259	71
2	4259	450
2	4260	564
2	4260	974
2	4261	792
2	4262	587
2	4262	603
2	4263	249
2	4263	619
2	4264	341
2	4264	486
2	4265	66
2	4265	888
2	4266	214
2	4267	48
2	4267	557
2	4267	588
2	4269	434
2	4270	478
2	4270	480
2	4271	695
2	4273	282
2	4273	313
2	4274	44
2	4274	211
2	4275	268
2	4275	494
2	4279	250
2	4279	720
2	4279	912
2	4280	43
2	4280	175
2	4280	786
2	4281	103
2	4281	972
2	4282	638
2	4283	286
2	4283	292
2	4283	435
2	4284	676
2	4285	90
2	4285	517
2	4286	648
2	4288	594
2	4289	504
2	4291	470
2	4292	711
2	4293	358
2	4293	559
2	4293	908
2	4298	41
2	4298	326
2	4298	378
2	4299	610
2	4300	284
2	4301	614
2	4302	288
2	4303	209
2	4304	298
2	4304	417
2	4305	4
2	4306	7
2	4308	191
2	4308	516
2	4309	369
2	4311	204
2	4311	743
2	4312	220
2	4312	295
2	4314	155
2	4314	597
2	4316	413
2	4317	815
2	4318	6
2	4318	85
2	4318	273
2	4319	163
2	4319	251
2	4320	583
2	4320	630
2	4320	641
2	4321	425
2	4323	980
2	4324	936
2	4325	352
2	4327	354
2	4327	487
2	4327	831
2	4328	316
2	4329	318
2	4329	428
2	4330	877
2	4331	904
2	4332	32
2	4332	122
2	4332	281
2	4333	297
2	4333	538
2	4333	678
2	4333	687
2	4333	806
2	4334	667
2	4335	45
2	4335	198
2	4335	238
2	4335	957
2	4336	56
2	4338	475
2	4339	27
2	4339	79
2	4339	345
2	4340	886
2	4342	338
2	4343	259
2	4343	364
2	4343	620
2	4343	709
2	4343	814
2	4344	289
2	4346	159
2	4346	505
2	4347	745
2	4348	755
2	4349	536
2	4350	115
2	4351	684
2	4351	902
2	4352	35
2	4354	332
2	4354	787
2	4355	141
2	4355	771
2	4356	276
2	4357	403
2	4357	543
2	4357	863
2	4358	718
2	4358	769
2	4359	112
2	4359	1000
2	4360	390
2	4360	729
2	4360	881
2	4361	257
2	4362	593
2	4363	951
2	4364	337
2	4364	495
2	4364	652
2	4365	834
2	4366	762
2	4367	549
2	4368	149
2	4368	533
2	4369	311
2	4370	186
2	4371	437
2	4374	80
2	4376	442
2	4378	267
2	4379	152
2	4379	693
2	4380	248
2	4380	739
2	4381	215
2	4383	342
2	4383	351
2	4383	780
2	4384	266
2	4385	406
2	4386	169
2	4386	488
2	4389	468
2	4391	658
2	4392	452
2	4392	698
2	4392	886
2	4393	253
2	4394	47
2	4394	400
2	4394	873
2	4395	513
2	4395	582
2	4396	507
2	4397	249
2	4399	393
2	4399	532
2	4399	759
2	4399	996
2	4400	296
2	4400	451
2	4402	391
2	4402	490
2	4402	497
2	4405	263
2	4406	254
2	4407	174
2	4408	150
2	4408	180
2	4408	946
2	4409	958
2	4410	102
2	4410	359
2	4410	500
2	4411	151
2	4411	192
2	4411	372
2	4411	778
2	4413	691
2	4415	322
2	4415	642
2	4419	879
2	4420	233
2	4420	265
2	4420	702
2	4421	278
2	4421	501
2	4421	675
2	4423	62
2	4424	945
2	4425	537
2	4426	1
2	4426	48
2	4427	279
2	4427	319
2	4429	285
2	4429	799
2	4430	756
2	4430	821
2	4430	885
2	4435	11
2	4435	73
2	4435	449
2	4435	544
2	4436	343
2	4436	463
2	4436	877
2	4437	445
2	4438	154
2	4438	636
2	4439	650
2	4441	212
2	4442	54
2	4442	129
2	4442	272
2	4442	720
2	4443	578
2	4447	492
2	4447	953
2	4448	602
2	4448	700
2	4449	29
2	4449	758
2	4450	213
2	4451	707
2	4452	934
2	4453	348
2	4455	715
2	4455	781
2	4457	46
2	4457	242
2	4459	63
2	4460	496
2	4460	767
2	4462	84
2	4462	97
2	4463	50
2	4463	113
2	4464	226
2	4464	380
2	4465	649
2	4468	484
2	4468	743
2	4472	264
2	4472	664
2	4472	935
2	4473	385
2	4473	680
2	4473	785
2	4474	360
2	4474	625
2	4475	260
2	4475	328
2	4477	124
2	4477	143
2	4477	469
2	4478	294
2	4479	591
2	4479	900
2	4479	966
2	4481	20
2	4481	801
2	4482	258
2	4482	526
2	4483	110
2	4483	270
2	4483	530
2	4483	893
2	4485	318
2	4486	825
2	4487	404
2	4487	608
2	4488	93
2	4490	690
2	4491	262
2	4493	295
2	4494	653
2	4495	259
2	4495	414
2	4496	3
2	4496	327
2	4496	991
2	4497	524
2	4499	190
2	4501	185
2	4501	726
2	4502	703
2	4503	194
2	4503	553
2	4503	643
2	4505	802
2	4506	290
2	4506	708
2	4508	64
2	4508	326
2	4513	424
2	4514	621
2	4515	182
2	4515	584
2	4516	476
2	4519	522
2	4519	792
2	4520	529
2	4524	247
2	4524	717
2	4525	234
2	4527	438
2	4528	689
2	4529	307
2	4529	344
2	4529	923
2	4531	763
2	4533	28
2	4533	37
2	4533	65
2	4533	655
2	4534	429
2	4534	921
2	4535	832
2	4536	978
2	4538	556
2	4539	14
2	4539	71
2	4540	211
2	4540	887
2	4541	624
2	4541	930
2	4545	31
2	4545	640
2	4547	716
2	4549	412
2	4550	52
2	4550	341
2	4553	228
2	4553	861
2	4556	374
2	4556	386
2	4556	446
2	4556	541
2	4557	138
2	4557	237
2	4557	492
2	4558	475
2	4559	128
2	4559	513
2	4559	732
2	4560	281
2	4560	628
2	4562	195
2	4563	816
2	4564	130
2	4564	336
2	4564	670
2	4565	41
2	4565	540
2	4566	255
2	4567	425
2	4567	623
2	4569	206
2	4569	510
2	4569	516
2	4570	444
2	4570	727
2	4571	214
2	4571	450
2	4571	648
2	4572	181
2	4572	644
2	4572	933
2	4573	244
2	4573	652
2	4573	782
2	4573	919
2	4573	976
2	4575	6
2	4575	165
2	4575	428
2	4577	144
2	4577	366
2	4578	627
2	4579	725
2	4580	305
2	4580	415
2	4580	714
2	4581	939
2	4582	448
2	4583	5
2	4584	160
2	4584	269
2	4584	735
2	4585	241
2	4585	761
2	4586	166
2	4588	416
2	4588	758
2	4590	169
2	4590	512
2	4592	617
2	4592	964
2	4593	174
2	4593	585
2	4594	10
2	4595	140
2	4595	903
2	4595	982
2	4596	517
2	4598	49
2	4598	614
2	4600	586
2	4600	746
2	4602	600
2	4603	87
2	4603	120
2	4603	455
2	4606	677
2	4607	661
2	4608	11
2	4609	89
2	4609	834
2	4610	572
2	4611	345
2	4612	2
2	4612	126
2	4612	533
2	4612	593
2	4612	630
2	4614	558
2	4614	740
2	4615	464
2	4616	702
2	4616	778
2	4616	906
2	4617	356
2	4617	493
2	4618	419
2	4618	645
2	4619	996
2	4620	899
2	4622	528
2	4622	984
2	4623	604
2	4627	460
2	4627	565
2	4627	879
2	4627	932
2	4628	922
2	4629	582
2	4630	69
2	4630	430
2	4630	666
2	4631	358
2	4631	965
2	4632	968
2	4633	173
2	4634	752
2	4634	916
2	4636	570
2	4637	40
2	4639	58
2	4639	62
2	4639	119
2	4639	534
2	4640	53
2	4640	399
2	4640	456
2	4640	775
2	4641	253
2	4641	284
2	4642	942
2	4643	319
2	4643	508
2	4645	734
2	4646	914
2	4648	216
2	4648	384
2	4648	612
2	4650	106
2	4650	420
2	4650	452
2	4652	755
2	4653	73
2	4653	152
2	4654	15
2	4654	274
2	4655	711
2	4656	424
2	4656	457
2	4656	764
2	4657	432
2	4657	575
2	4659	83
2	4659	504
2	4660	987
2	4661	615
2	4663	110
2	4664	437
2	4664	935
2	4666	451
2	4666	535
2	4666	597
2	4667	375
2	4668	557
2	4668	675
2	4669	276
2	4670	323
2	4671	400
2	4671	896
2	4672	31
2	4672	230
2	4672	559
2	4676	958
2	4677	480
2	4678	796
2	4678	889
2	4679	970
2	4679	992
2	4680	427
2	4682	876
2	4683	133
2	4685	569
2	4686	707
2	4687	76
2	4688	657
2	4688	900
2	4689	359
2	4689	907
2	4690	692
2	4691	322
2	4691	382
2	4691	686
2	4692	625
2	4693	431
2	4694	566
2	4697	454
2	4697	624
2	4697	737
2	4698	880
2	4698	914
2	4700	77
2	4700	800
2	4701	368
2	4701	488
2	4702	507
2	4702	813
2	4705	95
2	4705	367
2	4705	756
2	4705	823
2	4706	448
2	4706	855
2	4707	381
2	4710	275
2	4711	182
2	4711	203
2	4711	897
2	4711	935
2	4711	984
2	4712	588
2	4713	134
2	4713	315
2	4714	729
2	4715	497
2	4716	772
2	4717	300
2	4717	564
2	4717	668
2	4718	458
2	4719	485
2	4719	581
2	4721	167
2	4721	866
2	4722	212
2	4722	423
2	4723	178
2	4723	781
2	4724	445
2	4724	787
2	4725	373
2	4726	263
2	4726	421
2	4727	438
2	4727	603
2	4728	887
2	4729	816
2	4732	340
2	4732	403
2	4732	487
2	4732	916
2	4733	578
2	4735	794
2	4736	553
2	4737	363
2	4740	157
2	4742	148
2	4742	351
2	4743	770
2	4747	141
2	4747	360
2	4747	576
2	4749	277
2	4749	779
2	4750	40
2	4751	371
2	4751	747
2	4752	462
2	4753	202
2	4754	328
2	4756	108
2	4757	321
2	4759	118
2	4761	467
2	4762	589
2	4764	34
2	4765	260
2	4765	746
2	4765	858
2	4766	56
2	4766	221
2	4767	235
2	4768	885
2	4769	164
2	4769	298
2	4770	356
2	4770	439
2	4771	192
2	4772	43
2	4772	309
2	4772	505
2	4773	248
2	4773	499
2	4773	518
2	4773	743
2	4774	249
2	4776	479
2	4778	97
2	4778	188
2	4778	227
2	4778	310
2	4779	383
2	4779	912
2	4781	348
2	4781	982
2	4782	490
2	4782	638
2	4783	592
2	4784	247
2	4784	330
2	4785	54
2	4785	595
2	4786	172
2	4787	465
2	4787	516
2	4787	571
2	4788	512
2	4789	501
2	4790	631
2	4791	103
2	4791	481
2	4792	228
2	4792	699
2	4793	91
2	4794	824
2	4795	642
2	4796	352
2	4796	586
2	4797	180
2	4797	429
2	4797	996
2	4798	133
2	4798	331
2	4798	463
2	4801	27
2	4802	14
2	4803	162
2	4804	675
2	4805	90
2	4805	392
2	4805	988
2	4806	724
2	4807	218
2	4808	444
2	4809	602
2	4810	101
2	4811	318
2	4812	294
2	4815	8
2	4815	161
2	4816	510
2	4817	240
2	4817	268
2	4820	375
2	4820	384
2	4821	357
2	4821	583
2	4822	256
2	4822	274
2	4823	288
2	4824	230
2	4824	689
2	4825	316
2	4828	20
2	4828	916
2	4829	140
2	4829	609
2	4831	697
2	4833	59
2	4833	198
2	4834	143
2	4835	868
2	4835	875
2	4836	65
2	4836	142
2	4836	251
2	4837	156
2	4837	353
2	4837	717
2	4837	721
2	4839	434
2	4839	733
2	4840	600
2	4841	542
2	4842	29
2	4842	262
2	4843	761
2	4843	976
2	4845	48
2	4846	32
2	4846	473
2	4846	714
2	4848	587
2	4849	89
2	4849	362
2	4849	727
2	4849	878
2	4850	259
2	4852	967
2	4852	972
2	4853	291
2	4853	519
2	4854	104
2	4854	293
2	4854	920
2	4857	833
2	4858	115
2	4858	658
2	4859	41
2	4859	835
2	4862	7
2	4862	777
2	4862	933
2	4863	86
2	4863	977
2	4864	799
2	4866	754
2	4867	580
2	4867	999
2	4869	968
2	4871	535
2	4871	711
2	4873	796
2	4873	887
2	4874	565
2	4877	12
2	4877	406
2	4879	622
2	4883	239
2	4883	640
2	4883	715
2	4884	973
2	4885	629
2	4886	358
2	4886	749
2	4886	988
2	4890	460
2	4891	50
2	4891	344
2	4891	486
2	4892	793
2	4892	840
2	4893	913
2	4894	278
2	4895	430
2	4895	489
2	4897	692
2	4899	399
2	4899	509
2	4899	862
2	4900	343
2	4902	617
2	4904	978
2	4905	60
2	4905	204
2	4905	980
2	4906	656
2	4907	95
2	4909	120
2	4909	634
2	4910	183
2	4911	780
2	4911	860
2	4912	92
2	4913	366
2	4913	394
2	4913	593
2	4914	261
2	4914	390
2	4914	557
2	4916	625
2	4916	646
2	4916	838
2	4917	312
2	4917	502
2	4918	493
2	4920	329
2	4920	547
2	4920	633
2	4921	166
2	4921	594
2	4921	719
2	4924	820
2	4924	965
2	4925	122
2	4927	56
2	4927	75
2	4927	628
2	4928	102
2	4928	135
2	4928	206
2	4929	205
2	4929	458
2	4929	885
2	4930	10
2	4930	164
2	4930	748
2	4931	372
2	4931	842
2	4933	751
2	4934	79
2	4934	208
2	4934	889
2	4935	445
2	4936	128
2	4936	243
2	4936	364
2	4937	47
2	4938	627
2	4938	643
2	4939	806
2	4940	814
2	4940	974
2	4942	819
2	4942	914
2	4944	349
2	4944	764
2	4945	52
2	4945	677
2	4946	42
2	4947	522
2	4948	163
2	4949	624
2	4950	439
2	4951	61
2	4951	817
2	4952	318
2	4953	483
2	4954	301
2	4954	841
2	4956	152
2	4957	464
2	4957	810
2	4957	833
2	4958	959
2	4959	599
2	4960	240
2	4964	880
2	4965	336
2	4968	182
2	4968	309
2	4969	227
2	4969	513
2	4970	741
2	4970	767
2	4970	842
2	4971	238
2	4975	781
2	4976	110
2	4978	523
2	4978	603
2	4979	632
2	4980	676
2	4981	255
2	4981	508
2	4982	307
2	4983	160
2	4984	413
2	4984	862
2	4985	569
2	4986	69
2	4987	809
2	4988	848
2	4989	96
2	4990	477
2	4991	40
2	4991	424
2	4993	181
2	4995	94
2	4996	342
2	4996	539
2	4996	898
2	4997	32
2	5000	190
2	5000	388
