2	-1	0
2	2	322
2	3	100
2	4	446
2	5	537
2	6	184
2	7	153
2	7	976
2	8	79
2	9	201
2	9	942
2	11	294
2	12	994
2	13	76
2	14	141
2	14	199
2	14	669
2	15	423
2	15	496
2	15	575
2	17	224
2	17	261
2	19	724
2	23	365
2	23	980
2	24	8
2	24	529
2	28	313
2	28	952
2	30	104
2	30	824
2	32	185
2	32	660
2	33	606
2	33	875
2	34	95
2	35	811
2	36	346
2	36	363
2	36	649
2	37	600
2	37	901
2	40	722
2	40	945
2	41	217
2	41	643
2	41	760
2	42	587
2	42	985
2	42	990
2	44	310
2	44	523
2	45	526
2	47	117
2	48	113
2	48	295
2	48	480
2	49	220
2	50	144
2	51	806
2	52	81
2	52	389
2	53	207
2	53	865
2	54	155
2	54	424
2	55	292
2	55	439
2	57	176
2	58	281
2	58	489
2	58	567
2	59	278
2	59	421
2	59	987
2	60	137
2	62	666
2	63	460
2	63	617
2	63	713
2	64	357
2	65	24
2	65	487
2	66	246
2	69	521
2	71	618
2	71	678
2	72	227
2	72	560
2	72	592
2	73	718
2	75	159
2	75	577
2	76	175
2	76	241
2	76	572
2	76	898
2	77	274
2	77	662
2	77	739
2	77	764
2	78	507
2	79	112
2	81	371
2	81	462
2	81	761
2	82	406
2	83	327
2	83	787
2	84	235
2	84	505
2	84	778
2	85	887
2	88	339
2	88	347
2	88	890
2	89	273
2	89	904
2	90	515
2	92	939
2	93	223
2	93	498
2	94	19
2	96	166
2	96	285
2	96	863
2	97	390
2	97	404
2	98	548
2	98	735
2	99	238
2	100	266
2	100	742
2	100	751
2	100	798
2	101	410
2	101	734
2	102	123
2	103	654
2	104	205
2	105	255
2	105	268
2	105	829
2	107	277
2	110	384
2	110	684
2	110	893
2	110	926
2	111	270
2	111	539
2	112	918
2	113	64
2	113	374
2	113	614
2	114	381
2	115	875
2	117	395
2	118	442
2	118	646
2	119	28
2	119	323
2	120	132
2	120	193
2	120	417
2	122	125
2	125	44
2	125	186
2	125	318
2	125	611
2	125	789
2	128	169
2	130	936
2	131	661
2	132	231
2	132	252
2	133	178
2	134	114
2	135	767
2	139	708
2	142	127
2	142	484
2	143	691
2	143	773
2	144	4
2	146	203
2	148	309
2	148	482
2	148	686
2	151	249
2	151	541
2	151	591
2	153	228
2	153	451
2	156	239
2	156	408
2	157	659
2	160	437
2	160	564
2	161	943
2	162	172
2	162	331
2	163	110
2	163	134
2	164	476
2	164	897
2	165	645
2	166	29
2	166	304
2	167	399
2	167	935
2	168	25
2	168	179
2	168	790
2	169	124
2	170	187
2	171	107
2	171	929
2	173	319
2	174	530
2	176	413
2	176	747
2	176	870
2	178	236
2	178	353
2	179	325
2	179	598
2	180	455
2	181	141
2	181	652
2	182	278
2	182	749
2	182	770
2	183	298
2	187	895
2	188	431
2	189	14
2	189	291
2	189	300
2	189	350
2	191	957
2	191	960
2	193	146
2	194	97
2	194	660
2	195	111
2	195	597
2	198	393
2	198	510
2	198	983
2	199	532
2	200	264
2	200	446
2	200	504
2	202	788
2	203	538
2	206	31
2	207	438
2	208	528
2	209	90
2	209	153
2	211	793
2	211	850
2	212	260
2	212	477
2	214	175
2	214	537
2	214	756
2	214	853
2	214	869
2	216	334
2	216	666
2	218	523
2	218	912
2	219	840
2	221	232
2	221	308
2	221	423
2	222	241
2	222	534
2	222	810
2	222	896
2	223	190
2	224	599
2	224	678
2	224	714
2	224	919
2	225	1
2	227	469
2	227	513
2	227	571
2	227	794
2	228	345
2	228	819
2	229	242
2	229	445
2	229	674
2	230	695
2	231	311
2	231	987
2	232	180
2	233	294
2	234	676
2	235	42
2	235	184
2	235	461
2	235	608
2	235	628
2	237	511
2	238	398
2	238	827
2	239	269
2	239	289
2	239	372
2	240	440
2	240	631
2	241	507
2	242	303
2	243	382
2	243	550
2	244	493
2	246	206
2	247	356
2	247	380
2	247	604
2	248	490
2	248	939
2	249	163
2	251	452
2	252	41
2	252	554
2	253	88
2	253	189
2	253	601
2	257	351
2	258	98
2	258	101
2	258	657
2	258	732
2	260	301
2	260	843
2	261	208
2	261	335
2	261	370
2	261	878
2	262	428
2	263	5
2	264	118
2	265	259
2	265	884
2	266	74
2	266	683
2	269	161
2	269	650
2	270	613
2	271	555
2	271	610
2	271	821
2	273	415
2	273	690
2	273	763
2	274	552
2	275	49
2	275	400
2	276	62
2	277	547
2	277	720
2	278	290
2	279	404
2	279	580
2	279	889
2	282	865
2	283	253
2	284	63
2	285	902
2	286	859
2	288	17
2	288	632
2	289	805
2	291	57
2	291	407
2	291	515
2	292	481
2	292	955
2	293	263
2	293	328
2	293	617
2	293	856
2	294	199
2	296	194
2	296	411
2	296	711
2	296	911
2	297	234
2	297	322
2	298	621
2	300	285
2	301	216
2	301	651
2	301	873
2	302	517
2	303	144
2	303	231
2	304	633
2	305	587
2	306	846
2	307	427
2	307	907
2	308	152
2	309	740
2	310	105
2	310	731
2	312	81
2	312	717
2	312	850
2	313	30
2	313	325
2	313	572
2	314	283
2	314	744
2	314	963
2	315	364
2	316	883
2	317	745
2	319	187
2	319	681
2	320	421
2	320	707
2	322	897
2	324	385
2	324	577
2	324	781
2	326	770
2	327	409
2	327	759
2	328	238
2	331	288
2	331	383
2	332	432
2	334	83
2	334	198
2	334	696
2	337	85
2	337	378
2	337	416
2	338	292
2	338	575
2	339	406
2	339	889
2	340	374
2	340	821
2	341	692
2	341	786
2	342	336
2	343	209
2	343	630
2	344	816
2	345	29
2	346	408
2	347	247
2	348	653
2	348	884
2	349	237
2	351	663
2	352	414
2	353	353
2	353	838
2	355	32
2	358	200
2	358	518
2	359	132
2	362	791
2	363	719
2	366	330
2	367	420
2	367	426
2	368	112
2	370	275
2	371	131
2	372	352
2	372	576
2	374	202
2	375	989
2	377	496
2	378	677
2	379	417
2	379	566
2	380	300
2	380	474
2	380	799
2	382	541
2	383	728
2	385	324
2	385	574
2	386	679
2	386	959
2	387	403
2	388	141
2	388	524
2	391	522
2	392	658
2	393	15
2	393	240
2	394	120
2	394	456
2	394	762
2	394	993
2	396	793
2	398	894
2	399	75
2	399	684
2	402	722
2	402	756
2	403	34
2	403	797
2	404	124
2	405	393
2	407	344
2	408	94
2	408	501
2	408	828
2	408	911
2	409	826
2	410	315
2	410	448
2	412	400
2	413	670
2	415	483
2	416	279
2	416	410
2	417	425
2	417	475
2	417	530
2	418	23
2	418	228
2	418	504
2	419	115
2	419	760
2	421	802
2	422	635
2	422	850
2	423	708
2	423	873
2	424	71
2	424	221
2	424	718
2	425	53
2	425	119
2	425	278
2	425	581
2	425	680
2	427	725
2	427	808
2	429	540
2	430	367
2	432	666
2	433	222
2	434	654
2	434	921
2	436	45
2	436	174
2	437	2
2	437	479
2	438	733
2	438	801
2	440	163
2	441	341
2	441	454
2	441	570
2	442	401
2	444	362
2	444	377
2	444	579
2	446	236
2	448	100
2	449	88
2	449	259
2	449	723
2	450	322
2	450	498
2	450	831
2	451	29
2	451	776
2	452	154
2	453	458
2	454	724
2	454	787
2	455	89
2	455	592
2	455	974
2	456	232
2	456	596
2	456	961
2	457	747
2	457	768
2	458	908
2	459	252
2	460	648
2	460	650
2	461	293
2	461	297
2	461	482
2	462	169
2	463	682
2	464	282
2	464	497
2	464	681
2	464	945
2	465	774
2	466	86
2	468	106
2	468	558
2	469	619
2	469	996
2	470	547
2	470	586
2	470	832
2	471	525
2	471	638
2	471	867
2	472	729
2	475	126
2	475	366
2	475	438
2	475	571
2	476	155
2	477	388
2	478	105
2	478	640
2	479	402
2	479	749
2	480	463
2	480	539
2	480	999
2	481	274
2	482	600
2	483	80
2	483	165
2	485	268
2	485	720
2	485	960
2	486	175
2	486	597
2	487	261
2	487	691
2	487	710
2	488	269
2	488	342
2	488	345
2	488	457
2	489	304
2	489	590
2	490	804
2	493	721
2	494	79
2	495	234
2	496	111
2	496	607
2	496	678
2	497	769
2	498	246
2	499	12
2	499	78
2	500	81
2	500	233
2	500	647
2	501	601
2	501	815
2	501	965
2	502	339
2	502	467
2	502	850
2	503	211
2	503	287
2	503	298
2	503	455
2	504	162
2	504	664
2	505	470
2	506	391
2	506	572
2	507	67
2	507	356
2	509	688
2	509	759
2	510	74
2	510	101
2	510	331
2	510	378
2	510	488
2	510	894
2	510	926
2	510	984
2	511	605
2	511	661
2	514	904
2	515	513
2	516	752
2	517	814
2	518	114
2	519	857
2	522	528
2	525	130
2	525	937
2	526	557
2	526	702
2	527	320
2	529	842
2	530	464
2	532	656
2	533	137
2	533	270
2	533	855
2	535	353
2	535	478
2	535	705
2	537	239
2	537	744
2	538	11
2	542	395
2	542	415
2	542	416
2	542	870
2	543	301
2	544	69
2	545	184
2	545	834
2	546	520
2	548	284
2	548	694
2	549	850
2	550	674
2	551	215
2	552	271
2	553	350
2	553	550
2	553	651
2	555	435
2	555	551
2	558	272
2	559	762
2	560	701
2	560	830
2	562	229
2	563	35
2	563	763
2	564	139
2	564	591
2	566	514
2	567	216
2	567	890
2	568	355
2	568	544
2	569	549
2	569	799
2	570	608
2	572	325
2	574	426
2	574	635
2	575	123
2	575	543
2	575	920
2	576	294
2	577	5
2	577	486
2	580	910
2	581	212
2	581	623
2	581	698
2	581	821
2	582	748
2	583	646
2	584	963
2	586	9
2	586	875
2	588	382
2	588	611
2	591	306
2	594	133
2	594	365
2	594	474
2	594	588
2	597	192
2	597	429
2	598	683
2	599	718
2	599	803
2	601	58
2	601	340
2	601	445
2	602	95
2	602	198
2	602	889
2	603	125
2	603	622
2	604	560
2	605	794
2	605	948
2	607	13
2	608	68
2	608	383
2	608	561
2	611	63
2	613	150
2	613	163
2	613	408
2	614	775
2	615	517
2	616	49
2	617	883
2	618	959
2	619	225
2	623	131
2	623	877
2	624	153
2	624	602
2	625	531
2	625	582
2	625	677
2	626	135
2	626	681
2	628	94
2	628	149
2	630	73
2	630	257
2	630	615
2	632	652
2	633	634
2	635	468
2	635	724
2	637	224
2	637	348
2	637	364
2	638	4
2	638	199
2	638	809
2	639	290
2	639	500
2	639	740
2	639	972
2	640	327
2	641	487
2	641	746
2	642	159
2	643	654
2	644	893
2	645	890
2	645	940
2	646	173
2	649	267
2	649	467
2	650	704
2	653	62
2	654	629
2	654	862
2	656	275
2	656	689
2	657	921
2	660	715
2	660	988
2	662	374
2	662	644
2	663	6
2	664	530
2	664	913
2	664	986
2	665	633
2	666	195
2	666	359
2	666	755
2	669	581
2	669	700
2	671	323
2	673	512
2	674	233
2	674	922
2	675	33
2	675	218
2	675	386
2	675	389
2	676	2
2	677	412
2	677	580
2	677	712
2	678	508
2	680	302
2	680	369
2	681	833
2	683	48
2	683	475
2	683	839
2	683	967
2	684	625
2	684	759
2	685	643
2	686	103
2	686	554
2	688	84
2	689	533
2	691	222
2	691	628
2	694	296
2	694	473
2	695	503
2	696	596
2	697	422
2	697	680
2	699	343
2	700	298
2	700	923
2	701	114
2	701	730
2	701	827
2	702	443
2	703	657
2	705	341
2	705	953
2	707	61
2	707	631
2	709	502
2	710	187
2	710	575
2	710	814
2	712	139
2	712	372
2	713	178
2	713	191
2	713	207
2	713	762
2	713	795
2	714	495
2	715	574
2	715	788
2	717	438
2	717	648
2	718	666
2	718	726
2	719	660
2	720	121
2	720	925
2	721	745
2	721	862
2	722	460
2	723	85
2	723	590
2	724	569
2	725	355
2	727	172
2	727	828
2	728	784
2	728	931
2	731	718
2	731	747
2	731	799
2	733	440
2	733	772
2	735	183
2	736	44
2	737	363
2	737	764
2	738	212
2	738	278
2	739	164
2	740	204
2	740	478
2	740	777
2	743	945
2	743	965
2	745	7
2	745	57
2	745	377
2	745	543
2	746	375
2	746	419
2	747	157
2	747	757
2	748	313
2	751	91
2	751	549
2	751	849
2	752	693
2	754	22
2	754	331
2	754	526
2	754	792
2	755	519
2	755	883
2	756	171
2	756	729
2	757	12
2	757	425
2	758	484
2	758	742
2	758	752
2	758	791
2	758	977
2	759	227
2	760	955
2	761	301
2	761	319
2	761	444
2	763	855
2	764	645
2	764	853
2	765	397
2	766	472
2	766	711
2	766	940
2	767	453
2	768	154
2	768	937
2	769	125
2	770	41
2	770	88
2	771	463
2	771	885
2	772	266
2	773	181
2	773	661
2	773	673
2	774	347
2	774	954
2	775	330
2	775	705
2	776	264
2	776	996
2	777	652
2	778	13
2	778	134
2	778	334
2	778	659
2	781	1
2	781	396
2	781	860
2	782	206
2	782	309
2	784	962
2	786	982
2	787	19
2	787	188
2	787	326
2	787	560
2	789	782
2	790	687
2	792	11
2	792	279
2	793	559
2	794	112
2	795	201
2	795	608
2	796	556
2	797	87
2	797	683
2	797	738
2	798	424
2	799	442
2	800	599
2	801	578
2	801	827
2	802	185
2	804	202
2	804	497
2	805	177
2	806	548
2	807	399
2	808	544
2	809	128
2	809	852
2	810	197
2	811	582
2	811	591
2	811	920
2	812	775
2	813	579
2	813	926
2	814	594
2	816	252
2	816	272
2	816	735
2	818	198
2	818	211
2	818	364
2	818	623
2	819	868
2	820	474
2	820	717
2	820	825
2	823	612
2	823	639
2	824	707
2	824	786
2	825	494
2	826	50
2	826	874
2	827	97
2	828	265
2	832	110
2	832	368
2	833	416
2	833	850
2	834	362
2	835	525
2	838	533
2	839	190
2	839	322
2	841	318
2	841	959
2	841	977
2	842	577
2	842	614
2	843	487
2	843	545
2	843	706
2	844	293
2	846	72
2	847	831
2	848	314
2	848	380
2	851	886
2	853	629
2	856	402
2	857	52
2	857	563
2	858	941
2	859	870
2	860	536
2	862	749
2	863	311
2	865	465
2	870	968
2	871	382
2	871	430
2	872	909
2	873	312
2	874	356
2	878	626
2	878	979
2	879	173
2	879	250
2	879	339
2	879	389
2	882	437
2	882	462
2	882	776
2	882	793
2	883	390
2	883	480
2	883	604
2	883	797
2	884	292
2	884	899
2	886	508
2	886	873
2	888	503
2	889	232
2	889	603
2	890	121
2	891	200
2	891	209
2	891	805
2	892	41
2	892	274
2	892	571
2	892	803
2	892	881
2	893	149
2	893	383
2	893	617
2	894	583
2	894	632
2	894	737
2	895	35
2	895	507
2	897	500
2	897	712
2	898	297
2	898	517
2	898	606
2	899	187
2	899	641
2	899	886
2	900	9
2	900	12
2	900	943
2	901	120
2	901	403
2	901	651
2	901	780
2	902	846
2	903	66
2	903	242
2	903	586
2	904	305
2	904	422
2	904	535
2	904	620
2	905	153
2	906	512
2	907	138
2	907	203
2	907	900
2	908	609
2	908	959
2	909	28
2	909	282
2	909	400
2	909	664
2	910	243
2	911	115
2	911	418
2	912	734
2	913	308
2	913	856
2	914	103
2	914	263
2	914	605
2	914	666
2	915	192
2	915	373
2	915	381
2	916	284
2	916	289
2	916	506
2	916	732
2	917	407
2	917	538
2	917	599
2	918	303
2	919	809
2	921	716
2	921	726
2	921	795
2	923	244
2	923	264
2	923	811
2	923	944
2	924	145
2	924	541
2	928	280
2	928	440
2	929	413
2	929	866
2	931	38
2	933	482
2	934	85
2	934	106
2	934	155
2	936	431
2	937	340
2	938	975
2	938	989
2	939	116
2	939	154
2	939	582
2	939	671
2	939	672
2	942	5
2	942	562
2	942	881
2	944	904
2	945	90
2	945	319
2	946	302
2	946	845
2	947	165
2	947	674
2	947	913
2	948	109
2	948	727
2	948	920
2	949	446
2	950	179
2	952	184
2	954	181
2	954	224
2	956	910
2	959	108
2	961	518
2	962	259
2	962	572
2	963	991
2	964	86
2	964	574
2	965	760
2	966	196
2	966	213
2	966	794
2	967	365
2	967	862
2	968	11
2	969	725
2	970	885
2	972	129
2	972	287
2	972	702
2	974	101
2	975	122
2	977	258
2	979	8
2	979	768
2	979	986
2	981	51
2	981	105
2	982	233
2	984	245
2	984	257
2	986	290
2	986	691
2	987	331
2	987	893
2	988	63
2	989	351
2	990	532
2	990	684
2	991	266
2	992	150
2	992	172
2	992	491
2	992	850
2	993	612
2	994	29
2	994	299
2	994	408
2	994	914
2	995	665
2	998	79
2	998	342
2	998	369
2	999	516
2	999	781
2	1000	543
2	1001	570
2	1001	916
2	1001	947
2	1002	630
2	1002	769
2	1002	782
2	1004	594
2	1005	314
2	1007	222
2	1008	511
2	1008	817
2	1008	824
2	1009	598
2	1010	161
2	1010	227
2	1010	386
2	1011	600
2	1012	301
2	1013	785
2	1014	137
2	1014	486
2	1015	463
2	1015	494
2	1015	540
2	1016	621
2	1016	772
2	1018	799
2	1019	212
2	1023	402
2	1023	405
2	1024	123
2	1024	169
2	1024	357
2	1024	464
2	1024	736
2	1024	922
2	1026	553
2	1027	508
2	1028	668
2	1030	158
2	1030	163
2	1030	214
2	1031	618
2	1031	849
2	1032	976
2	1033	688
2	1033	974
2	1034	262
2	1035	142
2	1037	125
2	1037	305
2	1039	139
2	1039	993
2	1044	697
2	1045	75
2	1045	271
2	1046	442
2	1046	819
2	1047	107
2	1047	729
2	1047	778
2	1048	368
2	1049	925
2	1050	92
2	1050	131
2	1050	149
2	1050	980
2	1051	76
2	1052	4
2	1052	322
2	1053	349
2	1053	396
2	1054	274
2	1054	774
2	1055	292
2	1055	642
2	1055	707
2	1057	208
2	1058	317
2	1058	326
2	1059	152
2	1059	521
2	1059	901
2	1059	935
2	1060	537
2	1060	555
2	1061	168
2	1061	206
2	1061	356
2	1061	500
2	1062	13
2	1062	300
2	1062	756
2	1063	216
2	1063	966
2	1064	381
2	1064	490
2	1064	657
2	1066	355
2	1066	394
2	1067	121
2	1067	897
2	1068	10
2	1068	544
2	1069	817
2	1070	255
2	1070	628
2	1071	409
2	1071	815
2	1072	78
2	1072	443
2	1072	573
2	1072	710
2	1072	915
2	1073	201
2	1074	546
2	1075	26
2	1075	679
2	1076	541
2	1076	870
2	1077	80
2	1077	243
2	1077	676
2	1077	936
2	1078	997
2	1079	364
2	1079	577
2	1081	430
2	1081	470
2	1082	185
2	1082	414
2	1083	96
2	1084	415
2	1084	459
2	1086	62
2	1086	127
2	1086	469
2	1089	526
2	1089	634
2	1089	957
2	1090	157
2	1091	590
2	1093	645
2	1094	229
2	1095	37
2	1095	512
2	1095	567
2	1095	728
2	1096	136
2	1097	503
2	1098	597
2	1098	617
2	1098	653
2	1098	777
2	1101	320
2	1101	757
2	1101	905
2	1103	533
2	1105	419
2	1105	589
2	1106	182
2	1106	475
2	1107	311
2	1107	390
2	1107	515
2	1111	91
2	1111	321
2	1111	468
2	1111	476
2	1112	380
2	1113	252
2	1113	669
2	1113	771
2	1114	57
2	1114	519
2	1117	68
2	1118	511
2	1119	719
2	1120	514
2	1122	268
2	1122	411
2	1124	344
2	1124	622
2	1127	314
2	1127	647
2	1128	84
2	1128	238
2	1131	248
2	1133	204
2	1133	795
2	1134	192
2	1135	3
2	1135	834
2	1136	963
2	1141	59
2	1142	325
2	1142	561
2	1142	968
2	1143	6
2	1143	354
2	1144	538
2	1144	726
2	1146	20
2	1146	662
2	1147	393
2	1149	217
2	1149	308
2	1150	119
2	1150	300
2	1150	615
2	1150	962
2	1151	60
2	1152	132
2	1152	203
2	1152	460
2	1153	434
2	1153	566
2	1154	12
2	1154	884
2	1155	66
2	1155	591
2	1155	596
2	1160	768
2	1162	592
2	1163	358
2	1164	263
2	1164	664
2	1164	689
2	1164	735
2	1167	305
2	1167	855
2	1168	548
2	1168	854
2	1169	7
2	1169	323
2	1169	630
2	1170	365
2	1170	431
2	1172	558
2	1174	941
2	1175	465
2	1175	642
2	1175	712
2	1178	51
2	1179	330
2	1179	731
2	1180	207
2	1180	225
2	1181	432
2	1182	493
2	1182	607
2	1183	451
2	1184	316
2	1184	416
2	1185	763
2	1186	713
2	1187	539
2	1187	708
2	1188	557
2	1189	56
2	1189	234
2	1189	823
2	1190	195
2	1190	231
2	1193	34
2	1193	45
2	1193	862
2	1194	99
2	1194	495
2	1195	71
2	1195	133
2	1195	449
2	1195	454
2	1196	196
2	1196	458
2	1197	294
2	1197	297
2	1197	681
2	1197	716
2	1197	790
2	1198	346
2	1198	806
2	1199	793
2	1200	295
2	1201	839
2	1202	291
2	1202	372
2	1202	797
2	1203	917
2	1205	353
2	1206	108
2	1206	145
2	1206	612
2	1206	648
2	1209	8
2	1209	63
2	1209	483
2	1209	536
2	1210	101
2	1210	574
2	1210	668
2	1212	134
2	1214	439
2	1215	457
2	1216	159
2	1216	211
2	1221	670
2	1221	742
2	1222	81
2	1222	92
2	1223	128
2	1223	847
2	1224	846
2	1225	179
2	1225	298
2	1226	378
2	1228	513
2	1230	161
2	1230	553
2	1231	838
2	1232	772
2	1233	366
2	1233	497
2	1233	810
2	1234	154
2	1234	868
2	1236	481
2	1236	890
2	1237	480
2	1238	279
2	1238	362
2	1239	276
2	1239	401
2	1240	402
2	1241	448
2	1242	367
2	1242	482
2	1243	428
2	1243	492
2	1244	144
2	1244	321
2	1244	791
2	1246	629
2	1248	875
2	1249	260
2	1250	253
2	1250	426
2	1251	67
2	1251	506
2	1251	544
2	1251	598
2	1251	893
2	1252	243
2	1253	423
2	1254	866
2	1255	335
2	1256	691
2	1256	946
2	1257	121
2	1258	176
2	1258	907
2	1261	242
2	1262	19
2	1262	748
2	1263	597
2	1265	569
2	1265	683
2	1266	478
2	1266	508
2	1266	589
2	1266	690
2	1268	470
2	1271	345
2	1271	578
2	1274	404
2	1274	626
2	1275	701
2	1277	210
2	1279	264
2	1279	899
2	1280	328
2	1280	466
2	1280	760
2	1280	920
2	1281	751
2	1283	351
2	1283	842
2	1289	549
2	1290	164
2	1290	236
2	1290	588
2	1290	666
2	1291	853
2	1291	963
2	1293	379
2	1293	983
2	1295	246
2	1295	533
2	1295	750
2	1297	836
2	1298	770
2	1299	226
2	1301	878
2	1302	69
2	1302	310
2	1305	794
2	1306	93
2	1307	229
2	1307	407
2	1309	464
2	1309	717
2	1310	94
2	1310	412
2	1310	773
2	1311	531
2	1312	278
2	1312	479
2	1312	745
2	1313	127
2	1314	781
2	1315	250
2	1315	572
2	1316	24
2	1316	540
2	1316	805
2	1316	867
2	1317	581
2	1317	682
2	1318	577
2	1318	692
2	1319	202
2	1320	575
2	1321	273
2	1322	600
2	1322	687
2	1324	715
2	1325	519
2	1326	937
2	1327	338
2	1327	488
2	1327	498
2	1329	530
2	1330	819
2	1330	925
2	1331	468
2	1332	654
2	1334	947
2	1335	175
2	1335	386
2	1336	204
2	1338	337
2	1338	606
2	1338	707
2	1342	26
2	1343	132
2	1344	475
2	1344	541
2	1344	792
2	1348	72
2	1348	917
2	1349	174
2	1349	314
2	1349	346
2	1351	735
2	1352	79
2	1352	515
2	1352	963
2	1353	587
2	1355	189
2	1356	758
2	1357	182
2	1360	2
2	1362	145
2	1362	601
2	1363	32
2	1363	738
2	1365	392
2	1366	137
2	1367	543
2	1367	803
2	1368	680
2	1369	50
2	1371	565
2	1372	320
2	1372	615
2	1372	633
2	1372	664
2	1373	62
2	1374	815
2	1375	907
2	1376	65
2	1376	421
2	1377	360
2	1378	978
2	1379	181
2	1380	21
2	1381	380
2	1381	669
2	1382	160
2	1383	921
2	1384	43
2	1387	752
2	1388	352
2	1389	686
2	1389	693
2	1393	899
2	1394	66
2	1394	85
2	1395	57
2	1395	106
2	1395	932
2	1396	608
2	1397	324
2	1398	439
2	1398	854
2	1400	566
2	1401	896
2	1402	270
2	1402	830
2	1402	956
2	1403	16
2	1404	230
2	1405	119
2	1405	502
2	1405	926
2	1407	632
2	1409	659
2	1410	809
2	1411	496
2	1411	617
2	1413	936
2	1414	651
2	1415	472
2	1416	377
2	1418	217
2	1418	323
2	1418	638
2	1421	563
2	1422	129
2	1422	465
2	1424	783
2	1425	317
2	1427	736
2	1427	965
2	1428	493
2	1428	787
2	1429	254
2	1432	22
2	1434	684
2	1434	894
2	1435	639
2	1436	408
2	1436	595
2	1437	15
2	1437	131
2	1437	621
2	1437	625
2	1438	92
2	1438	135
2	1439	376
2	1439	945
2	1440	574
2	1441	130
2	1442	203
2	1442	306
2	1443	167
2	1444	579
2	1444	702
2	1444	788
2	1444	798
2	1444	981
2	1445	926
2	1446	4
2	1446	147
2	1447	810
2	1447	931
2	1448	558
2	1449	47
2	1449	473
2	1449	676
2	1450	310
2	1451	8
2	1452	767
2	1454	970
2	1455	5
2	1455	196
2	1455	528
2	1456	301
2	1458	569
2	1459	55
2	1459	483
2	1460	183
2	1460	553
2	1463	13
2	1463	437
2	1463	507
2	1463	624
2	1463	828
2	1466	759
2	1468	39
2	1468	372
2	1468	467
2	1471	369
2	1472	249
2	1472	774
2	1473	718
2	1474	947
2	1475	518
2	1476	410
2	1478	388
2	1478	791
2	1479	604
2	1479	781
2	1481	82
2	1483	99
2	1483	223
2	1483	866
2	1484	663
2	1484	792
2	1487	14
2	1488	311
2	1488	592
2	1489	441
2	1490	561
2	1490	673
2	1491	156
2	1491	590
2	1492	98
2	1492	197
2	1492	284
2	1492	390
2	1493	305
2	1495	145
2	1495	170
2	1498	169
2	1498	378
2	1498	423
2	1498	743
2	1498	779
2	1499	436
2	1499	729
2	1500	9
2	1500	168
2	1500	198
2	1501	136
2	1501	286
2	1501	764
2	1502	122
2	1502	652
2	1502	756
2	1504	415
2	1505	497
2	1505	869
2	1506	302
2	1506	630
2	1507	74
2	1507	640
2	1508	953
2	1509	951
2	1510	36
2	1510	113
2	1510	674
2	1510	924
2	1511	208
2	1512	205
2	1513	878
2	1514	326
2	1514	859
2	1515	445
2	1515	732
2	1516	538
2	1517	351
2	1520	929
2	1521	766
2	1522	364
2	1522	972
2	1523	314
2	1523	843
2	1524	71
2	1524	264
2	1524	327
2	1526	678
2	1526	853
2	1527	508
2	1529	105
2	1529	363
2	1529	555
2	1530	48
2	1530	547
2	1531	894
2	1533	641
2	1533	761
2	1533	901
2	1534	992
2	1536	340
2	1536	438
2	1537	109
2	1537	509
2	1537	749
2	1537	936
2	1538	151
2	1538	693
2	1540	520
2	1541	337
2	1542	763
2	1542	799
2	1543	300
2	1544	939
2	1545	259
2	1546	15
2	1546	221
2	1546	866
2	1547	100
2	1548	462
2	1548	522
2	1549	516
2	1549	870
2	1550	72
2	1551	86
2	1551	370
2	1551	719
2	1551	802
2	1551	951
2	1553	276
2	1554	540
2	1554	657
2	1556	121
2	1556	384
2	1556	587
2	1558	601
2	1559	428
2	1559	614
2	1560	20
2	1560	575
2	1561	195
2	1561	796
2	1563	128
2	1564	187
2	1564	427
2	1564	923
2	1565	94
2	1565	405
2	1566	164
2	1567	292
2	1569	930
2	1570	267
2	1570	478
2	1570	988
2	1572	654
2	1573	618
2	1574	196
2	1574	707
2	1574	947
2	1575	287
2	1576	291
2	1576	320
2	1578	734
2	1580	175
2	1584	181
2	1585	454
2	1585	906
2	1586	139
2	1586	434
2	1586	582
2	1588	180
2	1588	511
2	1588	739
2	1589	599
2	1589	668
2	1590	149
2	1591	689
2	1591	740
2	1591	899
2	1594	328
2	1595	757
2	1596	77
2	1596	661
2	1598	464
2	1599	579
2	1599	716
2	1599	822
2	1599	989
2	1600	982
2	1601	964
2	1602	409
2	1602	422
2	1603	110
2	1603	282
2	1604	374
2	1606	477
2	1608	735
2	1612	470
2	1612	489
2	1613	277
2	1617	210
2	1617	664
2	1618	51
2	1620	194
2	1620	675
2	1621	666
2	1622	3
2	1622	152
2	1624	126
2	1624	383
2	1624	935
2	1625	426
2	1625	936
2	1626	189
2	1628	161
2	1628	700
2	1629	271
2	1629	726
2	1629	937
2	1630	138
2	1630	863
2	1630	888
2	1631	397
2	1631	564
2	1632	387
2	1633	718
2	1633	850
2	1633	856
2	1634	56
2	1634	102
2	1634	446
2	1635	752
2	1636	531
2	1637	633
2	1638	199
2	1641	23
2	1644	756
2	1644	781
2	1645	447
2	1646	66
2	1647	371
2	1649	550
2	1651	430
2	1653	17
2	1655	970
2	1656	354
2	1658	556
2	1659	759
2	1659	951
2	1660	765
2	1661	459
2	1661	486
2	1661	570
2	1662	581
2	1663	165
2	1665	622
2	1667	73
2	1667	303
2	1667	832
2	1668	373
2	1668	676
2	1669	378
2	1670	655
2	1671	234
2	1671	697
2	1674	483
2	1675	162
2	1675	864
2	1677	418
2	1678	141
2	1679	36
2	1679	502
2	1680	691
2	1681	395
2	1681	589
2	1681	747
2	1682	728
2	1684	672
2	1684	699
2	1684	905
2	1686	681
2	1686	761
2	1687	50
2	1688	377
2	1688	639
2	1688	744
2	1689	601
2	1689	629
2	1689	712
2	1689	811
2	1690	342
2	1690	769
2	1692	617
2	1693	142
2	1693	145
2	1693	283
2	1693	513
2	1694	813
2	1695	363
2	1696	600
2	1697	246
2	1697	300
2	1697	842
2	1698	233
2	1699	365
2	1699	567
2	1699	840
2	1700	441
2	1701	406
2	1701	611
2	1703	265
2	1703	548
2	1703	991
2	1704	795
2	1705	260
2	1705	469
2	1706	85
2	1707	262
2	1707	310
2	1707	433
2	1707	799
2	1707	943
2	1708	11
2	1709	372
2	1709	927
2	1710	294
2	1711	31
2	1712	322
2	1715	217
2	1715	958
2	1716	57
2	1716	269
2	1716	466
2	1717	130
2	1717	421
2	1718	222
2	1718	609
2	1720	27
2	1720	93
2	1720	436
2	1720	485
2	1721	47
2	1721	304
2	1721	468
2	1722	824
2	1722	915
2	1723	122
2	1723	183
2	1724	223
2	1724	647
2	1727	347
2	1727	816
2	1727	968
2	1728	587
2	1729	26
2	1729	632
2	1730	748
2	1730	997
2	1731	135
2	1731	702
2	1731	767
2	1732	95
2	1732	147
2	1732	374
2	1732	583
2	1733	376
2	1733	903
2	1734	346
2	1734	517
2	1734	773
2	1735	123
2	1735	209
2	1736	224
2	1736	530
2	1736	701
2	1737	349
2	1738	490
2	1738	524
2	1738	693
2	1739	171
2	1739	630
2	1739	980
2	1740	633
2	1740	754
2	1741	416
2	1741	649
2	1741	842
2	1742	686
2	1742	904
2	1744	858
2	1745	358
2	1746	220
2	1746	488
2	1746	537
2	1748	109
2	1748	881
2	1749	652
2	1751	285
2	1752	13
2	1752	212
2	1755	516
2	1756	244
2	1756	663
2	1756	940
2	1757	462
2	1759	420
2	1760	35
2	1760	424
2	1761	720
2	1762	160
2	1764	9
2	1764	828
2	1765	191
2	1765	603
2	1765	753
2	1766	787
2	1767	258
2	1767	654
2	1768	94
2	1769	29
2	1769	750
2	1769	846
2	1769	953
2	1770	54
2	1770	103
2	1770	174
2	1771	598
2	1772	731
2	1774	309
2	1778	709
2	1779	19
2	1779	218
2	1779	782
2	1780	317
2	1780	951
2	1781	129
2	1781	561
2	1781	627
2	1782	948
2	1783	680
2	1783	996
2	1784	61
2	1784	254
2	1786	332
2	1786	742
2	1787	187
2	1787	284
2	1787	326
2	1789	399
2	1791	366
2	1793	375
2	1794	116
2	1794	282
2	1795	762
2	1795	926
2	1796	751
2	1797	175
2	1798	155
2	1798	634
2	1799	17
2	1801	491
2	1804	201
2	1804	577
2	1805	455
2	1806	542
2	1806	967
2	1807	527
2	1808	386
2	1810	125
2	1810	278
2	1811	206
2	1811	252
2	1811	298
2	1811	456
2	1812	610
2	1813	849
2	1815	536
2	1815	552
2	1815	554
2	1816	522
2	1821	348
2	1821	509
2	1822	510
2	1824	568
2	1825	389
2	1825	991
2	1826	429
2	1827	961
2	1828	484
2	1830	540
2	1833	81
2	1833	328
2	1833	525
2	1834	921
2	1836	594
2	1837	200
2	1840	22
2	1840	237
2	1843	575
2	1844	809
2	1845	45
2	1845	387
2	1847	505
2	1849	221
2	1850	930
2	1852	388
2	1852	451
2	1852	679
2	1852	726
2	1852	822
2	1853	799
2	1854	592
2	1856	492
2	1856	571
2	1856	863
2	1857	907
2	1858	383
2	1860	198
2	1860	442
2	1860	723
2	1861	260
2	1862	470
2	1863	346
2	1864	954
2	1865	37
2	1865	148
2	1865	395
2	1867	217
2	1869	404
2	1869	646
2	1869	691
2	1869	824
2	1869	963
2	1871	667
2	1872	295
2	1873	380
2	1874	405
2	1876	572
2	1877	113
2	1878	593
2	1878	644
2	1879	102
2	1879	406
2	1879	743
2	1880	43
2	1880	70
2	1880	97
2	1880	921
2	1881	111
2	1881	320
2	1881	370
2	1882	362
2	1884	276
2	1884	338
2	1884	804
2	1885	601
2	1886	107
2	1886	595
2	1887	224
2	1888	310
2	1889	171
2	1889	307
2	1890	408
2	1890	580
2	1890	611
2	1890	728
2	1891	146
2	1892	564
2	1892	698
2	1892	920
2	1894	444
2	1895	100
2	1895	379
2	1895	849
2	1896	432
2	1896	797
2	1896	908
2	1897	38
2	1897	402
2	1897	687
2	1898	414
2	1899	115
2	1899	207
2	1899	857
2	1900	52
2	1900	481
2	1901	84
2	1901	425
2	1901	608
2	1902	122
2	1902	196
2	1902	377
2	1903	63
2	1903	72
2	1903	473
2	1903	730
2	1904	476
2	1904	848
2	1905	238
2	1905	356
2	1905	467
2	1906	161
2	1906	336
2	1907	489
2	1907	772
2	1908	247
2	1908	443
2	1909	629
2	1909	746
2	1909	993
2	1910	211
2	1910	243
2	1910	989
2	1911	659
2	1911	770
2	1912	661
2	1912	764
2	1914	58
2	1914	596
2	1916	12
2	1916	135
2	1917	133
2	1917	182
2	1918	773
2	1918	951
2	1919	57
2	1919	590
2	1920	535
2	1922	268
2	1923	318
2	1923	585
2	1923	690
2	1924	236
2	1925	372
2	1925	617
2	1925	643
2	1927	262
2	1928	281
2	1928	459
2	1928	704
2	1929	1
2	1929	416
2	1930	939
2	1931	220
2	1931	248
2	1932	6
2	1932	531
2	1933	121
2	1933	756
2	1935	127
2	1936	273
2	1937	67
2	1937	140
2	1937	400
2	1938	32
2	1938	337
2	1938	401
2	1939	786
2	1939	894
2	1939	937
2	1941	579
2	1941	647
2	1943	15
2	1944	144
2	1944	838
2	1945	466
2	1945	660
2	1945	788
2	1945	815
2	1946	752
2	1947	223
2	1947	315
2	1948	294
2	1948	670
2	1949	567
2	1952	289
2	1957	543
2	1958	279
2	1958	434
2	1959	184
2	1959	735
2	1960	389
2	1960	435
2	1962	114
2	1963	284
2	1963	521
2	1963	705
2	1967	230
2	1968	650
2	1969	352
2	1969	478
2	1969	656
2	1970	636
2	1970	680
2	1971	10
2	1971	226
2	1971	270
2	1973	142
2	1973	215
2	1974	280
2	1974	306
2	1974	700
2	1975	688
2	1976	65
2	1976	201
2	1976	612
2	1976	737
2	1977	316
2	1978	369
2	1978	604
2	1979	349
2	1980	277
2	1980	324
2	1981	141
2	1981	403
2	1981	420
2	1982	209
2	1982	428
2	1982	719
2	1983	502
2	1984	303
2	1984	683
2	1985	407
2	1986	538
2	1988	4
2	1988	64
2	1988	684
2	1988	779
2	1989	777
2	1990	445
2	1991	18
2	1991	639
2	1991	711
2	1991	822
2	1992	163
2	1993	249
2	1993	968
2	1994	28
2	1994	307
2	1994	775
2	1994	921
2	1994	951
2	1994	998
2	1995	600
2	1996	386
2	1996	632
2	1996	906
2	1997	218
2	1997	498
2	1997	887
2	1999	25
2	1999	456
2	1999	557
2	1999	965
2	2001	547
2	2002	365
2	2004	992
2	2005	35
2	2005	157
2	2006	130
2	2006	329
2	2006	514
2	2006	986
2	2007	411
2	2011	186
2	2011	460
2	2011	586
2	2012	93
2	2012	208
2	2012	724
2	2013	430
2	2014	508
2	2015	85
2	2017	373
2	2017	453
2	2018	3
2	2018	607
2	2019	88
2	2019	625
2	2019	821
2	2020	493
2	2021	676
2	2022	34
2	2027	120
2	2027	566
2	2028	2
2	2029	484
2	2029	968
2	2031	898
2	2034	554
2	2034	610
2	2035	89
2	2035	105
2	2035	125
2	2035	419
2	2036	477
2	2038	720
2	2040	68
2	2041	150
2	2042	225
2	2042	263
2	2044	591
2	2045	1
2	2045	305
2	2045	439
2	2045	487
2	2045	941
2	2046	410
2	2046	423
2	2047	366
2	2048	199
2	2048	448
2	2048	578
2	2049	769
2	2051	602
2	2051	622
2	2051	759
2	2052	926
2	2053	616
2	2056	624
2	2058	707
2	2059	321
2	2060	198
2	2060	645
2	2061	97
2	2062	447
2	2064	559
2	2065	866
2	2066	367
2	2066	760
2	2066	974
2	2067	171
2	2067	393
2	2072	63
2	2072	472
2	2075	312
2	2075	314
2	2076	381
2	2079	176
2	2081	652
2	2082	154
2	2082	877
2	2083	678
2	2084	15
2	2084	418
2	2084	884
2	2086	427
2	2088	416
2	2088	582
2	2090	275
2	2090	361
2	2091	119
2	2093	30
2	2093	402
2	2097	224
2	2097	446
2	2097	526
2	2098	108
2	2100	401
2	2100	485
2	2102	415
2	2103	592
2	2104	149
2	2105	128
2	2106	42
2	2106	67
2	2106	276
2	2109	232
2	2110	233
2	2111	55
2	2111	325
2	2112	458
2	2112	606
2	2115	637
2	2116	421
2	2117	490
2	2118	529
2	2118	548
2	2120	202
2	2120	372
2	2120	721
2	2120	931
2	2121	660
2	2123	101
2	2123	274
2	2123	563
2	2123	770
2	2124	180
2	2125	254
2	2125	805
2	2125	978
2	2126	210
2	2127	498
2	2127	520
2	2128	443
2	2128	675
2	2130	505
2	2130	556
2	2130	662
2	2131	538
2	2131	843
2	2133	574
2	2134	628
2	2135	370
2	2136	195
2	2140	298
2	2140	551
2	2140	718
2	2140	823
2	2141	604
2	2142	552
2	2142	833
2	2143	373
2	2143	588
2	2144	112
2	2144	777
2	2145	169
2	2145	677
2	2146	58
2	2146	502
2	2146	898
2	2147	187
2	2147	328
2	2148	283
2	2148	889
2	2149	444
2	2151	221
2	2151	491
2	2152	525
2	2152	656
2	2153	256
2	2153	912
2	2155	72
2	2155	236
2	2157	331
2	2157	894
2	2158	371
2	2158	459
2	2158	476
2	2159	686
2	2160	336
2	2162	577
2	2167	799
2	2167	815
2	2169	57
2	2170	6
2	2170	218
2	2170	711
2	2171	177
2	2172	593
2	2173	594
2	2173	919
2	2174	69
2	2174	141
2	2174	951
2	2177	65
2	2177	238
2	2177	413
2	2178	780
2	2179	93
2	2181	197
2	2181	329
2	2181	627
2	2182	20
2	2182	181
2	2184	159
2	2184	736
2	2185	110
2	2186	347
2	2186	522
2	2187	86
2	2187	211
2	2189	682
2	2189	883
2	2190	50
2	2190	189
2	2190	642
2	2190	689
2	2190	827
2	2191	537
2	2191	761
2	2192	321
2	2192	356
2	2192	358
2	2193	190
2	2193	630
2	2194	242
2	2194	433
2	2194	979
2	2195	36
2	2195	792
2	2196	585
2	2196	728
2	2196	942
2	2198	355
2	2198	623
2	2198	679
2	2198	778
2	2198	869
2	2200	90
2	2200	126
2	2200	131
2	2200	894
2	2201	235
2	2201	409
2	2201	430
2	2201	447
2	2204	146
2	2206	194
2	2206	397
2	2206	643
2	2207	104
2	2207	170
2	2207	286
2	2207	581
2	2208	174
2	2209	611
2	2209	955
2	2210	445
2	2210	687
2	2210	732
2	2212	1
2	2212	354
2	2212	461
2	2212	495
2	2212	545
2	2212	823
2	2212	866
2	2212	890
2	2214	21
2	2214	322
2	2215	569
2	2215	976
2	2218	368
2	2220	28
2	2220	123
2	2221	252
2	2221	734
2	2221	840
2	2222	29
2	2223	487
2	2223	765
2	2224	204
2	2224	811
2	2225	130
2	2225	363
2	2225	377
2	2225	583
2	2226	309
2	2226	764
2	2227	161
2	2228	344
2	2228	381
2	2229	35
2	2229	868
2	2231	605
2	2233	116
2	2233	791
2	2234	943
2	2235	619
2	2236	70
2	2236	566
2	2237	278
2	2238	158
2	2238	312
2	2241	408
2	2243	258
2	2243	362
2	2243	649
2	2244	463
2	2246	306
2	2247	14
2	2247	947
2	2247	957
2	2248	512
2	2248	590
2	2249	285
2	2250	49
2	2250	633
2	2252	420
2	2252	911
2	2253	230
2	2255	196
2	2255	542
2	2256	523
2	2257	478
2	2258	89
2	2258	436
2	2260	796
2	2260	860
2	2261	375
2	2262	215
2	2262	300
2	2263	59
2	2263	388
2	2263	412
2	2263	824
2	2264	816
2	2265	304
2	2268	498
2	2268	617
2	2268	934
2	2269	345
2	2269	636
2	2270	638
2	2270	902
2	2271	330
2	2272	959
2	2273	424
2	2274	709
2	2277	76
2	2277	357
2	2277	706
2	2278	100
2	2278	853
2	2279	559
2	2280	452
2	2281	212
2	2283	769
2	2284	327
2	2284	759
2	2285	383
2	2286	24
2	2286	33
2	2289	885
2	2290	45
2	2290	995
2	2293	936
2	2295	506
2	2298	600
2	2298	602
2	2299	314
2	2299	396
2	2299	595
2	2301	97
2	2302	800
2	2303	3
2	2305	454
2	2306	66
2	2306	251
2	2306	855
2	2308	227
2	2309	509
2	2310	47
2	2310	609
2	2311	514
2	2311	571
2	2311	614
2	2313	139
2	2313	442
2	2314	553
2	2316	967
2	2318	18
2	2319	348
2	2320	60
2	2320	83
2	2322	607
2	2324	205
2	2324	917
2	2325	179
2	2325	543
2	2326	533
2	2330	564
2	2334	7
2	2334	722
2	2335	403
2	2335	651
2	2335	768
2	2336	822
2	2336	908
2	2336	999
2	2337	524
2	2340	879
2	2340	951
2	2341	421
2	2344	278
2	2344	574
2	2347	448
2	2348	213
2	2348	577
2	2348	695
2	2349	761
2	2349	834
2	2350	480
2	2350	678
2	2351	405
2	2351	932
2	2352	152
2	2352	154
2	2353	949
2	2355	351
2	2357	317
2	2359	983
2	2360	174
2	2360	499
2	2361	603
2	2362	233
2	2362	747
2	2365	333
2	2367	269
2	2369	697
2	2370	539
2	2370	740
2	2371	55
2	2371	310
2	2371	391
2	2372	248
2	2374	417
2	2374	438
2	2374	685
2	2375	312
2	2378	138
2	2378	423
2	2378	534
2	2379	488
2	2379	674
2	2380	365
2	2380	672
2	2380	789
2	2380	966
2	2381	332
2	2383	223
2	2384	143
2	2384	969
2	2385	307
2	2385	628
2	2387	370
2	2387	486
2	2388	707
2	2389	197
2	2389	400
2	2389	538
2	2390	576
2	2391	69
2	2391	167
2	2391	515
2	2392	656
2	2393	6
2	2393	446
2	2394	121
2	2394	743
2	2395	141
2	2398	161
2	2399	135
2	2399	142
2	2399	198
2	2399	798
2	2401	157
2	2401	537
2	2402	701
2	2404	14
2	2405	140
2	2405	668
2	2406	501
2	2407	352
2	2409	649
2	2409	845
2	2410	422
2	2412	122
2	2412	702
2	2414	95
2	2414	258
2	2414	265
2	2414	529
2	2414	782
2	2415	723
2	2416	79
2	2416	253
2	2418	349
2	2418	793
2	2418	864
2	2419	359
2	2419	664
2	2419	739
2	2421	20
2	2421	224
2	2421	362
2	2421	677
2	2423	402
2	2423	684
2	2423	806
2	2424	495
2	2424	882
2	2425	958
2	2426	32
2	2427	594
2	2428	297
2	2429	93
2	2430	58
2	2430	632
2	2430	724
2	2431	361
2	2431	686
2	2431	776
2	2432	203
2	2433	106
2	2433	496
2	2435	613
2	2436	316
2	2438	35
2	2439	620
2	2439	839
2	2440	321
2	2442	23
2	2443	328
2	2444	853
2	2445	558
2	2447	136
2	2447	437
2	2448	193
2	2449	54
2	2449	363
2	2449	774
2	2449	966
2	2450	760
2	2451	158
2	2451	414
2	2452	384
2	2453	114
2	2454	409
2	2454	733
2	2455	191
2	2455	369
2	2456	236
2	2457	830
2	2458	805
2	2458	879
2	2459	784
2	2461	556
2	2461	618
2	2462	139
2	2465	268
2	2466	305
2	2468	466
2	2469	863
2	2471	510
2	2472	105
2	2473	294
2	2473	616
2	2473	759
2	2475	256
2	2476	485
2	2477	252
2	2477	516
2	2478	86
2	2478	145
2	2478	222
2	2478	753
2	2478	812
2	2479	410
2	2480	372
2	2481	797
2	2482	368
2	2482	762
2	2483	605
2	2484	648
2	2484	816
2	2486	13
2	2486	602
2	2487	366
2	2487	575
2	2487	987
2	2488	765
2	2489	194
2	2489	387
2	2490	696
2	2493	202
2	2493	472
2	2493	504
2	2494	218
2	2494	284
2	2495	559
2	2495	874
2	2496	274
2	2496	390
2	2496	425
2	2496	474
2	2497	154
2	2498	681
2	2499	242
2	2499	479
2	2499	651
2	2502	260
2	2502	309
2	2502	741
2	2503	152
2	2505	181
2	2506	398
2	2507	622
2	2507	998
2	2508	90
2	2508	710
2	2509	358
2	2509	933
2	2510	2
2	2510	817
2	2511	112
2	2511	722
2	2512	262
2	2513	129
2	2513	211
2	2514	451
2	2514	859
2	2516	552
2	2516	740
2	2517	107
2	2517	838
2	2518	329
2	2518	862
2	2520	162
2	2521	565
2	2525	453
2	2525	792
2	2526	693
2	2527	41
2	2527	431
2	2528	71
2	2529	209
2	2530	385
2	2531	334
2	2531	473
2	2531	646
2	2532	995
2	2533	155
2	2533	176
2	2535	963
2	2536	10
2	2537	92
2	2537	304
2	2537	397
2	2537	592
2	2538	27
2	2538	217
2	2539	411
2	2539	531
2	2539	690
2	2540	777
2	2541	912
2	2541	957
2	2542	413
2	2542	544
2	2543	915
2	2544	273
2	2544	292
2	2544	350
2	2545	247
2	2547	254
2	2548	244
2	2548	261
2	2550	606
2	2552	371
2	2552	374
2	2553	996
2	2554	676
2	2554	861
2	2555	325
2	2556	24
2	2556	36
2	2556	827
2	2559	433
2	2560	890
2	2561	237
2	2561	291
2	2562	88
2	2562	703
2	2563	89
2	2563	113
2	2564	667
2	2565	135
2	2566	521
2	2567	116
2	2567	982
2	2568	324
2	2570	51
2	2571	882
2	2572	48
2	2572	127
2	2572	258
2	2572	782
2	2574	250
2	2575	580
2	2578	518
2	2581	962
2	2582	630
2	2582	680
2	2583	443
2	2583	499
2	2583	709
2	2584	758
2	2585	691
2	2586	214
2	2587	386
2	2587	405
2	2587	878
2	2587	928
2	2589	70
2	2589	610
2	2590	118
2	2590	270
2	2593	567
2	2594	228
2	2594	717
2	2595	829
2	2596	336
2	2601	315
2	2601	649
2	2601	749
2	2602	85
2	2607	98
2	2607	643
2	2608	799
2	2608	879
2	2609	666
2	2609	868
2	2610	801
2	2610	940
2	2611	34
2	2611	512
2	2614	398
2	2614	498
2	2616	742
2	2617	125
2	2617	369
2	2617	688
2	2618	364
2	2618	595
2	2618	791
2	2618	952
2	2619	311
2	2619	520
2	2619	716
2	2620	204
2	2621	230
2	2622	7
2	2622	55
2	2622	216
2	2622	301
2	2623	320
2	2623	346
2	2623	752
2	2623	797
2	2623	870
2	2624	198
2	2625	300
2	2625	803
2	2625	877
2	2626	122
2	2626	136
2	2627	275
2	2627	563
2	2628	126
2	2628	295
2	2629	410
2	2629	614
2	2629	790
2	2630	429
2	2630	972
2	2631	146
2	2631	727
2	2632	599
2	2632	805
2	2633	663
2	2635	526
2	2636	219
2	2637	298
2	2637	404
2	2637	760
2	2638	169
2	2638	702
2	2639	437
2	2639	560
2	2639	674
2	2640	257
2	2641	3
2	2642	810
2	2643	178
2	2644	485
2	2645	427
2	2646	323
2	2646	509
2	2647	189
2	2648	227
2	2648	623
2	2649	302
2	2651	875
2	2653	501
2	2654	957
2	2655	432
2	2655	468
2	2655	511
2	2658	380
2	2659	180
2	2659	556
2	2659	897
2	2660	54
2	2660	730
2	2661	249
2	2662	532
2	2664	874
2	2665	566
2	2666	22
2	2666	28
2	2667	423
2	2668	932
2	2669	411
2	2669	438
2	2670	865
2	2673	147
2	2673	741
2	2674	242
2	2674	596
2	2674	639
2	2675	182
2	2676	372
2	2676	590
2	2677	494
2	2677	952
2	2678	888
2	2679	402
2	2680	708
2	2681	305
2	2681	550
2	2681	787
2	2681	961
2	2682	26
2	2682	84
2	2682	232
2	2682	265
2	2682	451
2	2682	492
2	2682	736
2	2683	339
2	2683	851
2	2687	456
2	2688	917
2	2689	508
2	2690	478
2	2690	553
2	2690	923
2	2690	991
2	2692	762
2	2692	970
2	2693	252
2	2694	634
2	2696	58
2	2699	100
2	2699	901
2	2700	96
2	2701	728
2	2702	177
2	2703	546
2	2703	565
2	2704	475
2	2706	880
2	2708	102
2	2710	831
2	2712	256
2	2712	783
2	2714	403
2	2716	6
2	2716	353
2	2719	720
2	2720	293
2	2721	453
2	2722	10
2	2722	324
2	2722	875
2	2723	93
2	2724	248
2	2725	24
2	2726	46
2	2727	635
2	2727	939
2	2728	365
2	2729	493
2	2730	215
2	2730	217
2	2730	710
2	2735	162
2	2736	502
2	2736	695
2	2736	763
2	2737	399
2	2737	607
2	2738	421
2	2738	808
2	2739	617
2	2742	325
2	2744	371
2	2744	544
2	2745	370
2	2745	383
2	2745	597
2	2745	677
2	2745	900
2	2746	140
2	2747	375
2	2748	835
2	2748	921
2	2749	912
2	2755	124
2	2755	330
2	2756	632
2	2757	428
2	2758	37
2	2760	165
2	2761	373
2	2761	439
2	2761	519
2	2762	130
2	2763	137
2	2764	685
2	2766	621
2	2767	817
2	2768	187
2	2771	780
2	2771	870
2	2772	407
2	2774	85
2	2775	322
2	2775	537
2	2775	637
2	2776	646
2	2776	831
2	2778	825
2	2781	726
2	2783	244
2	2784	480
2	2785	361
2	2785	424
2	2786	661
2	2787	259
2	2788	577
2	2789	129
2	2789	447
2	2790	623
2	2790	633
2	2791	204
2	2791	314
2	2792	406
2	2794	422
2	2796	430
2	2796	611
2	2797	78
2	2797	899
2	2799	587
2	2800	169
2	2800	270
2	2801	426
2	2801	744
2	2801	915
2	2803	224
2	2803	417
2	2804	688
2	2805	721
2	2806	649
2	2807	642
2	2809	101
2	2809	134
2	2810	55
2	2810	199
2	2811	449
2	2812	359
2	2812	392
2	2812	582
2	2812	601
2	2812	707
2	2813	316
2	2816	332
2	2816	389
2	2816	612
2	2817	268
2	2817	291
2	2817	534
2	2817	566
2	2818	595
2	2819	483
2	2819	591
2	2819	775
2	2821	211
2	2822	497
2	2822	543
2	2822	653
2	2825	19
2	2828	465
2	2830	496
2	2830	789
2	2831	491
2	2831	748
2	2831	910
2	2835	738
2	2836	254
2	2838	701
2	2838	702
2	2840	440
2	2841	535
2	2841	546
2	2841	892
2	2842	735
2	2842	784
2	2843	108
2	2843	178
2	2843	307
2	2844	159
2	2845	112
2	2845	578
2	2846	110
2	2846	304
2	2846	478
2	2847	419
2	2847	664
2	2848	241
2	2848	351
2	2849	123
2	2850	301
2	2850	950
2	2852	65
2	2852	928
2	2853	593
2	2854	318
2	2854	893
2	2855	28
2	2855	179
2	2855	317
2	2856	531
2	2857	33
2	2857	401
2	2860	128
2	2861	590
2	2862	39
2	2862	221
2	2862	965
2	2863	898
2	2864	326
2	2864	791
2	2864	836
2	2865	56
2	2867	273
2	2867	410
2	2868	57
2	2868	833
2	2871	174
2	2871	974
2	2873	570
2	2874	793
2	2875	71
2	2877	857
2	2878	40
2	2878	533
2	2879	25
2	2880	456
2	2881	349
2	2881	705
2	2882	181
2	2882	613
2	2883	683
2	2885	271
2	2885	437
2	2886	528
2	2886	979
2	2888	186
2	2889	105
2	2889	233
2	2889	690
2	2890	68
2	2891	231
2	2891	560
2	2894	156
2	2896	737
2	2897	277
2	2897	539
2	2898	288
2	2898	400
2	2898	800
2	2899	83
2	2899	511
2	2900	310
2	2900	820
2	2900	960
2	2901	92
2	2901	246
2	2901	643
2	2901	734
2	2902	524
2	2902	596
2	2902	725
2	2903	295
2	2903	328
2	2903	443
2	2903	654
2	2903	803
2	2904	333
2	2904	336
2	2904	396
2	2904	743
2	2906	64
2	2908	760
2	2909	50
2	2910	109
2	2911	454
2	2911	681
2	2912	59
2	2913	384
2	2916	146
2	2917	429
2	2917	521
2	2918	522
2	2920	225
2	2920	538
2	2921	290
2	2924	436
2	2924	452
2	2925	252
2	2925	353
2	2927	845
2	2928	364
2	2929	188
2	2930	158
2	2930	208
2	2930	653
2	2931	121
2	2931	663
2	2932	141
2	2932	914
2	2933	876
2	2934	21
2	2934	394
2	2935	22
2	2935	448
2	2935	516
2	2936	148
2	2936	514
2	2936	716
2	2937	44
2	2937	53
2	2937	398
2	2937	903
2	2939	390
2	2940	102
2	2941	338
2	2941	969
2	2943	84
2	2943	513
2	2945	980
2	2946	435
2	2946	708
2	2947	408
2	2947	581
2	2950	272
2	2951	462
2	2951	518
2	2955	297
2	2957	20
2	2958	93
2	2958	639
2	2962	82
2	2963	232
2	2963	607
2	2964	565
2	2965	261
2	2966	571
2	2967	537
2	2967	633
2	2968	8
2	2968	602
2	2968	744
2	2971	730
2	2971	985
2	2971	999
2	2972	127
2	2973	386
2	2974	26
2	2974	204
2	2974	776
2	2976	240
2	2976	881
2	2978	405
2	2979	118
2	2980	243
2	2981	810
2	2982	476
2	2983	191
2	2984	113
2	2984	745
2	2985	299
2	2985	703
2	2986	667
2	2987	440
2	2987	956
2	2988	461
2	2989	227
2	2989	459
2	2989	563
2	2989	888
2	2990	383
2	2990	839
2	2991	952
2	2993	567
2	2993	727
2	2994	360
2	2994	620
2	2994	997
2	2995	665
2	2996	669
2	2998	322
2	2998	763
2	2998	931
2	3000	335
2	3001	399
2	3002	583
2	3003	915
2	3005	198
2	3005	626
2	3007	80
2	3007	959
2	3011	471
2	3011	777
2	3012	444
2	3014	592
2	3015	283
2	3016	133
2	3016	248
2	3018	43
2	3020	504
2	3020	809
2	3021	285
2	3022	509
2	3023	31
2	3023	145
2	3023	202
2	3026	561
2	3026	791
2	3028	47
2	3028	498
2	3030	911
2	3031	314
2	3031	636
2	3032	176
2	3032	893
2	3035	342
2	3035	554
2	3036	393
2	3037	375
2	3038	530
2	3038	761
2	3041	155
2	3041	989
2	3044	337
2	3046	351
2	3047	172
2	3047	589
2	3047	635
2	3047	782
2	3049	103
2	3049	370
2	3049	699
2	3050	219
2	3050	529
2	3050	870
2	3050	990
2	3053	526
2	3055	228
2	3055	560
2	3056	578
2	3056	673
2	3056	697
2	3056	715
2	3056	758
2	3058	559
2	3058	664
2	3058	818
2	3059	787
2	3060	710
2	3060	882
2	3062	545
2	3062	797
2	3064	122
2	3064	318
2	3065	677
2	3066	486
2	3067	244
2	3068	200
2	3068	214
2	3068	496
2	3069	292
2	3070	206
2	3070	938
2	3071	121
2	3071	181
2	3072	807
2	3074	107
2	3074	538
2	3074	883
2	3076	658
2	3079	33
2	3079	264
2	3080	278
2	3080	489
2	3080	690
2	3081	179
2	3081	256
2	3081	431
2	3081	779
2	3082	216
2	3082	827
2	3082	881
2	3083	832
2	3085	641
2	3085	992
2	3086	260
2	3087	79
2	3087	705
2	3090	654
2	3092	473
2	3093	361
2	3094	349
2	3094	350
2	3095	26
2	3098	221
2	3098	286
2	3098	481
2	3098	982
2	3100	638
2	3100	764
2	3101	236
2	3102	23
2	3102	201
2	3102	769
2	3103	343
2	3103	347
2	3104	333
2	3105	835
2	3108	732
2	3108	996
2	3109	460
2	3110	463
2	3111	78
2	3111	514
2	3111	813
2	3112	178
2	3112	478
2	3113	243
2	3114	406
2	3115	608
2	3115	755
2	3118	80
2	3118	531
2	3118	573
2	3119	193
2	3119	367
2	3120	136
2	3120	731
2	3121	237
2	3121	246
2	3121	723
2	3122	59
2	3122	91
2	3122	443
2	3122	666
2	3122	680
2	3122	799
2	3123	672
2	3125	773
2	3125	776
2	3126	490
2	3127	77
2	3127	234
2	3128	146
2	3128	212
2	3129	299
2	3129	969
2	3130	241
2	3130	614
2	3132	904
2	3133	95
2	3133	532
2	3133	584
2	3133	728
2	3133	988
2	3134	235
2	3134	261
2	3134	831
2	3137	194
2	3137	324
2	3137	848
2	3138	725
2	3139	372
2	3139	424
2	3139	806
2	3140	160
2	3140	276
2	3141	986
2	3142	301
2	3144	377
2	3144	649
2	3144	893
2	3145	16
2	3145	346
2	3146	233
2	3146	270
2	3148	395
2	3150	606
2	3151	441
2	3152	308
2	3154	331
2	3157	272
2	3157	740
2	3158	577
2	3159	152
2	3160	771
2	3162	412
2	3162	420
2	3162	488
2	3165	472
2	3165	633
2	3165	727
2	3166	20
2	3167	442
2	3168	209
2	3171	262
2	3172	537
2	3173	63
2	3173	183
2	3173	676
2	3173	689
2	3174	267
2	3174	432
2	3174	542
2	3175	110
2	3175	487
2	3175	637
2	3175	777
2	3176	360
2	3177	793
2	3178	31
2	3178	642
2	3178	733
2	3179	137
2	3179	952
2	3183	39
2	3183	310
2	3183	515
2	3186	611
2	3186	640
2	3187	898
2	3189	417
2	3189	634
2	3190	632
2	3191	313
2	3191	506
2	3191	735
2	3191	801
2	3192	12
2	3192	27
2	3192	546
2	3194	83
2	3194	252
2	3194	639
2	3195	96
2	3195	997
2	3196	691
2	3197	399
2	3198	280
2	3198	659
2	3200	411
2	3200	957
2	3201	340
2	3203	519
2	3203	796
2	3203	882
2	3204	303
2	3206	29
2	3206	517
2	3206	581
2	3206	625
2	3207	415
2	3207	856
2	3207	907
2	3208	980
2	3209	464
2	3209	701
2	3210	448
2	3210	953
2	3211	692
2	3211	843
2	3212	62
2	3216	622
2	3217	599
2	3218	874
2	3220	293
2	3220	382
2	3221	677
2	3222	226
2	3223	499
2	3223	716
2	3229	833
2	3230	540
2	3231	207
2	3231	567
2	3236	40
2	3237	49
2	3237	561
2	3237	720
2	3239	564
2	3239	846
2	3240	684
2	3242	159
2	3242	578
2	3244	102
2	3245	58
2	3246	306
2	3246	785
2	3250	753
2	3251	295
2	3251	304
2	3251	314
2	3252	752
2	3253	119
2	3254	954
2	3256	493
2	3256	881
2	3260	213
2	3261	367
2	3263	757
2	3264	1
2	3264	66
2	3265	94
2	3266	711
2	3268	202
2	3270	895
2	3273	285
2	3274	283
2	3274	337
2	3274	825
2	3275	92
2	3275	161
2	3276	754
2	3280	393
2	3280	575
2	3280	624
2	3280	915
2	3281	273
2	3281	480
2	3281	505
2	3282	749
2	3283	176
2	3284	527
2	3284	803
2	3285	345
2	3286	459
2	3286	672
2	3287	311
2	3287	353
2	3287	437
2	3288	410
2	3289	208
2	3290	455
2	3290	667
2	3291	126
2	3293	154
2	3293	228
2	3293	591
2	3294	543
2	3295	521
2	3296	13
2	3296	390
2	3298	309
2	3298	631
2	3300	76
2	3303	422
2	3303	859
2	3305	597
2	3305	773
2	3307	216
2	3308	973
2	3309	609
2	3310	209
2	3310	328
2	3310	369
2	3312	294
2	3312	570
2	3313	305
2	3314	82
2	3317	178
2	3317	272
2	3317	364
2	3317	408
2	3318	43
2	3318	95
2	3318	547
2	3320	485
2	3322	104
2	3322	128
2	3323	440
2	3323	528
2	3323	847
2	3323	937
2	3324	238
2	3324	795
2	3325	724
2	3333	146
2	3334	2
2	3334	379
2	3336	72
2	3336	204
2	3336	336
2	3337	467
2	3340	689
2	3340	845
2	3341	525
2	3341	1000
2	3343	629
2	3343	894
2	3345	827
2	3347	80
2	3347	400
2	3347	864
2	3349	541
2	3349	775
2	3349	832
2	3350	997
2	3355	164
2	3355	619
2	3355	878
2	3356	50
2	3357	811
2	3358	618
2	3359	325
2	3359	447
2	3361	475
2	3361	755
2	3362	870
2	3363	529
2	3363	771
2	3364	588
2	3365	184
2	3367	630
2	3367	938
2	3368	162
2	3368	767
2	3369	147
2	3371	124
2	3371	628
2	3372	30
2	3372	476
2	3373	579
2	3373	599
2	3375	421
2	3375	700
2	3376	165
2	3376	557
2	3379	511
2	3379	595
2	3381	5
2	3381	8
2	3382	551
2	3383	84
2	3383	571
2	3384	252
2	3385	503
2	3385	548
2	3386	236
2	3387	680
2	3391	193
2	3391	796
2	3392	315
2	3392	727
2	3393	263
2	3393	388
2	3395	372
2	3396	576
2	3396	787
2	3397	352
2	3397	536
2	3398	70
2	3401	415
2	3403	271
2	3403	831
2	3404	313
2	3405	55
2	3405	299
2	3406	57
2	3407	670
2	3408	87
2	3408	380
2	3408	399
2	3409	71
2	3409	90
2	3409	747
2	3412	9
2	3413	119
2	3413	258
2	3416	233
2	3417	439
2	3417	813
2	3418	742
2	3419	761
2	3420	904
2	3421	181
2	3421	666
2	3421	782
2	3422	15
2	3422	461
2	3422	890
2	3424	270
2	3425	179
2	3425	675
2	3426	609
2	3427	273
2	3427	291
2	3427	545
2	3428	654
2	3428	924
2	3429	106
2	3429	260
2	3429	373
2	3430	250
2	3430	955
2	3430	965
2	3431	23
2	3431	290
2	3433	387
2	3433	424
2	3433	983
2	3435	738
2	3436	781
2	3436	792
2	3437	459
2	3438	6
2	3438	235
2	3438	261
2	3439	26
2	3439	123
2	3439	307
2	3439	800
2	3441	100
2	3441	121
2	3442	730
2	3442	741
2	3443	429
2	3443	713
2	3444	483
2	3445	48
2	3446	663
2	3447	125
2	3448	909
2	3449	406
2	3451	455
2	3451	470
2	3451	584
2	3452	460
2	3455	185
2	3455	927
2	3457	454
2	3457	468
2	3457	507
2	3457	697
2	3457	724
2	3459	267
2	3459	929
2	3460	316
2	3460	896
2	3461	241
2	3461	593
2	3462	999
2	3463	820
2	3464	691
2	3466	24
2	3466	354
2	3467	590
2	3470	477
2	3470	716
2	3472	575
2	3473	145
2	3473	210
2	3474	371
2	3474	763
2	3475	449
2	3475	876
2	3476	246
2	3476	330
2	3476	721
2	3478	36
2	3478	398
2	3479	319
2	3480	99
2	3480	617
2	3481	215
2	3481	596
2	3481	736
2	3481	955
2	3482	54
2	3483	304
2	3484	546
2	3484	803
2	3485	141
2	3485	791
2	3486	191
2	3486	582
2	3488	496
2	3488	597
2	3489	417
2	3490	668
2	3491	978
2	3492	239
2	3492	785
2	3494	242
2	3494	683
2	3494	722
2	3495	627
2	3497	21
2	3497	472
2	3498	757
2	3499	860
2	3500	735
2	3502	662
2	3502	737
2	3502	837
2	3503	606
2	3504	120
2	3505	142
2	3505	699
2	3507	453
2	3507	969
2	3508	294
2	3509	93
2	3509	784
2	3510	177
2	3511	604
2	3511	942
2	3513	321
2	3513	815
2	3514	302
2	3514	532
2	3515	511
2	3516	285
2	3517	97
2	3518	541
2	3519	580
2	3520	58
2	3520	739
2	3521	456
2	3521	941
2	3522	111
2	3522	487
2	3522	811
2	3525	840
2	3526	466
2	3526	500
2	3526	839
2	3527	52
2	3530	710
2	3532	594
2	3533	905
2	3533	950
2	3534	616
2	3535	619
2	3535	720
2	3536	107
2	3537	501
2	3538	205
2	3539	237
2	3539	444
2	3539	823
2	3539	960
2	3540	76
2	3540	128
2	3541	696
2	3543	377
2	3543	558
2	3545	329
2	3546	850
2	3546	930
2	3547	286
2	3548	732
2	3549	213
2	3549	854
2	3550	325
2	3550	600
2	3551	157
2	3554	186
2	3554	346
2	3556	349
2	3556	581
2	3556	758
2	3558	280
2	3559	91
2	3561	333
2	3561	610
2	3562	694
2	3563	818
2	3563	869
2	3565	72
2	3565	169
2	3565	420
2	3567	573
2	3568	469
2	3570	451
2	3571	368
2	3571	602
2	3571	988
2	3572	583
2	3573	230
2	3573	607
2	3574	228
2	3577	67
2	3578	104
2	3578	211
2	3578	395
2	3580	229
2	3581	279
2	3581	893
2	3582	562
2	3583	529
2	3584	344
2	3584	399
2	3584	632
2	3585	88
2	3585	322
2	3585	701
2	3586	637
2	3586	748
2	3588	75
2	3588	305
2	3589	149
2	3589	227
2	3591	182
2	3592	32
2	3592	347
2	3593	135
2	3593	351
2	3593	608
2	3594	136
2	3595	51
2	3595	198
2	3595	457
2	3595	503
2	3595	745
2	3598	858
2	3600	303
2	3600	996
2	3601	345
2	3601	591
2	3601	958
2	3602	224
2	3603	328
2	3604	410
2	3604	418
2	3604	566
2	3605	103
2	3605	167
2	3605	400
2	3605	951
2	3606	64
2	3606	842
2	3606	981
2	3607	388
2	3607	550
2	3608	759
2	3610	216
2	3612	138
2	3612	512
2	3612	871
2	3613	527
2	3613	625
2	3614	419
2	3614	688
2	3615	520
2	3616	549
2	3618	506
2	3618	675
2	3621	99
2	3622	37
2	3622	241
2	3623	18
2	3623	452
2	3624	790
2	3625	685
2	3627	208
2	3627	475
2	3627	781
2	3628	255
2	3628	366
2	3628	463
2	3628	813
2	3629	397
2	3629	440
2	3629	804
2	3629	872
2	3630	193
2	3631	233
2	3631	776
2	3632	172
2	3632	309
2	3632	335
2	3632	746
2	3632	905
2	3635	576
2	3636	179
2	3638	431
2	3639	133
2	3640	152
2	3642	290
2	3642	752
2	3643	313
2	3643	516
2	3643	865
2	3644	545
2	3645	42
2	3645	633
2	3646	19
2	3646	563
2	3646	663
2	3648	93
2	3648	189
2	3648	858
2	3648	866
2	3649	536
2	3650	715
2	3652	462
2	3652	795
2	3652	809
2	3653	495
2	3654	661
2	3654	868
2	3655	297
2	3655	352
2	3655	623
2	3656	493
2	3656	839
2	3658	456
2	3659	150
2	3660	129
2	3660	331
2	3661	79
2	3663	548
2	3663	927
2	3663	934
2	3669	681
2	3672	537
2	3673	52
2	3673	171
2	3674	521
2	3674	863
2	3676	84
2	3676	407
2	3677	655
2	3678	239
2	3678	597
2	3679	65
2	3679	382
2	3682	277
2	3682	985
2	3683	222
2	3683	320
2	3684	24
2	3686	251
2	3686	551
2	3687	461
2	3691	638
2	3691	727
2	3692	492
2	3692	497
2	3692	558
2	3694	142
2	3694	261
2	3694	284
2	3694	401
2	3697	151
2	3697	699
2	3698	734
2	3699	110
2	3699	525
2	3699	668
2	3700	709
2	3700	947
2	3701	342
2	3701	485
2	3703	31
2	3704	73
2	3704	280
2	3705	631
2	3705	873
2	3708	153
2	3708	181
2	3709	39
2	3709	299
2	3709	653
2	3710	58
2	3710	159
2	3711	168
2	3711	498
2	3711	852
2	3712	184
2	3712	316
2	3715	87
2	3715	244
2	3715	359
2	3715	480
2	3716	185
2	3716	561
2	3716	768
2	3716	827
2	3716	948
2	3717	296
2	3717	811
2	3718	175
2	3720	154
2	3723	43
2	3724	819
2	3725	564
2	3726	15
2	3726	784
2	3726	908
2	3727	826
2	3728	357
2	3730	670
2	3731	754
2	3732	209
2	3733	232
2	3733	237
2	3734	213
2	3734	643
2	3740	482
2	3740	613
2	3741	146
2	3741	436
2	3743	411
2	3744	367
2	3744	488
2	3744	621
2	3745	559
2	3746	899
2	3748	191
2	3748	312
2	3748	364
2	3749	555
2	3749	717
2	3751	116
2	3751	471
2	3751	829
2	3752	97
2	3752	374
2	3752	447
2	3752	587
2	3752	745
2	3753	61
2	3756	851
2	3757	602
2	3758	30
2	3758	243
2	3759	489
2	3759	765
2	3760	27
2	3760	719
2	3761	6
2	3761	56
2	3762	160
2	3762	571
2	3763	115
2	3763	568
2	3764	847
2	3765	327
2	3765	592
2	3765	700
2	3765	922
2	3766	211
2	3766	611
2	3766	623
2	3767	763
2	3767	769
2	3768	408
2	3770	234
2	3770	686
2	3771	123
2	3771	236
2	3776	531
2	3778	574
2	3780	373
2	3781	604
2	3781	943
2	3782	576
2	3782	662
2	3782	989
2	3786	416
2	3787	247
2	3788	390
2	3789	131
2	3789	711
2	3790	647
2	3794	433
2	3796	659
2	3796	660
2	3796	757
2	3797	538
2	3797	544
2	3797	642
2	3797	794
2	3799	785
2	3799	798
2	3800	202
2	3800	406
2	3800	975
2	3802	121
2	3802	526
2	3803	361
2	3803	449
2	3805	335
2	3806	552
2	3806	593
2	3807	399
2	3808	264
2	3808	287
2	3808	467
2	3809	117
2	3809	362
2	3809	690
2	3810	182
2	3810	293
2	3810	426
2	3811	155
2	3811	393
2	3811	930
2	3812	522
2	3813	940
2	3814	203
2	3814	413
2	3815	354
2	3815	638
2	3816	671
2	3817	421
2	3819	103
2	3819	468
2	3819	472
2	3820	314
2	3820	475
2	3820	767
2	3821	20
2	3821	218
2	3821	651
2	3822	210
2	3822	582
2	3822	982
2	3823	74
2	3823	430
2	3823	771
2	3824	224
2	3824	457
2	3824	905
2	3825	118
2	3825	239
2	3826	167
2	3826	584
2	3826	724
2	3828	173
2	3828	834
2	3829	113
2	3829	256
2	3829	826
2	3831	896
2	3832	346
2	3832	519
2	3833	81
2	3833	370
2	3833	607
2	3833	931
2	3834	147
2	3834	427
2	3835	9
2	3835	164
2	3837	323
2	3837	344
2	3838	252
2	3838	375
2	3838	612
2	3838	657
2	3838	881
2	3838	934
2	3840	804
2	3840	964
2	3841	898
2	3842	545
2	3842	624
2	3842	727
2	3846	681
2	3846	836
2	3848	143
2	3848	386
2	3848	462
2	3850	45
2	3850	120
2	3850	372
2	3852	201
2	3852	633
2	3853	410
2	3853	967
2	3854	845
2	3856	380
2	3857	617
2	3858	11
2	3858	672
2	3859	157
2	3859	840
2	3860	606
2	3861	198
2	3861	869
2	3862	148
2	3862	407
2	3862	590
2	3864	288
2	3864	530
2	3864	693
2	3865	668
2	3866	627
2	3868	63
2	3868	269
2	3869	766
2	3870	246
2	3871	583
2	3871	735
2	3871	753
2	3872	4
2	3872	231
2	3873	124
2	3873	205
2	3874	22
2	3875	451
2	3875	534
2	3875	998
2	3876	253
2	3876	788
2	3878	263
2	3878	450
2	3878	588
2	3879	55
2	3879	290
2	3879	303
2	3880	257
2	3880	679
2	3880	825
2	3881	456
2	3881	498
2	3881	532
2	3881	750
2	3882	254
2	3883	495
2	3884	448
2	3885	845
2	3885	860
2	3886	130
2	3886	227
2	3886	563
2	3887	352
2	3887	527
2	3887	756
2	3887	984
2	3888	599
2	3888	653
2	3888	778
2	3888	906
2	3888	935
2	3889	618
2	3890	621
2	3891	7
2	3893	460
2	3893	650
2	3895	528
2	3896	52
2	3897	108
2	3897	661
2	3897	667
2	3898	640
2	3900	625
2	3901	34
2	3901	141
2	3902	6
2	3902	248
2	3902	533
2	3903	132
2	3903	691
2	3903	742
2	3904	150
2	3906	938
2	3907	499
2	3908	197
2	3908	850
2	3909	95
2	3913	358
2	3913	697
2	3915	12
2	3916	72
2	3918	394
2	3919	749
2	3921	454
2	3921	689
2	3921	903
2	3922	943
2	3922	954
2	3923	400
2	3923	483
2	3923	754
2	3923	970
2	3925	560
2	3926	555
2	3927	99
2	3928	614
2	3931	163
2	3933	53
2	3933	304
2	3935	402
2	3937	265
2	3938	322
2	3938	585
2	3939	341
2	3939	413
2	3939	415
2	3940	431
2	3940	702
2	3942	275
2	3942	298
2	3942	801
2	3943	434
2	3944	573
2	3944	587
2	3945	76
2	3945	455
2	3947	453
2	3947	559
2	3947	852
2	3947	919
2	3948	274
2	3949	175
2	3949	935
2	3950	374
2	3950	791
2	3951	686
2	3952	426
2	3952	609
2	3954	445
2	3956	849
2	3957	395
2	3957	677
2	3957	687
2	3957	741
2	3957	752
2	3958	70
2	3958	302
2	3958	831
2	3961	474
2	3961	643
2	3962	300
2	3962	301
2	3962	564
2	3962	616
2	3963	169
2	3963	295
2	3964	670
2	3964	871
2	3965	623
2	3966	90
2	3966	381
2	3967	514
2	3967	698
2	3968	968
2	3969	794
2	3969	848
2	3971	65
2	3972	192
2	3972	738
2	3972	908
2	3973	46
2	3974	50
2	3974	185
2	3974	701
2	3976	979
2	3977	233
2	3978	503
2	3979	156
2	3980	68
2	3980	111
2	3980	412
2	3981	748
2	3982	334
2	3982	487
2	3985	166
2	3986	417
2	3987	223
2	3987	241
2	3987	320
2	3988	42
2	3989	482
2	3990	158
2	3990	217
2	3992	819
2	3993	376
2	3993	688
2	3994	255
2	3995	299
2	3995	927
2	3998	309
2	3998	332
2	3998	544
2	3998	596
2	4001	77
2	4002	963
2	4004	33
2	4005	125
2	4006	549
2	4007	269
2	4008	389
2	4008	934
2	4010	89
2	4010	876
2	4012	160
2	4013	671
2	4014	736
2	4016	473
2	4016	520
2	4017	178
2	4017	770
2	4018	184
2	4018	678
2	4020	803
2	4021	214
2	4021	266
2	4021	673
2	4022	225
2	4022	227
2	4024	39
2	4024	106
2	4026	268
2	4027	168
2	4027	675
2	4027	723
2	4028	133
2	4028	435
2	4029	330
2	4030	607
2	4031	734
2	4031	782
2	4031	785
2	4031	789
2	4032	745
2	4033	387
2	4033	535
2	4034	71
2	4035	270
2	4037	16
2	4037	840
2	4038	521
2	4038	872
2	4039	238
2	4039	554
2	4040	317
2	4040	440
2	4041	252
2	4041	280
2	4041	690
2	4044	815
2	4046	55
2	4046	411
2	4046	683
2	4046	709
2	4047	345
2	4047	790
2	4048	121
2	4048	224
2	4048	271
2	4048	601
2	4048	832
2	4049	959
2	4051	590
2	4051	746
2	4051	800
2	4052	28
2	4054	245
2	4054	348
2	4055	459
2	4055	880
2	4056	154
2	4056	740
2	4057	19
2	4059	592
2	4060	60
2	4060	329
2	4061	31
2	4061	443
2	4063	179
2	4066	87
2	4067	287
2	4067	507
2	4068	666
2	4069	139
2	4069	405
2	4069	617
2	4069	650
2	4073	439
2	4074	534
2	4075	625
2	4077	323
2	4077	433
2	4077	796
2	4078	163
2	4079	328
2	4079	582
2	4080	655
2	4082	221
2	4082	633
2	4083	594
2	4084	57
2	4084	608
2	4085	639
2	4085	657
2	4086	729
2	4087	506
2	4087	719
2	4088	186
2	4089	429
2	4089	505
2	4089	543
2	4090	1
2	4092	312
2	4093	422
2	4093	479
2	4093	636
2	4094	935
2	4095	759
2	4096	798
2	4097	96
2	4097	313
2	4099	727
2	4100	814
2	4101	258
2	4106	194
2	4106	300
2	4107	463
2	4108	346
2	4110	539
2	4110	584
2	4111	988
2	4112	240
2	4112	794
2	4112	822
2	4115	546
2	4118	713
2	4119	10
2	4120	253
2	4121	152
2	4121	192
2	4121	201
2	4122	150
2	4125	210
2	4125	277
2	4125	477
2	4126	327
2	4127	845
2	4128	273
2	4128	847
2	4131	444
2	4134	123
2	4134	259
2	4134	369
2	4134	672
2	4136	393
2	4137	823
2	4140	160
2	4140	499
2	4141	181
2	4142	354
2	4142	428
2	4143	445
2	4143	774
2	4144	414
2	4144	619
2	4146	603
2	4147	251
2	4147	496
2	4148	454
2	4148	685
2	4149	638
2	4149	749
2	4150	95
2	4150	739
2	4152	325
2	4152	469
2	4152	901
2	4153	509
2	4153	899
2	4153	992
2	4154	315
2	4154	334
2	4154	522
2	4155	103
2	4155	550
2	4156	610
2	4157	41
2	4157	98
2	4158	297
2	4159	623
2	4159	952
2	4160	495
2	4160	673
2	4160	791
2	4161	699
2	4163	82
2	4163	542
2	4164	86
2	4164	143
2	4165	56
2	4165	394
2	4165	626
2	4165	744
2	4166	597
2	4167	141
2	4167	215
2	4167	421
2	4169	801
2	4170	53
2	4170	128
2	4170	190
2	4170	200
2	4171	974
2	4173	70
2	4173	881
2	4174	351
2	4174	450
2	4175	153
2	4175	291
2	4175	389
2	4176	127
2	4176	235
2	4176	288
2	4176	440
2	4176	874
2	4178	572
2	4178	800
2	4178	910
2	4179	138
2	4179	222
2	4179	336
2	4179	340
2	4180	249
2	4181	763
2	4182	221
2	4183	338
2	4183	631
2	4183	777
2	4183	955
2	4184	339
2	4184	977
2	4186	660
2	4187	471
2	4189	390
2	4190	611
2	4190	653
2	4191	224
2	4192	165
2	4192	460
2	4192	803
2	4192	857
2	4193	67
2	4193	272
2	4195	227
2	4195	362
2	4195	788
2	4196	3
2	4196	289
2	4197	254
2	4199	458
2	4199	516
2	4199	898
2	4200	317
2	4201	842
2	4202	851
2	4203	426
2	4203	472
2	4204	208
2	4204	335
2	4204	481
2	4204	933
2	4205	84
2	4205	494
2	4205	553
2	4205	757
2	4206	80
2	4206	513
2	4206	532
2	4207	524
2	4208	223
2	4208	268
2	4208	407
2	4208	670
2	4210	604
2	4210	778
2	4210	916
2	4211	545
2	4213	124
2	4213	232
2	4213	261
2	4214	876
2	4215	195
2	4217	68
2	4217	745
2	4218	118
2	4218	337
2	4218	417
2	4219	52
2	4220	304
2	4220	324
2	4221	640
2	4221	711
2	4223	299
2	4225	490
2	4225	493
2	4225	864
2	4226	914
2	4227	159
2	4228	366
2	4228	480
2	4228	656
2	4229	693
2	4230	718
2	4232	169
2	4233	210
2	4233	241
2	4233	330
2	4233	558
2	4233	617
2	4234	376
2	4234	879
2	4234	971
2	4235	258
2	4235	318
2	4235	381
2	4235	841
2	4236	44
2	4237	209
2	4237	238
2	4238	43
2	4238	303
2	4238	323
2	4239	193
2	4240	446
2	4242	46
2	4242	104
2	4242	142
2	4245	126
2	4247	468
2	4247	684
2	4249	164
2	4249	831
2	4250	576
2	4251	896
2	4253	39
2	4253	724
2	4254	540
2	4254	552
2	4254	954
2	4256	2
2	4256	25
2	4256	87
2	4256	186
2	4256	300
2	4257	922
2	4258	305
2	4258	624
2	4258	710
2	4258	949
2	4259	36
2	4261	596
2	4263	265
2	4263	790
2	4265	578
2	4265	902
2	4266	207
2	4267	129
2	4268	188
2	4268	706
2	4269	163
2	4270	282
2	4271	535
2	4271	773
2	4272	375
2	4273	688
2	4274	144
2	4276	109
2	4276	743
2	4278	15
2	4279	332
2	4279	358
2	4282	753
2	4283	353
2	4283	562
2	4284	573
2	4284	774
2	4285	60
2	4285	972
2	4286	878
2	4287	81
2	4287	133
2	4287	237
2	4287	262
2	4289	286
2	4289	569
2	4291	247
2	4291	386
2	4292	499
2	4292	702
2	4293	211
2	4293	700
2	4294	377
2	4294	441
2	4295	88
2	4295	632
2	4295	950
2	4296	345
2	4296	367
2	4296	756
2	4298	455
2	4299	185
2	4299	354
2	4299	792
2	4300	850
2	4300	967
2	4301	76
2	4301	172
2	4301	994
2	4303	678
2	4305	130
2	4305	308
2	4305	461
2	4306	419
2	4306	447
2	4307	134
2	4308	281
2	4309	120
2	4309	225
2	4309	707
2	4309	938
2	4309	958
2	4310	285
2	4310	378
2	4313	42
2	4313	592
2	4314	583
2	4314	888
2	4315	424
2	4315	902
2	4316	394
2	4316	590
2	4317	206
2	4317	252
2	4317	369
2	4317	806
2	4318	218
2	4318	547
2	4319	612
2	4319	923
2	4320	503
2	4321	508
2	4321	687
2	4322	716
2	4325	75
2	4325	80
2	4325	196
2	4325	736
2	4326	956
2	4328	198
2	4329	40
2	4329	122
2	4329	760
2	4329	832
2	4332	148
2	4332	156
2	4332	704
2	4332	751
2	4333	392
2	4334	173
2	4335	642
2	4335	758
2	4336	220
2	4336	415
2	4336	561
2	4337	176
2	4337	620
2	4337	726
2	4340	382
2	4341	482
2	4341	572
2	4342	119
2	4342	412
2	4343	38
2	4343	203
2	4343	942
2	4344	45
2	4344	908
2	4344	917
2	4344	971
2	4345	343
2	4345	476
2	4345	645
2	4345	653
2	4348	312
2	4350	984
2	4351	585
2	4354	458
2	4355	157
2	4356	781
2	4359	893
2	4360	448
2	4361	318
2	4362	988
2	4363	257
2	4363	496
2	4365	920
2	4367	136
2	4367	215
2	4367	403
2	4368	124
2	4368	189
2	4368	190
2	4369	668
2	4371	380
2	4371	676
2	4371	801
2	4372	723
2	4372	802
2	4373	607
2	4374	248
2	4374	529
2	4374	567
2	4374	666
2	4376	936
2	4377	433
2	4378	253
2	4379	798
2	4380	187
2	4381	510
2	4382	103
2	4382	256
2	4383	483
2	4386	30
2	4386	450
2	4386	548
2	4386	705
2	4386	742
2	4387	69
2	4387	347
2	4387	446
2	4387	550
2	4387	795
2	4388	223
2	4388	254
2	4388	992
2	4390	420
2	4390	637
2	4392	191
2	4392	293
2	4392	449
2	4392	906
2	4393	319
2	4393	519
2	4395	11
2	4395	13
2	4395	625
2	4396	850
2	4397	128
2	4397	858
2	4398	273
2	4399	487
2	4400	404
2	4401	389
2	4402	267
2	4402	641
2	4402	711
2	4402	783
2	4404	727
2	4404	886
2	4405	299
2	4405	903
2	4406	167
2	4406	305
2	4406	558
2	4407	556
2	4407	662
2	4410	517
2	4410	555
2	4410	568
2	4410	832
2	4411	74
2	4412	205
2	4412	543
2	4412	799
2	4412	921
2	4413	649
2	4414	385
2	4414	775
2	4415	34
2	4416	387
2	4417	340
2	4417	748
2	4417	756
2	4418	874
2	4419	464
2	4422	179
2	4422	444
2	4422	899
2	4423	351
2	4424	397
2	4424	655
2	4424	767
2	4424	769
2	4426	778
2	4426	972
2	4427	115
2	4427	288
2	4428	861
2	4430	839
2	4431	333
2	4431	605
2	4431	701
2	4432	787
2	4433	691
2	4434	626
2	4435	621
2	4437	17
2	4437	880
2	4438	67
2	4438	144
2	4438	535
2	4438	940
2	4439	132
2	4439	857
2	4440	104
2	4441	323
2	4441	409
2	4442	20
2	4442	113
2	4442	142
2	4443	790
2	4444	416
2	4445	116
2	4445	352
2	4445	435
2	4446	885
2	4447	747
2	4448	270
2	4448	326
2	4449	969
2	4451	109
2	4451	454
2	4451	490
2	4451	808
2	4451	834
2	4451	990
2	4452	377
2	4453	390
2	4453	996
2	4456	245
2	4458	355
2	4458	427
2	4459	439
2	4459	920
2	4460	833
2	4461	531
2	4462	674
2	4463	393
2	4463	508
2	4464	499
2	4464	745
2	4466	419
2	4467	544
2	4467	599
2	4469	29
2	4470	560
2	4471	807
2	4472	425
2	4474	145
2	4475	65
2	4476	754
2	4477	243
2	4478	233
2	4480	395
2	4481	213
2	4481	566
2	4481	574
2	4482	670
2	4482	803
2	4483	965
2	4484	669
2	4486	426
2	4487	438
2	4488	345
2	4492	945
2	4496	334
2	4497	629
2	4498	386
2	4499	894
2	4500	522
2	4500	882
2	4501	211
2	4501	289
2	4503	81
2	4503	177
2	4504	15
2	4504	549
2	4504	738
2	4504	958
2	4505	164
2	4506	4
2	4506	154
2	4509	640
2	4509	897
2	4510	198
2	4510	210
2	4510	339
2	4510	653
2	4510	875
2	4511	32
2	4511	680
2	4511	762
2	4511	779
2	4512	331
2	4512	707
2	4514	64
2	4516	137
2	4516	512
2	4516	633
2	4518	362
2	4518	374
2	4518	534
2	4518	608
2	4520	900
2	4522	942
2	4523	573
2	4523	729
2	4523	838
2	4525	148
2	4525	770
2	4525	781
2	4525	872
2	4528	172
2	4528	324
2	4528	725
2	4530	685
2	4532	743
2	4534	498
2	4535	229
2	4535	948
2	4537	149
2	4537	283
2	4540	196
2	4540	209
2	4540	349
2	4540	596
2	4542	261
2	4542	402
2	4545	42
2	4545	135
2	4545	562
2	4547	766
2	4549	107
2	4550	128
2	4550	242
2	4550	734
2	4551	133
2	4551	532
2	4551	686
2	4551	952
2	4554	375
2	4554	462
2	4555	368
2	4555	369
2	4556	162
2	4556	188
2	4556	784
2	4557	194
2	4560	282
2	4562	88
2	4562	418
2	4563	436
2	4563	614
2	4563	619
2	4564	225
2	4565	477
2	4565	559
2	4566	736
2	4567	898
2	4568	951
2	4568	969
2	4569	467
2	4569	917
2	4571	138
2	4571	220
2	4571	942
2	4572	457
2	4572	746
2	4572	893
2	4573	38
2	4575	860
2	4576	487
2	4576	793
2	4577	373
2	4580	434
2	4581	40
2	4581	90
2	4581	170
2	4581	187
2	4581	569
2	4582	366
2	4582	954
2	4583	31
2	4583	114
2	4584	396
2	4584	911
2	4584	930
2	4585	488
2	4586	343
2	4586	982
2	4587	108
2	4587	722
2	4588	231
2	4589	205
2	4589	403
2	4589	664
2	4592	381
2	4592	563
2	4596	716
2	4597	677
2	4598	58
2	4598	791
2	4599	97
2	4601	360
2	4602	554
2	4603	341
2	4603	615
2	4604	75
2	4604	474
2	4604	752
2	4605	206
2	4606	607
2	4607	940
2	4608	996
2	4609	682
2	4609	714
2	4610	169
2	4611	688
2	4612	22
2	4612	525
2	4614	774
2	4615	332
2	4615	718
2	4616	582
2	4618	345
2	4622	787
2	4623	20
2	4624	302
2	4624	703
2	4625	184
2	4625	997
2	4626	16
2	4629	441
2	4629	712
2	4630	29
2	4630	37
2	4631	927
2	4632	98
2	4632	481
2	4634	589
2	4636	61
2	4637	702
2	4637	925
2	4638	243
2	4638	344
2	4639	411
2	4639	680
2	4640	367
2	4640	954
2	4641	330
2	4642	1
2	4642	461
2	4642	802
2	4643	235
2	4644	298
2	4644	304
2	4644	339
2	4644	602
2	4645	370
2	4645	622
2	4645	747
2	4646	416
2	4646	517
2	4647	150
2	4647	305
2	4647	497
2	4647	591
2	4648	613
2	4649	547
2	4649	697
2	4650	646
2	4650	727
2	4650	919
2	4654	95
2	4654	649
2	4654	903
2	4655	598
2	4656	581
2	4656	693
2	4657	21
2	4658	48
2	4659	222
2	4659	432
2	4659	757
2	4661	144
2	4662	247
2	4662	293
2	4664	122
2	4664	358
2	4666	509
2	4666	587
2	4666	652
2	4666	669
2	4666	820
2	4667	271
2	4667	603
2	4667	884
2	4668	612
2	4669	778
2	4670	376
2	4670	641
2	4672	301
2	4672	759
2	4673	448
2	4673	798
2	4674	410
2	4674	856
2	4676	290
2	4679	348
2	4681	433
2	4681	775
2	4682	297
2	4682	530
2	4685	45
2	4686	296
2	4686	767
2	4687	741
2	4688	383
2	4688	842
2	4689	473
2	4689	719
2	4690	742
2	4692	207
2	4692	557
2	4692	643
2	4693	78
2	4694	711
2	4695	658
2	4696	466
2	4697	876
2	4699	438
2	4702	75
2	4702	536
2	4703	726
2	4704	119
2	4704	644
2	4705	789
2	4706	116
2	4706	342
2	4708	43
2	4708	636
2	4709	197
2	4709	255
2	4709	750
2	4711	936
2	4712	400
2	4713	54
2	4714	306
2	4714	715
2	4715	993
2	4717	943
2	4718	325
2	4718	855
2	4720	860
2	4721	30
2	4722	253
2	4723	350
2	4724	331
2	4725	281
2	4725	776
2	4725	903
2	4726	482
2	4726	490
2	4729	365
2	4729	988
2	4731	274
2	4738	249
2	4739	44
2	4740	24
2	4741	515
2	4741	784
2	4742	230
2	4743	31
2	4743	266
2	4744	336
2	4745	425
2	4746	412
2	4746	991
2	4747	418
2	4747	632
2	4749	878
2	4750	117
2	4750	260
2	4751	640
2	4752	629
2	4753	58
2	4754	382
2	4756	517
2	4756	720
2	4758	313
2	4758	333
2	4758	460
2	4758	526
2	4758	656
2	4758	675
2	4758	792
2	4759	978
2	4761	463
2	4761	661
2	4763	89
2	4763	288
2	4763	681
2	4764	572
2	4765	589
2	4766	114
2	4766	154
2	4767	23
2	4767	361
2	4768	867
2	4769	53
2	4769	566
2	4769	672
2	4770	521
2	4772	67
2	4772	812
2	4773	794
2	4774	923
2	4775	485
2	4775	617
2	4776	77
2	4776	444
2	4776	997
2	4777	186
2	4777	386
2	4777	404
2	4777	898
2	4780	362
2	4781	696
2	4782	891
2	4784	381
2	4786	637
2	4787	190
2	4787	476
2	4788	107
2	4790	137
2	4790	743
2	4791	229
2	4791	275
2	4792	52
2	4792	124
2	4792	511
2	4794	125
2	4794	475
2	4795	469
2	4796	797
2	4797	455
2	4798	685
2	4799	343
2	4800	483
2	4800	745
2	4800	962
2	4801	66
2	4803	935
2	4804	450
2	4804	489
2	4804	947
2	4805	763
2	4805	849
2	4805	896
2	4806	456
2	4807	496
2	4807	577
2	4808	701
2	4809	328
2	4810	862
2	4811	93
2	4812	501
2	4814	65
2	4814	648
2	4815	9
2	4815	16
2	4817	213
2	4819	428
2	4820	639
2	4821	592
2	4822	143
2	4822	687
2	4822	941
2	4823	647
2	4824	10
2	4824	673
2	4824	904
2	4826	261
2	4826	263
2	4826	406
2	4827	574
2	4830	325
2	4830	829
2	4831	679
2	4832	219
2	4832	621
2	4833	913
2	4835	666
2	4836	622
2	4836	691
2	4836	838
2	4837	32
2	4837	223
2	4837	417
2	4838	64
2	4838	348
2	4839	359
2	4839	768
2	4840	176
2	4840	273
2	4842	159
2	4843	79
2	4843	453
2	4843	593
2	4844	254
2	4844	372
2	4844	378
2	4844	815
2	4844	926
2	4845	171
2	4848	437
2	4848	447
2	4848	454
2	4849	11
2	4850	29
2	4850	385
2	4851	693
2	4852	167
2	4853	15
2	4853	248
2	4853	287
2	4854	321
2	4854	912
2	4855	676
2	4857	74
2	4857	754
2	4858	393
2	4860	731
2	4861	155
2	4862	587
2	4862	866
2	4863	537
2	4863	718
2	4866	493
2	4866	995
2	4868	571
2	4869	844
2	4871	279
2	4871	500
2	4872	643
2	4875	22
2	4875	227
2	4875	524
2	4881	662
2	4881	869
2	4882	232
2	4882	414
2	4882	986
2	4883	243
2	4883	512
2	4883	520
2	4884	395
2	4885	354
2	4886	916
2	4888	112
2	4889	555
2	4890	301
2	4890	340
2	4890	886
2	4893	45
2	4893	463
2	4895	556
2	4895	824
2	4896	292
2	4896	431
2	4898	113
2	4898	735
2	4898	829
2	4898	834
2	4899	266
2	4899	331
2	4901	60
2	4901	962
2	4901	984
2	4902	54
2	4902	845
2	4903	402
2	4903	723
2	4904	401
2	4905	375
2	4905	384
2	4905	709
2	4906	98
2	4906	106
2	4906	183
2	4907	591
2	4909	569
2	4910	195
2	4912	706
2	4915	724
2	4917	975
2	4918	118
2	4920	618
2	4920	998
2	4921	114
2	4921	515
2	4923	59
2	4923	278
2	4924	383
2	4925	72
2	4925	296
2	4925	559
2	4925	769
2	4926	181
2	4929	264
2	4930	993
2	4931	242
2	4931	538
2	4931	745
2	4932	224
2	4932	428
2	4932	443
2	4932	594
2	4932	937
2	4932	999
2	4934	664
2	4934	828
2	4935	971
2	4936	19
2	4938	379
2	4938	847
2	4939	146
2	4939	342
2	4940	685
2	4941	275
2	4942	412
2	4942	719
2	4943	14
2	4943	115
2	4944	241
2	4944	343
2	4944	596
2	4945	152
2	4945	202
2	4946	326
2	4946	792
2	4947	773
2	4948	355
2	4948	781
2	4948	849
2	4949	297
2	4949	995
2	4950	107
2	4950	147
2	4950	337
2	4950	658
2	4951	471
2	4951	713
2	4952	406
2	4953	494
2	4953	734
2	4953	746
2	4953	854
2	4953	899
2	4954	88
2	4954	156
2	4954	403
2	4955	9
2	4955	188
2	4955	811
2	4956	469
2	4957	351
2	4958	928
2	4959	41
2	4959	457
2	4960	29
2	4960	305
2	4960	607
2	4960	649
2	4961	150
2	4961	228
2	4961	263
2	4961	891
2	4962	286
2	4962	990
2	4965	390
2	4965	808
2	4966	725
2	4967	833
2	4968	550
2	4968	771
2	4969	562
2	4970	284
2	4970	908
2	4971	262
2	4972	459
2	4972	799
2	4972	968
2	4973	111
2	4973	168
2	4973	701
2	4974	319
2	4979	77
2	4979	92
2	4979	472
2	4980	489
2	4981	239
2	4981	661
2	4981	986
2	4982	189
2	4983	36
2	4983	95
2	4983	161
2	4983	435
2	4984	49
2	4986	636
2	4987	97
2	4988	738
2	4989	100
2	4989	312
2	4989	748
2	4989	786
2	4990	689
2	4991	387
2	4993	294
2	4993	339
2	4993	378
2	4994	213
2	4994	349
2	4994	488
2	4995	55
2	4996	830
2	4998	295
2	4999	572
2	4999	850
2	5000	279
2	5000	978
