2	-1	0
2	1	591
2	2	521
2	5	293
2	7	787
2	11	291
2	12	49
2	12	711
2	13	646
2	15	426
2	16	957
2	17	215
2	19	414
2	20	177
2	21	248
2	22	603
2	22	652
2	23	514
2	24	811
2	25	920
2	26	42
2	26	132
2	26	164
2	26	375
2	26	750
2	27	265
2	28	26
2	28	266
2	29	599
2	29	667
2	29	808
2	30	512
2	30	751
2	32	102
2	33	84
2	33	511
2	34	369
2	34	420
2	34	573
2	37	282
2	37	666
2	38	54
2	38	145
2	39	112
2	39	732
2	39	813
2	39	922
2	40	771
2	41	285
2	42	245
2	42	297
2	42	480
2	42	647
2	42	730
2	43	547
2	44	150
2	44	516
2	45	526
2	46	447
2	47	303
2	47	450
2	47	534
2	47	689
2	47	708
2	48	978
2	50	119
2	50	455
2	50	728
2	50	795
2	51	206
2	51	773
2	52	38
2	53	288
2	54	381
2	55	63
2	55	810
2	56	474
2	56	919
2	57	654
2	58	562
2	59	865
2	60	503
2	62	440
2	62	505
2	63	110
2	64	227
2	65	125
2	65	443
2	66	46
2	66	330
2	66	361
2	67	89
2	67	163
2	67	761
2	70	2
2	70	188
2	70	209
2	70	620
2	70	966
2	71	67
2	71	618
2	72	199
2	72	367
2	72	507
2	73	126
2	73	250
2	73	317
2	74	92
2	75	314
2	75	635
2	76	97
2	76	152
2	76	217
2	77	530
2	78	103
2	78	133
2	79	533
2	81	37
2	81	57
2	82	128
2	83	16
2	83	959
2	84	856
2	86	545
2	86	791
2	87	313
2	88	256
2	89	539
2	90	525
2	91	98
2	92	214
2	92	870
2	93	755
2	93	939
2	96	434
2	96	459
2	97	121
2	97	767
2	98	15
2	98	769
2	98	950
2	99	595
2	100	460
2	100	502
2	100	536
2	100	559
2	100	564
2	101	158
2	101	366
2	101	972
2	102	529
2	104	395
2	104	639
2	105	165
2	105	271
2	105	788
2	106	61
2	107	343
2	107	392
2	108	362
2	109	659
2	110	100
2	110	334
2	112	87
2	112	116
2	113	491
2	114	5
2	114	575
2	115	486
2	118	210
2	120	339
2	120	745
2	121	174
2	121	417
2	122	148
2	122	242
2	123	324
2	123	327
2	123	413
2	124	775
2	125	991
2	127	348
2	127	655
2	128	719
2	129	40
2	129	419
2	130	243
2	130	342
2	130	508
2	130	710
2	130	774
2	131	147
2	132	441
2	133	454
2	133	827
2	134	255
2	134	760
2	135	58
2	135	629
2	136	593
2	137	118
2	137	691
2	137	799
2	138	65
2	138	382
2	138	768
2	139	371
2	139	726
2	140	182
2	141	542
2	142	735
2	143	455
2	144	171
2	145	11
2	145	645
2	146	619
2	148	847
2	151	469
2	151	701
2	152	316
2	153	80
2	153	452
2	154	943
2	155	60
2	155	264
2	156	95
2	158	741
2	159	370
2	163	136
2	164	333
2	166	795
2	166	950
2	167	855
2	167	904
2	168	274
2	170	858
2	172	737
2	173	436
2	173	481
2	175	978
2	176	809
2	178	821
2	179	123
2	179	357
2	179	875
2	180	430
2	184	12
2	185	78
2	185	401
2	185	662
2	186	50
2	187	444
2	187	739
2	189	137
2	189	608
2	191	85
2	192	230
2	193	785
2	195	389
2	196	30
2	197	91
2	197	466
2	199	52
2	199	445
2	200	595
2	201	531
2	201	828
2	202	414
2	202	485
2	202	553
2	203	431
2	204	119
2	204	484
2	205	2
2	205	7
2	205	198
2	206	101
2	206	463
2	207	56
2	207	408
2	208	184
2	209	141
2	210	201
2	210	891
2	211	51
2	211	516
2	212	686
2	213	981
2	214	687
2	215	437
2	216	213
2	216	269
2	217	541
2	219	867
2	221	536
2	221	860
2	223	262
2	225	427
2	225	824
2	225	849
2	227	733
2	228	713
2	229	115
2	230	714
2	233	660
2	237	350
2	239	956
2	239	960
2	240	498
2	242	992
2	243	206
2	243	329
2	244	856
2	245	19
2	245	249
2	246	14
2	246	208
2	246	688
2	246	804
2	249	607
2	251	42
2	251	254
2	251	598
2	252	565
2	252	955
2	253	162
2	253	421
2	254	29
2	254	405
2	255	267
2	256	419
2	257	171
2	257	372
2	257	468
2	257	731
2	258	146
2	258	504
2	258	545
2	259	572
2	260	755
2	261	212
2	261	616
2	262	561
2	262	612
2	262	777
2	263	149
2	263	907
2	264	134
2	265	23
2	266	724
2	267	1
2	268	398
2	268	691
2	269	75
2	269	611
2	270	363
2	270	786
2	271	81
2	272	117
2	272	628
2	274	315
2	274	326
2	274	709
2	275	124
2	275	783
2	277	479
2	278	346
2	278	752
2	279	891
2	280	728
2	283	556
2	284	34
2	284	554
2	284	828
2	285	36
2	285	749
2	286	207
2	286	457
2	287	145
2	288	77
2	288	547
2	289	338
2	289	740
2	290	336
2	290	763
2	290	857
2	291	283
2	292	924
2	293	627
2	293	955
2	294	265
2	294	281
2	294	313
2	294	802
2	295	992
2	296	609
2	297	788
2	297	854
2	298	361
2	298	644
2	299	702
2	299	848
2	300	860
2	300	888
2	300	964
2	301	302
2	301	719
2	303	473
2	303	555
2	303	653
2	304	243
2	304	920
2	304	970
2	305	167
2	306	434
2	306	462
2	307	782
2	308	296
2	308	967
2	309	53
2	309	289
2	309	770
2	310	279
2	310	470
2	310	474
2	310	708
2	310	796
2	311	317
2	311	712
2	313	190
2	313	191
2	313	764
2	314	221
2	315	66
2	316	274
2	316	606
2	317	562
2	318	912
2	319	15
2	319	226
2	319	482
2	319	747
2	320	197
2	320	248
2	321	579
2	321	663
2	321	750
2	322	371
2	322	500
2	322	583
2	323	287
2	323	362
2	323	508
2	323	682
2	324	599
2	325	639
2	326	647
2	326	904
2	327	220
2	327	512
2	327	701
2	328	271
2	329	467
2	329	559
2	330	258
2	330	411
2	330	640
2	331	588
2	332	657
2	334	84
2	334	116
2	334	433
2	334	953
2	336	180
2	336	617
2	337	106
2	338	129
2	338	183
2	338	489
2	339	751
2	341	209
2	341	693
2	342	186
2	342	340
2	343	970
2	344	236
2	344	266
2	344	502
2	345	948
2	347	4
2	349	94
2	349	870
2	350	417
2	351	275
2	353	184
2	353	595
2	354	402
2	354	577
2	354	723
2	355	55
2	357	192
2	357	368
2	357	650
2	357	829
2	358	100
2	358	670
2	359	980
2	361	114
2	361	578
2	362	374
2	362	397
2	362	481
2	363	762
2	364	916
2	366	626
2	367	246
2	367	509
2	367	667
2	369	733
2	371	913
2	372	69
2	372	107
2	376	444
2	377	393
2	378	610
2	379	713
2	380	506
2	382	280
2	383	185
2	383	697
2	385	127
2	387	233
2	389	375
2	390	240
2	391	96
2	391	464
2	391	858
2	392	426
2	393	31
2	393	706
2	394	352
2	395	791
2	396	173
2	396	521
2	396	533
2	398	886
2	399	585
2	399	673
2	400	153
2	400	342
2	401	517
2	402	319
2	402	355
2	402	519
2	402	629
2	403	553
2	403	741
2	403	798
2	404	363
2	404	659
2	404	895
2	405	176
2	405	384
2	406	364
2	406	824
2	407	163
2	407	241
2	407	969
2	408	227
2	408	439
2	409	170
2	410	688
2	411	901
2	412	43
2	412	679
2	413	391
2	413	802
2	415	903
2	417	198
2	418	178
2	418	757
2	419	200
2	419	403
2	419	438
2	420	160
2	420	518
2	421	739
2	421	800
2	422	254
2	424	459
2	424	852
2	425	199
2	427	535
2	427	662
2	430	784
2	431	95
2	431	270
2	431	337
2	431	394
2	432	455
2	434	126
2	436	112
2	436	474
2	438	367
2	439	279
2	439	531
2	441	5
2	441	505
2	442	284
2	442	744
2	448	754
2	449	399
2	453	263
2	453	422
2	453	705
2	455	742
2	456	487
2	457	46
2	459	62
2	459	824
2	460	58
2	460	510
2	461	251
2	461	321
2	461	584
2	462	48
2	463	75
2	464	548
2	466	22
2	466	853
2	467	267
2	467	288
2	467	351
2	467	646
2	468	881
2	469	85
2	469	556
2	469	599
2	469	642
2	471	147
2	471	619
2	471	838
2	472	365
2	474	256
2	474	493
2	475	118
2	475	213
2	475	349
2	475	406
2	475	603
2	476	628
2	476	681
2	477	78
2	477	169
2	478	327
2	478	572
2	479	1
2	479	230
2	481	132
2	483	607
2	484	587
2	484	718
2	485	630
2	486	420
2	486	748
2	487	418
2	487	746
2	488	41
2	488	277
2	488	848
2	489	10
2	489	238
2	489	479
2	489	644
2	490	245
2	491	16
2	491	54
2	492	952
2	494	188
2	494	758
2	495	7
2	495	499
2	496	45
2	496	331
2	496	765
2	500	398
2	500	594
2	501	934
2	502	27
2	502	812
2	504	257
2	505	182
2	508	516
2	509	530
2	510	409
2	510	442
2	510	538
2	512	50
2	512	601
2	513	704
2	514	640
2	514	985
2	515	122
2	515	785
2	515	790
2	516	308
2	518	632
2	518	796
2	519	526
2	522	243
2	522	338
2	522	552
2	522	616
2	523	726
2	525	783
2	526	314
2	527	242
2	527	897
2	527	967
2	528	611
2	530	161
2	531	892
2	532	565
2	532	575
2	532	612
2	533	721
2	533	738
2	537	634
2	538	305
2	538	344
2	538	567
2	539	608
2	540	741
2	540	766
2	543	724
2	546	306
2	546	648
2	547	478
2	548	853
2	551	520
2	551	797
2	555	667
2	556	469
2	557	295
2	558	129
2	558	489
2	559	23
2	560	260
2	560	300
2	561	773
2	561	990
2	562	51
2	562	164
2	562	290
2	563	292
2	563	902
2	564	236
2	565	287
2	566	361
2	566	713
2	566	937
2	568	61
2	568	460
2	568	471
2	568	795
2	569	368
2	570	711
2	573	799
2	573	842
2	574	503
2	576	550
2	577	99
2	577	992
2	579	117
2	579	563
2	581	261
2	582	225
2	583	676
2	584	183
2	584	212
2	584	396
2	586	463
2	586	622
2	587	258
2	587	345
2	588	535
2	593	76
2	593	604
2	593	655
2	593	845
2	594	235
2	594	249
2	594	856
2	595	38
2	595	232
2	596	688
2	598	131
2	598	621
2	599	262
2	599	514
2	600	184
2	600	364
2	600	553
2	601	595
2	601	609
2	603	382
2	603	444
2	604	542
2	604	808
2	606	710
2	607	686
2	608	264
2	608	912
2	609	329
2	610	43
2	611	355
2	611	494
2	611	996
2	612	448
2	615	143
2	615	528
2	615	962
2	616	310
2	617	698
2	617	740
2	618	24
2	618	56
2	618	113
2	618	301
2	618	755
2	619	176
2	619	805
2	620	136
2	620	247
2	620	351
2	620	386
2	621	44
2	622	762
2	623	481
2	624	11
2	625	266
2	625	581
2	625	990
2	627	593
2	627	881
2	629	92
2	629	695
2	630	48
2	630	320
2	632	776
2	633	769
2	633	906
2	635	534
2	635	564
2	635	840
2	636	647
2	637	210
2	637	654
2	638	513
2	638	1000
2	639	18
2	639	709
2	640	736
2	642	880
2	643	920
2	644	395
2	644	835
2	644	871
2	645	125
2	646	330
2	647	620
2	648	157
2	648	989
2	649	215
2	650	2
2	652	219
2	653	841
2	653	908
2	655	754
2	656	146
2	658	318
2	659	101
2	659	377
2	660	426
2	660	674
2	661	273
2	662	119
2	662	139
2	662	298
2	663	778
2	664	432
2	665	350
2	666	220
2	666	228
2	667	102
2	667	363
2	667	682
2	667	789
2	667	903
2	668	239
2	668	422
2	669	973
2	670	571
2	672	462
2	673	731
2	674	150
2	674	343
2	675	121
2	675	410
2	676	901
2	677	286
2	677	588
2	678	244
2	679	455
2	679	865
2	680	780
2	681	25
2	681	348
2	682	433
2	684	73
2	684	660
2	684	947
2	685	831
2	688	49
2	690	137
2	690	439
2	693	472
2	694	128
2	698	543
2	701	41
2	701	159
2	702	655
2	702	739
2	703	46
2	704	178
2	704	311
2	704	544
2	704	724
2	704	885
2	706	576
2	707	618
2	707	809
2	708	663
2	708	700
2	708	737
2	709	401
2	710	55
2	711	270
2	711	748
2	712	334
2	712	429
2	712	580
2	712	742
2	713	508
2	714	230
2	716	87
2	717	97
2	717	805
2	717	821
2	718	397
2	718	619
2	719	475
2	719	745
2	720	27
2	720	376
2	721	303
2	721	491
2	721	656
2	721	974
2	723	642
2	724	151
2	724	603
2	725	389
2	726	226
2	726	600
2	727	765
2	728	622
2	728	727
2	728	857
2	729	607
2	731	759
2	732	550
2	733	467
2	733	897
2	734	323
2	735	374
2	735	511
2	736	160
2	736	192
2	737	421
2	737	694
2	739	404
2	741	711
2	741	873
2	743	39
2	744	307
2	745	457
2	746	826
2	746	971
2	747	434
2	749	613
2	749	649
2	750	89
2	751	479
2	751	678
2	752	324
2	753	360
2	753	667
2	753	738
2	755	378
2	755	554
2	757	702
2	758	135
2	758	584
2	759	441
2	759	568
2	759	597
2	760	287
2	760	582
2	760	937
2	761	288
2	762	234
2	762	662
2	763	86
2	767	281
2	769	561
2	771	238
2	771	558
2	772	551
2	773	202
2	774	752
2	775	45
2	775	394
2	775	942
2	776	36
2	777	7
2	777	212
2	777	684
2	778	21
2	780	670
2	781	12
2	781	204
2	781	235
2	781	816
2	782	333
2	782	770
2	782	939
2	785	811
2	785	820
2	786	183
2	787	5
2	787	224
2	787	494
2	790	308
2	791	358
2	791	638
2	793	484
2	795	65
2	795	599
2	797	355
2	798	705
2	799	915
2	800	633
2	801	565
2	801	810
2	802	58
2	802	751
2	803	415
2	803	523
2	804	37
2	805	15
2	805	908
2	806	174
2	807	1000
2	808	552
2	810	412
2	810	468
2	813	501
2	816	168
2	820	922
2	824	505
2	824	676
2	825	581
2	825	898
2	826	411
2	827	785
2	827	997
2	829	94
2	829	110
2	829	157
2	829	740
2	830	693
2	831	881
2	832	379
2	832	932
2	835	108
2	836	257
2	836	409
2	836	818
2	837	116
2	837	674
2	838	790
2	839	332
2	839	587
2	841	143
2	842	541
2	843	322
2	843	666
2	843	743
2	843	890
2	844	178
2	844	188
2	845	483
2	846	787
2	847	182
2	847	277
2	847	290
2	847	893
2	848	652
2	849	572
2	849	625
2	850	387
2	851	987
2	852	697
2	853	101
2	854	266
2	854	548
2	855	402
2	856	246
2	856	665
2	857	117
2	858	84
2	858	789
2	858	810
2	858	922
2	859	69
2	859	321
2	860	118
2	860	352
2	860	961
2	861	339
2	861	473
2	861	573
2	862	737
2	864	912
2	864	916
2	866	725
2	867	664
2	867	695
2	868	914
2	871	701
2	871	817
2	872	317
2	872	687
2	872	734
2	873	965
2	878	43
2	879	122
2	879	722
2	880	561
2	880	623
2	881	207
2	881	614
2	882	381
2	884	53
2	884	706
2	884	758
2	885	439
2	885	486
2	885	635
2	885	644
2	885	889
2	886	680
2	886	721
2	886	960
2	887	106
2	888	198
2	888	663
2	889	503
2	889	618
2	890	786
2	891	278
2	892	445
2	892	874
2	893	779
2	895	79
2	895	578
2	896	114
2	896	299
2	897	19
2	897	162
2	897	510
2	898	293
2	898	540
2	898	602
2	898	876
2	900	132
2	902	72
2	903	193
2	904	780
2	905	454
2	905	528
2	905	962
2	906	559
2	906	775
2	907	762
2	909	115
2	909	482
2	909	570
2	910	269
2	911	986
2	912	490
2	913	3
2	914	74
2	914	377
2	914	495
2	915	64
2	916	526
2	916	909
2	917	9
2	917	144
2	917	214
2	918	26
2	919	694
2	920	917
2	921	382
2	923	447
2	924	296
2	925	875
2	927	410
2	927	798
2	927	885
2	928	893
2	929	708
2	929	781
2	929	923
2	930	724
2	931	233
2	931	796
2	935	915
2	936	728
2	936	765
2	937	351
2	938	910
2	940	254
2	940	497
2	941	707
2	942	97
2	942	726
2	943	190
2	944	88
2	944	671
2	946	212
2	946	271
2	946	585
2	946	955
2	948	85
2	948	435
2	949	258
2	949	289
2	949	584
2	950	59
2	950	603
2	953	375
2	953	579
2	955	842
2	957	256
2	958	316
2	958	417
2	959	219
2	960	126
2	961	404
2	962	4
2	964	102
2	965	164
2	965	880
2	966	230
2	966	498
2	967	13
2	967	904
2	968	530
2	969	167
2	969	899
2	969	966
2	972	148
2	972	700
2	976	562
2	978	547
2	979	555
2	981	209
2	981	418
2	982	537
2	983	770
2	984	471
2	984	921
2	986	286
2	986	595
2	988	684
2	989	253
2	989	956
2	993	505
2	994	264
2	994	529
2	995	822
2	996	68
2	997	239
2	997	648
2	998	83
2	998	865
2	999	98
2	999	720
2	1000	716
2	1001	524
2	1002	750
2	1002	793
2	1005	575
2	1006	149
2	1007	160
2	1007	717
2	1008	195
2	1008	475
2	1009	246
2	1009	533
2	1010	341
2	1010	468
2	1010	586
2	1011	465
2	1011	546
2	1012	397
2	1012	704
2	1013	70
2	1013	188
2	1013	250
2	1014	389
2	1016	244
2	1016	450
2	1016	692
2	1017	175
2	1019	979
2	1020	136
2	1022	53
2	1022	153
2	1022	319
2	1023	583
2	1024	255
2	1024	458
2	1024	627
2	1026	131
2	1026	189
2	1027	608
2	1027	706
2	1028	21
2	1028	23
2	1028	263
2	1028	606
2	1029	421
2	1029	664
2	1030	459
2	1031	550
2	1033	473
2	1033	852
2	1034	820
2	1035	266
2	1035	544
2	1035	911
2	1036	554
2	1038	71
2	1038	436
2	1039	610
2	1040	336
2	1041	801
2	1042	847
2	1043	416
2	1043	829
2	1044	426
2	1044	593
2	1044	771
2	1045	185
2	1047	756
2	1047	789
2	1048	225
2	1048	307
2	1049	243
2	1050	142
2	1051	76
2	1052	557
2	1053	157
2	1053	548
2	1056	269
2	1057	138
2	1059	261
2	1060	792
2	1061	438
2	1062	308
2	1062	512
2	1063	150
2	1063	655
2	1063	910
2	1064	280
2	1065	166
2	1065	650
2	1067	193
2	1069	165
2	1069	626
2	1069	634
2	1069	654
2	1070	747
2	1071	587
2	1071	644
2	1072	399
2	1072	518
2	1073	808
2	1075	123
2	1075	372
2	1076	30
2	1076	128
2	1076	197
2	1077	356
2	1078	283
2	1079	620
2	1080	696
2	1081	318
2	1081	340
2	1082	795
2	1083	916
2	1084	896
2	1084	906
2	1085	670
2	1086	99
2	1086	660
2	1089	187
2	1090	29
2	1090	90
2	1090	114
2	1090	296
2	1092	619
2	1092	749
2	1093	49
2	1094	240
2	1094	784
2	1096	241
2	1097	453
2	1099	357
2	1099	909
2	1100	214
2	1100	460
2	1101	88
2	1101	107
2	1101	295
2	1101	507
2	1102	125
2	1102	624
2	1103	168
2	1103	300
2	1103	327
2	1104	121
2	1104	384
2	1104	931
2	1105	645
2	1106	8
2	1106	653
2	1107	146
2	1107	480
2	1108	530
2	1108	873
2	1109	326
2	1109	363
2	1109	899
2	1109	951
2	1110	10
2	1110	924
2	1112	222
2	1112	373
2	1112	699
2	1113	116
2	1113	396
2	1114	379
2	1114	642
2	1115	417
2	1116	253
2	1116	441
2	1116	576
2	1117	484
2	1118	309
2	1120	277
2	1121	299
2	1121	695
2	1122	404
2	1124	141
2	1125	649
2	1125	1000
2	1126	503
2	1127	32
2	1127	665
2	1128	798
2	1129	89
2	1130	147
2	1133	313
2	1134	999
2	1135	236
2	1136	546
2	1137	541
2	1139	96
2	1139	108
2	1144	772
2	1145	481
2	1146	389
2	1146	723
2	1146	933
2	1147	154
2	1147	401
2	1147	431
2	1147	804
2	1148	702
2	1149	362
2	1150	478
2	1151	325
2	1152	442
2	1152	895
2	1152	923
2	1154	429
2	1155	621
2	1156	231
2	1156	632
2	1158	220
2	1158	270
2	1158	456
2	1158	690
2	1159	841
2	1160	109
2	1160	980
2	1163	897
2	1164	570
2	1164	698
2	1164	806
2	1165	164
2	1165	439
2	1165	807
2	1166	177
2	1167	244
2	1167	501
2	1169	83
2	1169	848
2	1170	604
2	1171	279
2	1171	681
2	1173	558
2	1173	591
2	1174	269
2	1174	691
2	1177	163
2	1177	722
2	1178	346
2	1182	63
2	1182	139
2	1183	161
2	1184	79
2	1186	587
2	1186	823
2	1187	479
2	1187	694
2	1189	444
2	1189	730
2	1191	368
2	1191	510
2	1192	615
2	1194	423
2	1195	349
2	1195	552
2	1196	339
2	1197	260
2	1199	383
2	1199	583
2	1200	120
2	1200	519
2	1200	685
2	1202	333
2	1202	504
2	1202	593
2	1203	133
2	1203	359
2	1203	581
2	1204	256
2	1204	406
2	1205	387
2	1205	549
2	1205	705
2	1206	17
2	1206	511
2	1206	598
2	1206	787
2	1207	726
2	1208	985
2	1209	275
2	1210	531
2	1211	432
2	1211	586
2	1211	742
2	1212	433
2	1212	472
2	1212	776
2	1212	806
2	1215	996
2	1216	408
2	1216	416
2	1217	95
2	1218	135
2	1218	954
2	1219	458
2	1220	358
2	1222	81
2	1223	134
2	1224	151
2	1224	606
2	1224	627
2	1224	891
2	1224	908
2	1225	217
2	1225	474
2	1226	697
2	1226	838
2	1228	77
2	1228	86
2	1229	491
2	1230	363
2	1230	639
2	1230	793
2	1230	923
2	1231	310
2	1231	360
2	1231	731
2	1232	469
2	1233	446
2	1234	626
2	1234	761
2	1235	329
2	1235	542
2	1237	445
2	1238	365
2	1238	843
2	1240	3
2	1240	70
2	1243	688
2	1243	778
2	1244	61
2	1244	138
2	1244	774
2	1246	34
2	1247	10
2	1247	994
2	1249	956
2	1251	452
2	1251	753
2	1252	532
2	1252	643
2	1253	293
2	1253	768
2	1254	143
2	1255	417
2	1257	272
2	1257	680
2	1260	668
2	1261	209
2	1261	218
2	1261	984
2	1262	725
2	1263	641
2	1263	940
2	1264	12
2	1264	376
2	1265	172
2	1265	287
2	1266	675
2	1269	85
2	1269	129
2	1269	603
2	1270	227
2	1270	817
2	1271	149
2	1271	486
2	1272	82
2	1272	863
2	1273	38
2	1273	220
2	1273	749
2	1275	952
2	1277	246
2	1278	274
2	1279	121
2	1280	968
2	1281	152
2	1282	284
2	1282	485
2	1282	796
2	1283	676
2	1283	875
2	1284	110
2	1285	830
2	1286	225
2	1286	353
2	1286	769
2	1287	71
2	1287	547
2	1287	564
2	1287	695
2	1289	236
2	1290	487
2	1292	788
2	1293	343
2	1294	193
2	1294	240
2	1296	674
2	1297	839
2	1298	397
2	1298	990
2	1299	295
2	1299	820
2	1300	628
2	1300	642
2	1300	654
2	1300	897
2	1300	943
2	1301	476
2	1301	566
2	1303	334
2	1304	386
2	1305	65
2	1305	191
2	1305	414
2	1306	504
2	1307	617
2	1307	620
2	1307	686
2	1308	237
2	1308	420
2	1309	608
2	1310	845
2	1311	64
2	1311	165
2	1313	98
2	1313	327
2	1313	388
2	1314	87
2	1314	155
2	1315	292
2	1315	369
2	1316	279
2	1316	354
2	1317	526
2	1318	35
2	1318	338
2	1318	783
2	1320	453
2	1320	635
2	1320	671
2	1321	100
2	1321	103
2	1321	618
2	1322	764
2	1324	125
2	1324	375
2	1325	623
2	1325	787
2	1328	429
2	1328	575
2	1329	457
2	1330	692
2	1332	965
2	1333	786
2	1334	43
2	1334	335
2	1334	402
2	1336	96
2	1336	757
2	1337	366
2	1337	430
2	1338	556
2	1339	18
2	1339	478
2	1340	290
2	1340	428
2	1342	483
2	1344	416
2	1345	871
2	1346	72
2	1346	381
2	1346	570
2	1348	546
2	1349	60
2	1349	118
2	1350	672
2	1351	174
2	1351	498
2	1351	595
2	1351	930
2	1351	994
2	1354	265
2	1354	410
2	1355	52
2	1356	215
2	1356	733
2	1357	843
2	1358	600
2	1358	644
2	1358	792
2	1358	809
2	1358	875
2	1360	128
2	1360	233
2	1362	114
2	1362	312
2	1362	705
2	1363	57
2	1366	205
2	1367	175
2	1369	21
2	1370	364
2	1371	664
2	1373	512
2	1373	819
2	1374	464
2	1377	488
2	1377	926
2	1378	23
2	1378	648
2	1378	711
2	1379	883
2	1381	132
2	1384	936
2	1386	228
2	1386	479
2	1387	633
2	1387	820
2	1388	450
2	1388	816
2	1388	984
2	1391	76
2	1391	919
2	1392	834
2	1392	886
2	1393	367
2	1394	510
2	1397	33
2	1400	247
2	1403	281
2	1404	349
2	1404	484
2	1404	502
2	1404	782
2	1405	745
2	1405	832
2	1406	376
2	1407	756
2	1408	563
2	1409	184
2	1409	822
2	1411	842
2	1412	238
2	1412	328
2	1412	356
2	1413	760
2	1414	278
2	1414	447
2	1415	365
2	1416	229
2	1416	601
2	1418	415
2	1419	567
2	1421	443
2	1421	535
2	1421	542
2	1423	245
2	1423	246
2	1423	433
2	1423	441
2	1423	936
2	1424	42
2	1424	401
2	1424	523
2	1424	700
2	1426	54
2	1426	511
2	1427	203
2	1427	767
2	1428	380
2	1428	914
2	1430	3
2	1430	17
2	1430	342
2	1430	640
2	1431	179
2	1432	47
2	1432	66
2	1432	162
2	1432	759
2	1433	88
2	1433	912
2	1434	176
2	1435	258
2	1436	104
2	1438	839
2	1439	27
2	1440	11
2	1440	569
2	1441	576
2	1443	653
2	1444	445
2	1446	393
2	1446	777
2	1448	424
2	1449	690
2	1450	26
2	1451	202
2	1454	530
2	1457	134
2	1457	374
2	1458	167
2	1458	222
2	1460	143
2	1461	212
2	1462	196
2	1462	812
2	1463	75
2	1463	263
2	1463	454
2	1466	368
2	1466	712
2	1466	740
2	1466	945
2	1467	124
2	1467	256
2	1467	551
2	1467	683
2	1468	91
2	1470	352
2	1470	540
2	1471	580
2	1471	618
2	1474	333
2	1474	872
2	1476	811
2	1479	78
2	1479	735
2	1481	873
2	1483	86
2	1484	187
2	1484	420
2	1485	125
2	1485	472
2	1485	965
2	1486	39
2	1486	213
2	1486	686
2	1487	90
2	1487	306
2	1487	388
2	1487	698
2	1488	259
2	1488	280
2	1488	604
2	1490	138
2	1491	605
2	1493	950
2	1494	304
2	1494	915
2	1495	210
2	1495	489
2	1495	877
2	1498	252
2	1499	41
2	1500	497
2	1500	706
2	1502	286
2	1504	384
2	1507	159
2	1507	603
2	1507	692
2	1508	31
2	1509	74
2	1509	344
2	1510	230
2	1510	558
2	1513	611
2	1513	620
2	1513	638
2	1513	721
2	1514	510
2	1515	479
2	1515	678
2	1516	135
2	1517	347
2	1517	679
2	1518	508
2	1521	486
2	1521	688
2	1522	343
2	1523	313
2	1523	466
2	1523	885
2	1524	174
2	1525	181
2	1526	315
2	1527	216
2	1527	890
2	1528	327
2	1528	746
2	1530	15
2	1530	209
2	1530	600
2	1531	947
2	1532	71
2	1532	578
2	1533	24
2	1533	599
2	1534	631
2	1534	831
2	1535	247
2	1539	826
2	1540	464
2	1541	833
2	1541	935
2	1541	974
2	1542	282
2	1542	438
2	1543	684
2	1544	484
2	1544	575
2	1546	644
2	1546	751
2	1547	211
2	1548	800
2	1549	775
2	1549	807
2	1550	413
2	1550	743
2	1551	411
2	1551	482
2	1551	501
2	1552	226
2	1553	198
2	1553	301
2	1553	630
2	1553	795
2	1554	499
2	1554	675
2	1555	417
2	1555	832
2	1556	339
2	1557	316
2	1557	544
2	1558	271
2	1559	586
2	1560	73
2	1561	470
2	1561	772
2	1563	391
2	1563	676
2	1564	35
2	1564	410
2	1564	789
2	1565	43
2	1565	330
2	1566	257
2	1566	784
2	1567	569
2	1569	309
2	1570	106
2	1570	378
2	1570	439
2	1571	596
2	1571	615
2	1572	371
2	1572	925
2	1573	846
2	1573	892
2	1574	512
2	1575	296
2	1575	589
2	1575	736
2	1576	481
2	1577	505
2	1578	92
2	1578	976
2	1581	645
2	1582	532
2	1582	543
2	1584	527
2	1586	461
2	1586	785
2	1587	476
2	1588	528
2	1588	673
2	1588	702
2	1589	379
2	1589	387
2	1590	541
2	1590	994
2	1591	34
2	1591	270
2	1591	323
2	1594	12
2	1594	566
2	1595	303
2	1596	191
2	1596	325
2	1596	485
2	1596	933
2	1597	207
2	1598	16
2	1598	69
2	1598	748
2	1598	793
2	1598	866
2	1599	56
2	1599	242
2	1601	19
2	1601	84
2	1601	616
2	1603	463
2	1604	561
2	1605	828
2	1607	169
2	1607	845
2	1608	25
2	1608	742
2	1609	266
2	1609	987
2	1611	284
2	1611	953
2	1611	961
2	1613	696
2	1614	126
2	1615	237
2	1615	718
2	1620	423
2	1620	770
2	1623	598
2	1624	590
2	1624	703
2	1625	353
2	1625	475
2	1626	70
2	1626	447
2	1627	278
2	1628	178
2	1630	108
2	1631	507
2	1631	622
2	1632	2
2	1634	55
2	1634	180
2	1634	853
2	1635	254
2	1636	820
2	1637	1
2	1637	473
2	1640	865
2	1641	287
2	1641	623
2	1642	762
2	1642	879
2	1644	504
2	1645	408
2	1646	127
2	1646	632
2	1648	488
2	1649	87
2	1650	276
2	1651	233
2	1651	538
2	1651	553
2	1651	643
2	1651	838
2	1651	858
2	1652	385
2	1654	5
2	1654	42
2	1654	164
2	1655	639
2	1657	243
2	1659	687
2	1660	99
2	1660	382
2	1660	758
2	1663	54
2	1663	355
2	1663	427
2	1663	911
2	1665	533
2	1666	124
2	1667	18
2	1667	563
2	1668	246
2	1670	654
2	1671	258
2	1671	998
2	1672	277
2	1672	574
2	1675	469
2	1676	279
2	1676	781
2	1678	146
2	1678	368
2	1680	31
2	1680	627
2	1681	747
2	1682	913
2	1683	61
2	1684	809
2	1686	311
2	1686	509
2	1687	392
2	1689	969
2	1690	80
2	1690	761
2	1691	649
2	1691	677
2	1691	753
2	1691	754
2	1692	142
2	1692	499
2	1692	870
2	1693	356
2	1694	229
2	1698	474
2	1699	764
2	1701	700
2	1701	771
2	1702	672
2	1705	239
2	1708	220
2	1708	603
2	1709	211
2	1709	228
2	1710	111
2	1710	324
2	1710	498
2	1711	511
2	1711	613
2	1711	739
2	1711	899
2	1714	690
2	1715	970
2	1717	412
2	1718	288
2	1718	414
2	1718	911
2	1718	934
2	1719	3
2	1720	500
2	1720	906
2	1722	28
2	1722	230
2	1722	283
2	1722	709
2	1722	1000
2	1723	545
2	1723	658
2	1723	733
2	1724	65
2	1724	936
2	1725	588
2	1726	343
2	1726	517
2	1727	11
2	1727	522
2	1728	235
2	1728	587
2	1729	4
2	1730	490
2	1731	369
2	1731	536
2	1731	657
2	1731	897
2	1732	139
2	1732	332
2	1732	487
2	1734	73
2	1734	531
2	1735	736
2	1737	305
2	1737	502
2	1737	540
2	1739	431
2	1739	650
2	1741	269
2	1741	395
2	1741	646
2	1742	105
2	1743	51
2	1743	327
2	1743	564
2	1743	833
2	1744	74
2	1744	210
2	1744	618
2	1744	763
2	1744	998
2	1745	193
2	1745	364
2	1746	484
2	1747	79
2	1747	196
2	1750	312
2	1750	683
2	1751	91
2	1751	420
2	1752	227
2	1752	390
2	1752	394
2	1753	317
2	1753	794
2	1754	614
2	1755	261
2	1755	547
2	1755	637
2	1755	745
2	1756	470
2	1756	471
2	1756	738
2	1758	680
2	1759	66
2	1759	295
2	1759	741
2	1760	234
2	1760	357
2	1760	808
2	1760	925
2	1761	787
2	1762	345
2	1763	44
2	1763	306
2	1764	348
2	1764	362
2	1764	734
2	1765	454
2	1766	462
2	1767	339
2	1767	465
2	1767	675
2	1767	810
2	1768	586
2	1768	642
2	1769	75
2	1769	280
2	1769	600
2	1770	349
2	1770	684
2	1771	373
2	1772	400
2	1773	464
2	1774	942
2	1775	242
2	1775	917
2	1776	594
2	1776	838
2	1777	459
2	1778	149
2	1778	267
2	1778	480
2	1778	662
2	1779	984
2	1780	682
2	1781	22
2	1781	122
2	1781	361
2	1781	482
2	1781	607
2	1782	601
2	1783	403
2	1784	53
2	1784	529
2	1784	608
2	1785	525
2	1785	776
2	1786	88
2	1786	528
2	1786	685
2	1786	947
2	1787	104
2	1788	289
2	1788	693
2	1789	473
2	1790	240
2	1790	544
2	1791	423
2	1791	988
2	1794	243
2	1795	150
2	1795	908
2	1796	192
2	1796	516
2	1797	711
2	1798	197
2	1798	248
2	1798	977
2	1799	554
2	1799	766
2	1800	93
2	1802	78
2	1803	946
2	1804	1
2	1804	798
2	1805	6
2	1805	52
2	1805	929
2	1810	194
2	1811	59
2	1811	184
2	1812	158
2	1813	161
2	1814	393
2	1814	546
2	1815	825
2	1819	27
2	1821	667
2	1821	701
2	1821	773
2	1821	931
2	1823	638
2	1824	241
2	1824	810
2	1825	981
2	1826	134
2	1826	979
2	1826	986
2	1827	610
2	1827	978
2	1828	477
2	1829	697
2	1830	124
2	1830	783
2	1831	264
2	1831	891
2	1832	12
2	1832	391
2	1833	596
2	1834	702
2	1834	939
2	1835	583
2	1836	232
2	1836	512
2	1836	543
2	1837	369
2	1837	712
2	1839	292
2	1839	483
2	1839	549
2	1841	954
2	1843	355
2	1843	515
2	1843	676
2	1844	351
2	1844	1000
2	1846	792
2	1847	320
2	1848	249
2	1849	151
2	1849	626
2	1849	656
2	1851	559
2	1851	863
2	1851	959
2	1853	644
2	1853	729
2	1853	811
2	1853	825
2	1853	955
2	1854	17
2	1854	340
2	1855	334
2	1856	492
2	1859	433
2	1860	288
2	1861	16
2	1861	45
2	1861	686
2	1862	346
2	1865	378
2	1865	670
2	1865	746
2	1866	213
2	1866	252
2	1867	354
2	1868	9
2	1868	985
2	1869	427
2	1870	148
2	1870	405
2	1871	76
2	1872	5
2	1877	614
2	1878	226
2	1878	237
2	1879	553
2	1880	25
2	1880	238
2	1884	141
2	1884	415
2	1884	902
2	1885	81
2	1885	235
2	1885	859
2	1886	569
2	1888	86
2	1890	301
2	1890	979
2	1891	536
2	1893	37
2	1893	110
2	1893	183
2	1893	419
2	1893	968
2	1894	326
2	1894	390
2	1895	381
2	1896	460
2	1896	778
2	1897	172
2	1899	64
2	1899	300
2	1900	2
2	1900	479
2	1900	519
2	1901	181
2	1902	133
2	1903	815
2	1904	800
2	1905	222
2	1906	175
2	1907	402
2	1908	109
2	1908	120
2	1908	555
2	1908	653
2	1908	967
2	1909	612
2	1910	995
2	1911	741
2	1912	535
2	1913	375
2	1913	538
2	1916	425
2	1916	449
2	1916	509
2	1916	605
2	1917	715
2	1918	150
2	1919	253
2	1919	428
2	1920	54
2	1921	112
2	1921	703
2	1921	849
2	1922	306
2	1925	279
2	1925	379
2	1926	695
2	1927	208
2	1928	658
2	1929	551
2	1929	895
2	1930	385
2	1931	911
2	1934	901
2	1935	762
2	1936	179
2	1940	699
2	1940	793
2	1941	589
2	1943	47
2	1944	582
2	1944	950
2	1945	647
2	1947	604
2	1951	571
2	1951	683
2	1953	426
2	1954	70
2	1954	484
2	1954	952
2	1956	325
2	1957	499
2	1958	629
2	1959	495
2	1959	671
2	1960	210
2	1960	216
2	1960	654
2	1960	822
2	1961	464
2	1961	467
2	1961	606
2	1962	904
2	1963	496
2	1964	321
2	1965	852
2	1966	166
2	1966	327
2	1966	443
2	1966	756
2	1967	23
2	1967	548
2	1969	8
2	1970	309
2	1970	486
2	1971	759
2	1971	873
2	1972	219
2	1972	377
2	1973	572
2	1976	187
2	1976	404
2	1976	410
2	1976	514
2	1976	798
2	1977	416
2	1977	503
2	1979	554
2	1980	337
2	1980	749
2	1981	51
2	1981	84
2	1981	365
2	1982	19
2	1982	56
2	1982	105
2	1984	63
2	1984	524
2	1984	545
2	1984	722
2	1985	660
2	1987	65
2	1988	317
2	1988	356
2	1988	624
2	1989	611
2	1989	844
2	1990	530
2	1991	918
2	1992	357
2	1992	360
2	1992	704
2	1993	197
2	1995	633
2	1997	324
2	1997	820
2	1998	74
2	1998	348
2	1998	884
2	1998	895
2	1999	367
2	1999	525
2	1999	584
2	2000	436
2	2002	160
2	2002	832
2	2003	218
2	2003	266
2	2004	215
2	2005	80
2	2005	397
2	2005	922
2	2006	533
2	2010	90
2	2010	673
2	2010	690
2	2011	373
2	2011	982
2	2012	661
2	2013	688
2	2014	358
2	2014	487
2	2015	78
2	2015	627
2	2016	797
2	2016	930
2	2018	212
2	2020	214
2	2020	369
2	2020	460
2	2021	44
2	2023	221
2	2023	371
2	2023	615
2	2024	332
2	2026	115
2	2026	710
2	2027	9
2	2027	170
2	2027	171
2	2030	561
2	2031	723
2	2031	731
2	2031	739
2	2033	568
2	2033	880
2	2035	281
2	2035	297
2	2039	504
2	2040	485
2	2040	716
2	2041	438
2	2041	586
2	2041	600
2	2041	642
2	2042	648
2	2043	383
2	2043	549
2	2043	885
2	2046	96
2	2046	796
2	2047	58
2	2047	137
2	2048	248
2	2048	755
2	2048	777
2	2050	231
2	2050	576
2	2050	952
2	2051	534
2	2052	119
2	2052	287
2	2053	381
2	2054	564
2	2054	669
2	2055	14
2	2057	393
2	2059	439
2	2061	900
2	2063	116
2	2066	888
2	2067	912
2	2067	918
2	2068	662
2	2069	240
2	2070	697
2	2071	735
2	2072	423
2	2072	951
2	2073	987
2	2074	575
2	2075	270
2	2075	282
2	2075	839
2	2076	409
2	2076	520
2	2076	762
2	2078	574
2	2078	853
2	2079	691
2	2079	700
2	2081	387
2	2082	30
2	2083	927
2	2086	64
2	2087	345
2	2087	544
2	2087	677
2	2088	427
2	2090	603
2	2091	172
2	2092	566
2	2093	833
2	2094	886
2	2095	263
2	2095	329
2	2095	437
2	2096	189
2	2096	433
2	2096	501
2	2097	20
2	2097	431
2	2097	780
2	2098	465
2	2099	542
2	2099	628
2	2099	681
2	2100	121
2	2100	512
2	2101	109
2	2101	129
2	2101	209
2	2101	238
2	2101	665
2	2102	655
2	2103	164
2	2103	763
2	2103	985
2	2105	522
2	2106	167
2	2106	284
2	2106	928
2	2107	816
2	2108	449
2	2108	587
2	2108	809
2	2109	245
2	2109	254
2	2109	616
2	2112	147
2	2113	952
2	2114	844
2	2115	613
2	2115	736
2	2116	194
2	2117	140
2	2117	779
2	2120	771
2	2122	65
2	2122	101
2	2123	623
2	2123	913
2	2124	632
2	2126	597
2	2128	304
2	2128	323
2	2129	359
2	2129	702
2	2129	929
2	2134	130
2	2135	638
2	2137	888
2	2138	99
2	2139	744
2	2140	951
2	2141	403
2	2142	280
2	2142	679
2	2143	154
2	2143	631
2	2144	310
2	2147	274
2	2148	4
2	2148	711
2	2150	298
2	2150	364
2	2150	727
2	2151	244
2	2155	2
2	2155	24
2	2155	486
2	2155	599
2	2156	144
2	2157	182
2	2158	540
2	2158	660
2	2158	766
2	2160	290
2	2162	12
2	2162	601
2	2162	830
2	2163	126
2	2163	482
2	2163	627
2	2164	794
2	2165	481
2	2168	201
2	2169	672
2	2171	400
2	2172	933
2	2173	798
2	2173	952
2	2174	63
2	2174	831
2	2175	353
2	2175	414
2	2175	499
2	2177	320
2	2178	301
2	2179	496
2	2180	467
2	2180	791
2	2180	893
2	2181	577
2	2182	136
2	2182	203
2	2182	538
2	2182	932
2	2183	93
2	2184	342
2	2184	669
2	2185	462
2	2187	72
2	2187	328
2	2187	410
2	2188	582
2	2188	792
2	2188	818
2	2189	466
2	2189	589
2	2190	97
2	2192	276
2	2192	348
2	2193	181
2	2193	690
2	2196	248
2	2196	283
2	2196	583
2	2196	828
2	2197	240
2	2197	546
2	2197	692
2	2200	100
2	2200	305
2	2200	480
2	2200	572
2	2201	202
2	2202	94
2	2202	103
2	2202	268
2	2202	296
2	2202	945
2	2203	25
2	2203	680
2	2203	918
2	2205	456
2	2206	184
2	2206	258
2	2206	453
2	2207	426
2	2207	507
2	2207	560
2	2208	133
2	2208	782
2	2209	622
2	2209	803
2	2210	61
2	2210	525
2	2210	983
2	2212	116
2	2212	129
2	2213	515
2	2213	625
2	2213	834
2	2215	764
2	2215	768
2	2219	558
2	2220	180
2	2220	217
2	2221	513
2	2222	641
2	2224	312
2	2224	485
2	2224	966
2	2225	785
2	2226	731
2	2226	911
2	2228	237
2	2229	1
2	2229	611
2	2230	409
2	2230	698
2	2231	603
2	2232	109
2	2232	171
2	2232	396
2	2233	145
2	2234	39
2	2234	653
2	2234	668
2	2236	813
2	2239	724
2	2240	195
2	2240	271
2	2240	590
2	2240	957
2	2241	528
2	2242	817
2	2243	29
2	2244	607
2	2244	689
2	2245	50
2	2245	504
2	2245	533
2	2247	606
2	2247	621
2	2247	769
2	2248	634
2	2248	710
2	2248	958
2	2249	477
2	2249	663
2	2249	719
2	2249	765
2	2252	198
2	2252	737
2	2253	753
2	2253	984
2	2254	215
2	2255	1000
2	2257	587
2	2258	355
2	2258	384
2	2259	304
2	2260	197
2	2261	645
2	2262	389
2	2263	70
2	2263	659
2	2264	544
2	2265	76
2	2266	657
2	2268	42
2	2268	52
2	2269	979
2	2270	152
2	2270	316
2	2270	578
2	2270	751
2	2270	826
2	2270	849
2	2273	3
2	2277	940
2	2278	263
2	2278	711
2	2280	652
2	2281	225
2	2281	511
2	2283	102
2	2284	87
2	2284	991
2	2285	371
2	2285	636
2	2286	48
2	2287	188
2	2288	500
2	2288	746
2	2288	993
2	2292	509
2	2293	421
2	2293	478
2	2293	529
2	2294	24
2	2294	77
2	2294	469
2	2296	309
2	2296	491
2	2299	135
2	2299	848
2	2300	306
2	2301	8
2	2301	151
2	2301	289
2	2301	654
2	2302	519
2	2302	878
2	2303	401
2	2303	446
2	2304	107
2	2304	530
2	2307	352
2	2307	368
2	2307	632
2	2307	695
2	2307	800
2	2307	951
2	2309	550
2	2309	928
2	2310	83
2	2310	520
2	2310	774
2	2310	819
2	2311	461
2	2312	302
2	2313	16
2	2313	339
2	2313	620
2	2314	117
2	2315	483
2	2317	293
2	2318	5
2	2318	73
2	2318	571
2	2318	745
2	2319	123
2	2319	189
2	2319	953
2	2320	193
2	2320	442
2	2320	526
2	2321	871
2	2321	910
2	2322	96
2	2322	279
2	2324	418
2	2324	721
2	2325	291
2	2325	537
2	2325	623
2	2326	72
2	2328	545
2	2328	656
2	2329	536
2	2330	988
2	2333	662
2	2334	10
2	2334	887
2	2335	488
2	2338	722
2	2338	863
2	2339	79
2	2339	502
2	2340	229
2	2340	674
2	2344	266
2	2346	740
2	2347	850
2	2348	138
2	2350	179
2	2350	239
2	2351	154
2	2353	224
2	2353	568
2	2354	730
2	2355	552
2	2355	739
2	2356	264
2	2356	484
2	2356	741
2	2358	112
2	2358	624
2	2360	630
2	2360	973
2	2365	258
2	2365	348
2	2365	683
2	2367	18
2	2368	492
2	2369	718
2	2371	97
2	2371	670
2	2371	794
2	2373	557
2	2376	363
2	2377	932
2	2378	501
2	2379	798
2	2380	56
2	2380	454
2	2381	312
2	2381	909
2	2383	169
2	2384	706
2	2387	677
2	2387	816
2	2389	575
2	2390	588
2	2391	88
2	2391	391
2	2393	727
2	2394	375
2	2394	689
2	2395	114
2	2395	390
2	2396	417
2	2398	950
2	2400	402
2	2400	691
2	2401	343
2	2402	156
2	2402	535
2	2402	641
2	2402	995
2	2403	799
2	2403	821
2	2403	951
2	2404	381
2	2405	262
2	2405	963
2	2406	365
2	2408	440
2	2409	420
2	2409	479
2	2411	543
2	2413	744
2	2414	565
2	2414	766
2	2416	216
2	2418	414
2	2423	472
2	2423	566
2	2425	793
2	2427	168
2	2428	212
2	2429	230
2	2430	254
2	2431	124
2	2431	139
2	2431	555
2	2431	646
2	2432	896
2	2433	172
2	2433	450
2	2434	506
2	2434	609
2	2434	629
2	2435	399
2	2436	158
2	2436	528
2	2437	176
2	2437	468
2	2437	539
2	2437	684
2	2437	690
2	2437	693
2	2438	209
2	2438	495
2	2438	919
2	2440	110
2	2440	728
2	2441	65
2	2441	107
2	2441	211
2	2441	311
2	2441	574
2	2441	623
2	2442	474
2	2442	523
2	2442	604
2	2443	100
2	2443	577
2	2444	160
2	2444	680
2	2445	658
2	2445	941
2	2446	287
2	2446	667
2	2446	795
2	2447	128
2	2447	166
2	2448	404
2	2448	704
2	2449	352
2	2449	655
2	2449	938
2	2450	58
2	2450	121
2	2451	174
2	2451	347
2	2451	812
2	2452	119
2	2452	469
2	2452	551
2	2452	611
2	2452	836
2	2452	860
2	2453	773
2	2453	788
2	2454	679
2	2455	143
2	2456	127
2	2458	313
2	2458	697
2	2458	869
2	2459	462
2	2459	692
2	2460	729
2	2462	758
2	2463	148
2	2464	17
2	2464	548
2	2464	762
2	2465	238
2	2466	590
2	2467	201
2	2467	409
2	2469	785
2	2471	387
2	2471	955
2	2472	681
2	2474	34
2	2474	84
2	2476	471
2	2476	619
2	2478	57
2	2479	439
2	2479	455
2	2480	382
2	2481	698
2	2482	196
2	2482	751
2	2482	854
2	2485	11
2	2486	122
2	2486	276
2	2486	764
2	2487	546
2	2487	813
2	2487	848
2	2488	573
2	2489	361
2	2489	368
2	2489	849
2	2491	832
2	2492	136
2	2493	2
2	2493	592
2	2494	607
2	2496	792
2	2497	120
2	2497	374
2	2498	317
2	2498	448
2	2499	637
2	2500	307
2	2501	282
2	2501	825
2	2502	466
2	2503	52
2	2504	232
2	2505	165
2	2505	576
2	2506	765
2	2506	796
2	2506	923
2	2507	163
2	2507	295
2	2507	600
2	2507	777
2	2507	780
2	2508	1
2	2508	296
2	2510	480
2	2510	960
2	2512	286
2	2512	294
2	2514	531
2	2514	851
2	2515	132
2	2515	353
2	2515	508
2	2516	547
2	2518	206
2	2519	157
2	2519	567
2	2519	579
2	2519	700
2	2519	768
2	2519	964
2	2520	205
2	2520	778
2	2521	559
2	2522	652
2	2523	968
2	2524	775
2	2525	72
2	2525	859
2	2526	322
2	2526	677
2	2527	15
2	2527	530
2	2528	85
2	2528	303
2	2528	378
2	2528	976
2	2529	428
2	2529	429
2	2529	601
2	2530	256
2	2531	564
2	2532	475
2	2532	771
2	2533	32
2	2533	48
2	2533	784
2	2533	903
2	2534	884
2	2534	887
2	2537	177
2	2537	341
2	2537	524
2	2538	95
2	2539	738
2	2540	544
2	2540	732
2	2541	161
2	2541	275
2	2542	555
2	2544	192
2	2544	300
2	2546	874
2	2548	280
2	2549	137
2	2549	164
2	2549	348
2	2549	625
2	2550	323
2	2551	364
2	2551	855
2	2552	467
2	2553	173
2	2554	223
2	2554	400
2	2555	988
2	2556	639
2	2557	440
2	2558	88
2	2558	239
2	2560	424
2	2561	83
2	2561	187
2	2561	689
2	2562	99
2	2562	634
2	2563	4
2	2564	571
2	2568	144
2	2569	190
2	2569	767
2	2571	234
2	2572	769
2	2572	990
2	2573	333
2	2574	827
2	2576	484
2	2577	483
2	2579	123
2	2579	145
2	2581	833
2	2582	35
2	2584	338
2	2585	512
2	2586	118
2	2588	273
2	2588	444
2	2588	451
2	2590	40
2	2590	250
2	2590	686
2	2592	159
2	2593	251
2	2593	308
2	2596	94
2	2597	284
2	2597	837
2	2598	465
2	2600	96
2	2600	222
2	2600	388
2	2601	73
2	2601	404
2	2602	902
2	2603	243
2	2606	158
2	2606	533
2	2608	711
2	2609	29
2	2609	665
2	2610	736
2	2610	846
2	2612	389
2	2613	463
2	2614	391
2	2617	481
2	2618	406
2	2623	246
2	2623	597
2	2624	191
2	2625	80
2	2627	314
2	2627	610
2	2628	457
2	2628	518
2	2630	131
2	2630	293
2	2630	427
2	2631	476
2	2633	208
2	2634	319
2	2635	45
2	2635	110
2	2635	291
2	2635	632
2	2635	870
2	2635	951
2	2639	876
2	2640	262
2	2641	76
2	2641	287
2	2644	207
2	2645	227
2	2645	536
2	2645	566
2	2645	836
2	2646	38
2	2646	781
2	2647	817
2	2648	2
2	2650	580
2	2650	998
2	2652	114
2	2654	255
2	2655	268
2	2656	641
2	2657	49
2	2657	132
2	2657	739
2	2658	120
2	2660	671
2	2661	62
2	2661	98
2	2662	305
2	2662	780
2	2662	865
2	2663	259
2	2664	125
2	2664	168
2	2665	269
2	2667	412
2	2667	493
2	2667	503
2	2669	858
2	2670	986
2	2671	214
2	2672	300
2	2672	813
2	2673	479
2	2673	616
2	2676	108
2	2676	703
2	2677	905
2	2680	564
2	2681	436
2	2681	576
2	2682	119
2	2684	674
2	2685	631
2	2686	346
2	2686	961
2	2687	231
2	2687	638
2	2687	772
2	2688	737
2	2690	358
2	2691	170
2	2691	329
2	2691	466
2	2691	569
2	2692	662
2	2693	172
2	2693	609
2	2693	676
2	2694	283
2	2694	950
2	2695	156
2	2695	835
2	2696	341
2	2696	653
2	2697	247
2	2697	685
2	2700	322
2	2701	560
2	2703	763
2	2703	857
2	2704	279
2	2704	683
2	2705	141
2	2706	394
2	2706	522
2	2707	232
2	2707	296
2	2710	117
2	2711	422
2	2712	914
2	2712	985
2	2713	888
2	2714	336
2	2715	12
2	2715	523
2	2717	402
2	2718	161
2	2718	470
2	2718	771
2	2720	593
2	2720	628
2	2720	794
2	2721	44
2	2721	415
2	2722	846
2	2723	121
2	2723	540
2	2723	817
2	2724	910
2	2726	139
2	2728	59
2	2728	677
2	2729	525
2	2731	384
2	2731	766
2	2733	340
2	2734	324
2	2734	505
2	2734	612
2	2734	669
2	2735	1000
2	2736	746
2	2736	942
2	2738	814
2	2739	774
2	2740	399
2	2740	434
2	2740	973
2	2741	538
2	2741	626
2	2742	559
2	2742	874
2	2743	517
2	2743	887
2	2744	312
2	2745	230
2	2745	760
2	2746	542
2	2748	872
2	2748	947
2	2750	127
2	2750	448
2	2752	744
2	2754	933
2	2755	282
2	2756	474
2	2757	472
2	2759	968
2	2764	363
2	2764	544
2	2767	171
2	2767	809
2	2769	845
2	2770	57
2	2770	642
2	2771	682
2	2775	684
2	2775	815
2	2778	240
2	2778	509
2	2778	826
2	2779	153
2	2779	578
2	2781	181
2	2783	67
2	2784	323
2	2785	694
2	2785	996
2	2786	75
2	2786	606
2	2789	767
2	2790	55
2	2790	716
2	2791	213
2	2792	270
2	2792	843
2	2793	11
2	2793	269
2	2793	948
2	2794	520
2	2797	978
2	2798	45
2	2798	52
2	2798	106
2	2799	264
2	2801	594
2	2802	268
2	2803	51
2	2803	610
2	2803	790
2	2804	148
2	2805	267
2	2805	290
2	2806	823
2	2807	276
2	2807	354
2	2808	169
2	2808	271
2	2809	922
2	2810	355
2	2811	78
2	2812	77
2	2813	568
2	2814	817
2	2815	58
2	2817	76
2	2819	391
2	2820	637
2	2821	7
2	2823	400
2	2823	743
2	2825	458
2	2826	143
2	2828	595
2	2831	138
2	2831	149
2	2831	630
2	2833	122
2	2833	747
2	2834	608
2	2834	763
2	2836	172
2	2837	418
2	2838	128
2	2839	145
2	2839	599
2	2839	619
2	2840	163
2	2840	445
2	2841	993
2	2842	189
2	2842	289
2	2842	611
2	2842	752
2	2842	925
2	2844	438
2	2846	47
2	2846	61
2	2847	86
2	2847	132
2	2847	310
2	2847	761
2	2848	386
2	2848	711
2	2848	832
2	2850	858
2	2851	365
2	2851	487
2	2852	196
2	2853	216
2	2853	315
2	2853	439
2	2853	601
2	2853	674
2	2853	938
2	2853	959
2	2854	49
2	2854	160
2	2855	152
2	2855	347
2	2855	912
2	2856	117
2	2856	326
2	2856	868
2	2857	10
2	2857	352
2	2858	843
2	2859	495
2	2859	564
2	2859	655
2	2860	587
2	2861	275
2	2861	917
2	2862	41
2	2862	176
2	2862	680
2	2862	732
2	2862	742
2	2863	63
2	2863	556
2	2864	359
2	2864	647
2	2864	713
2	2865	201
2	2866	16
2	2866	108
2	2869	156
2	2869	277
2	2870	482
2	2870	869
2	2870	916
2	2871	162
2	2871	403
2	2872	121
2	2873	204
2	2873	855
2	2873	972
2	2874	412
2	2874	584
2	2875	184
2	2876	374
2	2876	998
2	2877	551
2	2878	586
2	2878	787
2	2880	229
2	2880	329
2	2881	95
2	2881	173
2	2881	462
2	2882	24
2	2883	823
2	2885	302
2	2885	334
2	2886	456
2	2887	863
2	2889	463
2	2889	675
2	2889	988
2	2890	506
2	2890	572
2	2891	238
2	2891	471
2	2893	908
2	2894	764
2	2895	405
2	2896	950
2	2898	712
2	2899	404
2	2901	167
2	2904	88
2	2904	211
2	2904	454
2	2904	993
2	2905	537
2	2907	29
2	2907	198
2	2907	244
2	2907	612
2	2909	644
2	2909	920
2	2910	312
2	2910	371
2	2910	464
2	2911	525
2	2911	539
2	2912	82
2	2912	133
2	2912	960
2	2913	242
2	2913	507
2	2914	116
2	2914	906
2	2915	510
2	2916	157
2	2916	505
2	2916	696
2	2917	722
2	2921	356
2	2921	622
2	2922	426
2	2923	4
2	2925	448
2	2925	604
2	2926	385
2	2928	109
2	2929	634
2	2929	710
2	2930	664
2	2931	408
2	2931	588
2	2932	419
2	2936	583
2	2937	950
2	2939	420
2	2939	865
2	2940	394
2	2941	8
2	2941	34
2	2941	541
2	2942	829
2	2943	451
2	2943	943
2	2944	200
2	2945	177
2	2945	749
2	2945	766
2	2946	328
2	2946	614
2	2946	671
2	2946	737
2	2947	925
2	2948	282
2	2948	313
2	2949	13
2	2949	280
2	2949	765
2	2951	389
2	2952	581
2	2953	450
2	2954	9
2	2954	466
2	2954	790
2	2955	676
2	2955	793
2	2957	497
2	2957	870
2	2958	207
2	2960	729
2	2961	966
2	2962	447
2	2962	557
2	2962	721
2	2962	908
2	2963	277
2	2963	283
2	2964	442
2	2966	53
2	2968	101
2	2971	60
2	2971	958
2	2972	295
2	2973	23
2	2973	432
2	2973	668
2	2975	703
2	2976	498
2	2978	92
2	2980	791
2	2981	35
2	2983	934
2	2984	514
2	2984	637
2	2984	672
2	2985	792
2	2986	281
2	2987	226
2	2987	285
2	2990	115
2	2990	768
2	2991	679
2	2992	158
2	2992	360
2	2993	225
2	2993	305
2	2993	524
2	2994	354
2	2995	575
2	2996	339
2	2996	348
2	2996	453
2	2999	577
2	2999	652
2	3000	409
2	3001	547
2	3001	648
2	3002	294
2	3002	410
2	3004	970
2	3005	591
2	3006	50
2	3006	670
2	3007	704
2	3010	383
2	3010	720
2	3011	783
2	3012	119
2	3013	332
2	3014	292
2	3014	733
2	3017	418
2	3017	674
2	3017	760
2	3019	217
2	3020	647
2	3020	773
2	3025	384
2	3028	723
2	3028	759
2	3028	811
2	3029	561
2	3030	571
2	3030	572
2	3030	714
2	3031	584
2	3033	370
2	3033	734
2	3036	175
2	3036	307
2	3036	359
2	3036	872
2	3038	608
2	3038	890
2	3039	155
2	3039	692
2	3040	626
2	3040	675
2	3042	284
2	3042	884
2	3043	220
2	3043	287
2	3043	309
2	3044	445
2	3045	103
2	3045	969
2	3046	474
2	3046	522
2	3048	81
2	3049	165
2	3049	261
2	3049	511
2	3050	649
2	3050	886
2	3051	934
2	3051	980
2	3052	211
2	3052	315
2	3052	717
2	3053	526
2	3054	492
2	3057	636
2	3057	936
2	3058	615
2	3060	713
2	3061	491
2	3061	863
2	3062	321
2	3064	49
2	3064	638
2	3066	56
2	3066	149
2	3066	846
2	3066	910
2	3067	84
2	3069	271
2	3069	741
2	3071	751
2	3072	909
2	3074	590
2	3076	415
2	3080	147
2	3081	118
2	3086	28
2	3087	358
2	3087	462
2	3087	588
2	3087	794
2	3088	97
2	3089	221
2	3089	455
2	3090	835
2	3091	451
2	3091	756
2	3091	914
2	3092	671
2	3093	780
2	3094	609
2	3094	719
2	3095	69
2	3095	623
2	3099	129
2	3099	482
2	3099	940
2	3100	538
2	3100	629
2	3101	960
2	3102	152
2	3105	130
2	3106	134
2	3106	416
2	3106	725
2	3106	728
2	3107	589
2	3107	944
2	3109	256
2	3109	349
2	3109	620
2	3110	324
2	3111	691
2	3111	739
2	3112	377
2	3113	570
2	3113	640
2	3116	139
2	3116	586
2	3116	711
2	3117	325
2	3119	481
2	3120	363
2	3120	513
2	3123	1
2	3125	228
2	3125	694
2	3126	401
2	3126	732
2	3128	490
2	3129	112
2	3129	963
2	3134	89
2	3135	177
2	3136	703
2	3136	833
2	3138	286
2	3138	508
2	3138	744
2	3142	824
2	3144	661
2	3145	45
2	3145	140
2	3147	487
2	3148	453
2	3148	624
2	3149	341
2	3149	641
2	3152	701
2	3153	100
2	3153	202
2	3153	952
2	3154	924
2	3155	88
2	3156	883
2	3157	391
2	3159	14
2	3159	322
2	3159	346
2	3159	518
2	3161	364
2	3162	613
2	3169	700
2	3170	353
2	3171	50
2	3171	475
2	3171	542
2	3173	447
2	3173	648
2	3173	675
2	3176	174
2	3176	580
2	3176	598
2	3177	420
2	3178	509
2	3179	157
2	3179	841
2	3180	163
2	3180	210
2	3180	673
2	3180	685
2	3181	279
2	3181	537
2	3182	754
2	3183	340
2	3183	614
2	3183	1000
2	3184	150
2	3184	571
2	3184	758
2	3184	916
2	3185	561
2	3185	653
2	3185	926
2	3186	316
2	3187	406
2	3187	410
2	3188	212
2	3188	440
2	3189	595
2	3190	65
2	3190	75
2	3190	783
2	3191	621
2	3192	176
2	3192	189
2	3192	436
2	3192	825
2	3193	473
2	3193	679
2	3194	994
2	3196	418
2	3196	457
2	3196	515
2	3196	903
2	3199	750
2	3200	233
2	3202	572
2	3203	38
2	3203	125
2	3204	604
2	3208	57
2	3208	259
2	3208	435
2	3209	246
2	3210	25
2	3210	332
2	3210	567
2	3213	185
2	3213	262
2	3213	304
2	3215	618
2	3215	800
2	3216	385
2	3217	282
2	3217	290
2	3217	305
2	3217	788
2	3218	343
2	3221	428
2	3221	607
2	3223	318
2	3223	635
2	3223	983
2	3224	454
2	3225	419
2	3225	715
2	3227	23
2	3227	461
2	3227	660
2	3228	538
2	3229	541
2	3229	605
2	3229	714
2	3230	548
2	3233	972
2	3235	564
2	3236	762
2	3237	293
2	3238	627
2	3238	779
2	3239	396
2	3239	639
2	3240	199
2	3241	142
2	3243	882
2	3244	67
2	3244	763
2	3245	54
2	3245	277
2	3246	647
2	3248	311
2	3251	36
2	3251	224
2	3251	555
2	3252	61
2	3252	507
2	3253	128
2	3253	218
2	3253	680
2	3254	222
2	3255	204
2	3256	285
2	3256	984
2	3257	8
2	3257	720
2	3258	966
2	3260	438
2	3262	463
2	3263	744
2	3264	162
2	3264	760
2	3265	18
2	3265	765
2	3266	265
2	3266	416
2	3267	594
2	3267	638
2	3268	926
2	3269	102
2	3269	104
2	3269	467
2	3269	491
2	3269	676
2	3270	868
2	3270	956
2	3273	849
2	3274	544
2	3276	482
2	3276	804
2	3276	855
2	3278	123
2	3282	227
2	3282	451
2	3285	558
2	3286	72
2	3287	94
2	3288	151
2	3289	458
2	3289	943
2	3290	402
2	3291	309
2	3292	313
2	3292	579
2	3293	432
2	3293	631
2	3293	914
2	3294	793
2	3295	11
2	3295	20
2	3295	217
2	3296	792
2	3297	717
2	3298	121
2	3298	534
2	3299	583
2	3299	659
2	3299	791
2	3300	118
2	3300	230
2	3300	851
2	3301	109
2	3301	117
2	3301	599
2	3301	681
2	3304	884
2	3305	137
2	3305	611
2	3306	136
2	3306	692
2	3307	470
2	3307	521
2	3307	732
2	3308	229
2	3309	811
2	3310	382
2	3311	797
2	3313	163
2	3314	678
2	3316	9
2	3316	80
2	3317	614
2	3318	535
2	3318	663
2	3318	801
2	3321	258
2	3321	450
2	3321	924
2	3323	559
2	3324	155
2	3324	194
2	3324	827
2	3329	496
2	3330	940
2	3331	146
2	3332	124
2	3332	841
2	3334	286
2	3334	571
2	3335	375
2	3335	532
2	3337	533
2	3337	554
2	3337	620
2	3337	753
2	3338	303
2	3338	498
2	3338	639
2	3339	968
2	3340	965
2	3342	596
2	3342	934
2	3343	710
2	3343	942
2	3343	963
2	3344	443
2	3344	545
2	3346	87
2	3346	481
2	3347	45
2	3348	770
2	3351	152
2	3351	237
2	3351	363
2	3351	387
2	3352	13
2	3354	254
2	3355	622
2	3357	373
2	3357	403
2	3358	836
2	3358	882
2	3360	421
2	3360	819
2	3361	982
2	3362	226
2	3364	51
2	3364	400
2	3364	522
2	3365	595
2	3368	41
2	3368	483
2	3369	221
2	3370	550
2	3371	339
2	3371	412
2	3371	593
2	3372	569
2	3375	198
2	3375	314
2	3375	766
2	3381	837
2	3382	592
2	3383	40
2	3385	312
2	3386	224
2	3389	835
2	3390	434
2	3393	10
2	3393	156
2	3394	823
2	3395	726
2	3397	693
2	3398	324
2	3399	445
2	3400	325
2	3401	688
2	3401	795
2	3404	213
2	3404	376
2	3405	616
2	3405	875
2	3406	442
2	3406	513
2	3407	310
2	3407	851
2	3408	448
2	3409	497
2	3411	8
2	3411	168
2	3411	283
2	3411	975
2	3412	247
2	3412	690
2	3413	140
2	3413	191
2	3414	308
2	3415	220
2	3417	506
2	3417	744
2	3418	796
2	3418	814
2	3420	388
2	3420	996
2	3422	752
2	3425	352
2	3425	947
2	3426	153
2	3426	606
2	3426	958
2	3427	666
2	3429	211
2	3430	512
2	3431	125
2	3432	459
2	3434	299
2	3434	617
2	3436	272
2	3436	967
2	3437	646
2	3437	651
2	3437	729
2	3438	215
2	3441	591
2	3441	689
2	3441	700
2	3441	718
2	3444	107
2	3444	121
2	3444	671
2	3445	563
2	3445	953
2	3447	790
2	3448	573
2	3450	57
2	3451	360
2	3451	581
2	3451	745
2	3452	566
2	3453	526
2	3453	719
2	3454	249
2	3454	364
2	3455	7
2	3455	584
2	3456	129
2	3456	898
2	3457	2
2	3457	473
2	3460	746
2	3462	873
2	3463	697
2	3464	471
2	3465	99
2	3467	515
2	3468	897
2	3469	722
2	3469	840
2	3470	346
2	3472	134
2	3473	334
2	3473	984
2	3476	250
2	3476	350
2	3476	431
2	3476	623
2	3477	72
2	3477	194
2	3478	127
2	3478	142
2	3478	241
2	3478	413
2	3478	793
2	3480	50
2	3480	243
2	3481	641
2	3482	768
2	3485	676
2	3485	814
2	3486	179
2	3486	647
2	3487	93
2	3487	900
2	3488	391
2	3488	482
2	3488	528
2	3489	610
2	3489	614
2	3489	665
2	3489	807
2	3490	416
2	3490	778
2	3491	58
2	3491	760
2	3492	76
2	3492	89
2	3492	155
2	3492	702
2	3494	683
2	3495	320
2	3496	148
2	3496	955
2	3497	256
2	3497	567
2	3497	652
2	3498	695
2	3500	67
2	3500	157
2	3501	864
2	3502	233
2	3502	772
2	3504	517
2	3505	145
2	3505	333
2	3505	477
2	3507	638
2	3508	593
2	3510	991
2	3511	931
2	3511	986
2	3512	993
2	3513	109
2	3513	645
2	3514	485
2	3515	903
2	3516	313
2	3517	14
2	3518	262
2	3518	440
2	3522	524
2	3523	120
2	3527	735
2	3529	481
2	3530	470
2	3531	111
2	3533	322
2	3533	344
2	3534	406
2	3534	535
2	3535	222
2	3535	699
2	3536	253
2	3537	197
2	3537	883
2	3539	32
2	3539	407
2	3539	920
2	3540	777
2	3544	781
2	3544	788
2	3546	435
2	3547	198
2	3549	186
2	3549	603
2	3550	147
2	3550	228
2	3550	708
2	3552	75
2	3553	519
2	3555	20
2	3555	547
2	3555	971
2	3556	317
2	3557	607
2	3557	727
2	3558	821
2	3559	480
2	3559	551
2	3560	411
2	3560	626
2	3561	39
2	3561	686
2	3562	96
2	3562	236
2	3562	798
2	3564	182
2	3564	242
2	3565	200
2	3565	298
2	3565	491
2	3566	314
2	3566	557
2	3567	218
2	3567	624
2	3567	758
2	3567	963
2	3568	124
2	3568	783
2	3568	820
2	3569	247
2	3569	677
2	3572	191
2	3572	559
2	3572	703
2	3574	337
2	3574	353
2	3574	685
2	3575	426
2	3576	306
2	3576	328
2	3578	331
2	3579	461
2	3579	495
2	3579	805
2	3579	824
2	3580	55
2	3583	611
2	3583	680
2	3583	919
2	3585	94
2	3587	971
2	3588	401
2	3591	57
2	3591	68
2	3591	128
2	3592	190
2	3593	49
2	3595	443
2	3596	156
2	3596	416
2	3598	785
2	3600	305
2	3601	937
2	3603	726
2	3604	810
2	3604	830
2	3604	896
2	3606	35
2	3608	575
2	3609	852
2	3611	152
2	3611	550
2	3611	961
2	3612	476
2	3612	600
2	3613	217
2	3613	276
2	3615	537
2	3616	349
2	3620	219
2	3620	360
2	3621	801
2	3621	885
2	3625	808
2	3627	728
2	3628	414
2	3629	488
2	3630	529
2	3631	402
2	3632	311
2	3634	164
2	3634	376
2	3634	913
2	3635	215
2	3636	901
2	3637	101
2	3637	787
2	3638	520
2	3639	175
2	3639	527
2	3639	757
2	3642	358
2	3642	987
2	3644	133
2	3644	560
2	3646	285
2	3646	363
2	3646	822
2	3648	225
2	3648	278
2	3649	188
2	3649	454
2	3651	573
2	3651	688
2	3652	466
2	3653	308
2	3653	646
2	3653	922
2	3654	725
2	3654	738
2	3654	755
2	3655	539
2	3657	445
2	3657	580
2	3658	399
2	3658	694
2	3659	386
2	3659	485
2	3659	983
2	3661	204
2	3662	169
2	3662	718
2	3664	767
2	3665	61
2	3665	691
2	3666	650
2	3666	659
2	3667	330
2	3667	362
2	3667	542
2	3667	640
2	3668	137
2	3669	396
2	3670	394
2	3672	76
2	3672	494
2	3673	499
2	3674	548
2	3675	727
2	3678	771
2	3680	833
2	3682	531
2	3683	95
2	3684	15
2	3685	700
2	3686	127
2	3691	378
2	3691	541
2	3692	525
2	3693	355
2	3693	832
2	3694	566
2	3695	437
2	3698	478
2	3700	255
2	3701	608
2	3704	784
2	3704	797
2	3705	90
2	3707	752
2	3709	794
2	3709	808
2	3710	343
2	3711	196
2	3712	252
2	3712	568
2	3713	108
2	3713	184
2	3713	604
2	3715	390
2	3715	598
2	3716	888
2	3717	979
2	3719	142
2	3719	295
2	3720	460
2	3720	773
2	3722	171
2	3723	384
2	3723	621
2	3723	706
2	3723	986
2	3724	93
2	3724	971
2	3726	817
2	3726	830
2	3727	910
2	3728	39
2	3729	926
2	3729	961
2	3730	954
2	3732	36
2	3734	579
2	3734	642
2	3736	97
2	3739	681
2	3741	500
2	3741	648
2	3741	673
2	3742	276
2	3744	38
2	3745	241
2	3746	166
2	3746	835
2	3747	838
2	3748	345
2	3749	118
2	3750	94
2	3750	293
2	3751	375
2	3752	857
2	3754	956
2	3755	382
2	3755	839
2	3756	116
2	3756	564
2	3757	743
2	3758	703
2	3758	859
2	3759	86
2	3761	480
2	3761	722
2	3762	680
2	3762	840
2	3763	114
2	3763	671
2	3764	328
2	3765	824
2	3767	299
2	3770	217
2	3771	489
2	3773	194
2	3774	274
2	3774	553
2	3775	524
2	3777	85
2	3777	289
2	3777	761
2	3778	766
2	3778	922
2	3779	172
2	3781	305
2	3781	528
2	3781	682
2	3782	175
2	3782	192
2	3783	617
2	3783	660
2	3785	446
2	3785	652
2	3786	862
2	3786	974
2	3787	279
2	3787	701
2	3788	122
2	3788	894
2	3790	403
2	3792	534
2	3793	429
2	3793	933
2	3795	247
2	3796	306
2	3798	881
2	3799	545
2	3801	956
2	3802	223
2	3802	433
2	3802	909
2	3803	473
2	3803	590
2	3805	518
2	3807	529
2	3807	542
2	3807	562
2	3807	756
2	3807	772
2	3808	645
2	3808	646
2	3808	912
2	3810	206
2	3810	624
2	3810	705
2	3812	109
2	3813	232
2	3813	516
2	3813	604
2	3814	728
2	3815	210
2	3816	239
2	3818	413
2	3818	744
2	3819	167
2	3819	397
2	3822	65
2	3823	374
2	3824	547
2	3824	775
2	3825	227
2	3826	213
2	3826	312
2	3826	981
2	3827	986
2	3830	469
2	3831	33
2	3833	174
2	3835	694
2	3835	929
2	3837	5
2	3837	431
2	3837	696
2	3838	423
2	3838	491
2	3839	578
2	3840	129
2	3840	291
2	3841	888
2	3842	389
2	3843	532
2	3843	699
2	3845	763
2	3845	975
2	3847	51
2	3851	638
2	3852	394
2	3853	288
2	3853	348
2	3854	404
2	3855	222
2	3856	18
2	3857	896
2	3859	44
2	3859	325
2	3859	874
2	3862	316
2	3863	79
2	3864	143
2	3864	456
2	3866	778
2	3867	207
2	3867	669
2	3867	754
2	3868	136
2	3870	151
2	3871	734
2	3874	525
2	3875	643
2	3876	332
2	3876	462
2	3877	492
2	3878	39
2	3878	548
2	3881	715
2	3883	257
2	3883	713
2	3884	398
2	3884	557
2	3884	695
2	3884	844
2	3886	386
2	3887	441
2	3888	493
2	3889	259
2	3889	447
2	3889	748
2	3890	165
2	3891	245
2	3893	42
2	3894	476
2	3894	574
2	3894	607
2	3894	618
2	3895	790
2	3896	636
2	3897	80
2	3898	226
2	3898	426
2	3900	422
2	3901	14
2	3901	575
2	3901	956
2	3902	663
2	3902	741
2	3904	99
2	3904	218
2	3904	303
2	3904	613
2	3904	661
2	3907	461
2	3907	758
2	3908	427
2	3909	905
2	3910	141
2	3911	160
2	3911	238
2	3911	465
2	3912	507
2	3912	700
2	3913	631
2	3913	885
2	3916	62
2	3916	134
2	3916	358
2	3916	502
2	3916	697
2	3917	13
2	3919	349
2	3920	911
2	3922	71
2	3922	729
2	3924	19
2	3924	203
2	3924	300
2	3925	498
2	3927	169
2	3928	180
2	3929	659
2	3930	777
2	3932	340
2	3933	83
2	3933	641
2	3935	198
2	3936	499
2	3937	356
2	3938	95
2	3938	973
2	3939	123
2	3939	414
2	3939	913
2	3940	571
2	3940	745
2	3940	892
2	3941	15
2	3942	7
2	3942	732
2	3942	886
2	3944	339
2	3945	20
2	3945	366
2	3945	464
2	3945	983
2	3946	552
2	3946	703
2	3947	319
2	3947	893
2	3947	959
2	3948	482
2	3948	698
2	3949	600
2	3950	172
2	3950	791
2	3951	967
2	3953	714
2	3953	765
2	3954	110
2	3954	797
2	3955	56
2	3956	230
2	3956	421
2	3956	472
2	3956	479
2	3956	561
2	3956	894
2	3957	173
2	3957	296
2	3957	747
2	3957	794
2	3958	108
2	3958	889
2	3959	633
2	3959	769
2	3960	343
2	3961	282
2	3961	327
2	3961	553
2	3962	292
2	3963	430
2	3964	258
2	3964	453
2	3964	544
2	3965	602
2	3965	655
2	3966	318
2	3966	931
2	3967	323
2	3968	545
2	3969	190
2	3970	9
2	3971	711
2	3972	380
2	3974	215
2	3975	2
2	3976	121
2	3976	597
2	3977	208
2	3978	30
2	3979	367
2	3979	389
2	3979	474
2	3979	494
2	3981	268
2	3981	286
2	3981	341
2	3982	102
2	3982	152
2	3983	759
2	3983	815
2	3984	627
2	3985	615
2	3986	89
2	3986	564
2	3987	250
2	3987	738
2	3988	566
2	3988	684
2	3989	237
2	3992	60
2	3993	428
2	3993	467
2	3993	652
2	3994	29
2	3994	149
2	3994	193
2	3994	291
2	3995	63
2	3995	379
2	3995	457
2	3996	184
2	3996	475
2	3999	449
2	3999	594
2	3999	785
2	3999	945
2	4000	48
2	4000	586
2	4001	24
2	4001	876
2	4002	21
2	4002	521
2	4003	52
2	4003	724
2	4004	926
2	4005	133
2	4005	248
2	4005	446
2	4006	126
2	4006	839
2	4007	82
2	4007	827
2	4007	933
2	4007	969
2	4010	679
2	4010	904
2	4010	907
2	4010	994
2	4011	437
2	4011	620
2	4012	213
2	4012	216
2	4014	395
2	4015	284
2	4016	27
2	4016	94
2	4016	793
2	4017	775
2	4018	1
2	4018	811
2	4020	46
2	4021	468
2	4022	331
2	4023	116
2	4024	192
2	4024	964
2	4025	547
2	4025	596
2	4026	976
2	4027	415
2	4028	704
2	4029	17
2	4029	164
2	4029	643
2	4029	751
2	4031	224
2	4035	106
2	4035	717
2	4036	16
2	4036	165
2	4038	412
2	4038	923
2	4041	111
2	4041	388
2	4045	159
2	4046	538
2	4046	570
2	4048	447
2	4049	980
2	4050	385
2	4050	458
2	4051	946
2	4052	509
2	4053	483
2	4054	91
2	4055	253
2	4055	924
2	4058	562
2	4058	818
2	4059	309
2	4061	92
2	4063	554
2	4064	211
2	4067	130
2	4067	396
2	4069	37
2	4070	565
2	4071	322
2	4071	405
2	4071	557
2	4073	391
2	4073	675
2	4074	138
2	4074	577
2	4075	124
2	4075	694
2	4076	846
2	4079	614
2	4079	705
2	4079	833
2	4082	549
2	4082	670
2	4084	989
2	4089	418
2	4090	310
2	4090	401
2	4090	778
2	4091	371
2	4091	613
2	4092	281
2	4095	70
2	4095	306
2	4095	725
2	4096	109
2	4096	348
2	4096	922
2	4097	969
2	4098	217
2	4098	355
2	4098	691
2	4098	707
2	4098	763
2	4099	179
2	4099	382
2	4099	448
2	4100	278
2	4100	520
2	4100	649
2	4102	197
2	4102	426
2	4102	585
2	4103	657
2	4104	528
2	4104	599
2	4104	901
2	4105	552
2	4106	510
2	4107	617
2	4107	830
2	4108	359
2	4108	872
2	4109	188
2	4109	264
2	4109	352
2	4110	178
2	4110	228
2	4110	902
2	4111	563
2	4113	305
2	4113	484
2	4113	546
2	4114	413
2	4114	551
2	4115	489
2	4115	782
2	4115	931
2	4116	450
2	4116	858
2	4117	201
2	4118	722
2	4118	768
2	4119	222
2	4120	234
2	4122	212
2	4122	403
2	4123	293
2	4123	466
2	4123	544
2	4124	156
2	4124	626
2	4124	794
2	4125	545
2	4125	692
2	4125	732
2	4126	163
2	4126	340
2	4126	422
2	4128	139
2	4130	206
2	4130	330
2	4130	560
2	4131	350
2	4131	897
2	4132	490
2	4133	303
2	4133	703
2	4134	464
2	4135	49
2	4135	804
2	4136	288
2	4138	363
2	4139	299
2	4140	559
2	4141	112
2	4141	482
2	4141	856
2	4142	63
2	4142	100
2	4142	210
2	4143	220
2	4143	423
2	4144	445
2	4146	688
2	4146	972
2	4147	53
2	4147	421
2	4147	601
2	4148	60
2	4148	411
2	4148	852
2	4148	949
2	4149	292
2	4149	781
2	4150	213
2	4151	491
2	4153	57
2	4153	230
2	4154	416
2	4154	648
2	4155	126
2	4155	183
2	4155	870
2	4156	325
2	4156	369
2	4157	854
2	4158	123
2	4158	631
2	4159	271
2	4159	924
2	4159	954
2	4160	736
2	4161	275
2	4162	660
2	4163	606
2	4164	567
2	4166	242
2	4166	775
2	4167	702
2	4167	740
2	4168	79
2	4168	269
2	4168	295
2	4168	900
2	4170	11
2	4172	86
2	4173	733
2	4174	184
2	4174	374
2	4175	171
2	4176	383
2	4177	273
2	4177	441
2	4178	409
2	4178	590
2	4178	681
2	4180	117
2	4180	453
2	4180	776
2	4181	22
2	4181	966
2	4182	797
2	4183	90
2	4183	384
2	4183	386
2	4185	215
2	4187	461
2	4188	225
2	4188	500
2	4189	655
2	4190	983
2	4193	755
2	4194	121
2	4194	989
2	4195	881
2	4196	338
2	4196	438
2	4197	240
2	4198	799
2	4198	830
2	4199	512
2	4200	378
2	4202	462
2	4204	642
2	4205	333
2	4206	61
2	4207	634
2	4207	677
2	4209	127
2	4210	294
2	4212	320
2	4212	693
2	4213	113
2	4213	759
2	4214	623
2	4215	114
2	4215	705
2	4216	381
2	4216	473
2	4217	362
2	4217	638
2	4218	402
2	4218	684
2	4218	757
2	4219	261
2	4219	365
2	4219	739
2	4220	315
2	4221	194
2	4221	274
2	4221	612
2	4221	910
2	4223	87
2	4223	532
2	4223	671
2	4223	753
2	4224	708
2	4225	414
2	4225	475
2	4225	990
2	4226	346
2	4226	923
2	4226	947
2	4227	503
2	4227	750
2	4227	928
2	4228	75
2	4229	668
2	4233	581
2	4234	727
2	4235	835
2	4236	811
2	4237	17
2	4237	786
2	4238	531
2	4239	347
2	4240	508
2	4240	605
2	4240	842
2	4241	467
2	4242	883
2	4243	10
2	4243	42
2	4243	382
2	4246	452
2	4246	779
2	4247	744
2	4250	336
2	4251	196
2	4253	305
2	4253	672
2	4254	37
2	4255	754
2	4259	24
2	4259	869
2	4260	953
2	4261	372
2	4262	210
2	4263	607
2	4263	698
2	4263	764
2	4264	209
2	4265	65
2	4265	661
2	4266	385
2	4268	68
2	4269	594
2	4270	234
2	4270	798
2	4272	314
2	4272	505
2	4274	983
2	4275	619
2	4275	980
2	4276	425
2	4276	494
2	4277	20
2	4277	66
2	4278	324
2	4279	312
2	4280	39
2	4281	164
2	4282	403
2	4284	697
2	4286	102
2	4287	373
2	4287	396
2	4287	683
2	4287	747
2	4289	181
2	4290	699
2	4290	787
2	4291	235
2	4291	246
2	4291	468
2	4291	881
2	4292	321
2	4293	105
2	4293	477
2	4293	557
2	4294	214
2	4294	272
2	4294	977
2	4295	394
2	4296	183
2	4296	388
2	4297	265
2	4297	292
2	4298	486
2	4298	981
2	4300	211
2	4300	335
2	4300	499
2	4300	836
2	4301	450
2	4302	29
2	4303	426
2	4303	803
2	4304	215
2	4304	348
2	4305	377
2	4306	243
2	4307	231
2	4309	669
2	4312	311
2	4315	81
2	4315	277
2	4316	854
2	4317	250
2	4318	119
2	4318	151
2	4324	660
2	4325	738
2	4327	216
2	4328	192
2	4329	80
2	4329	357
2	4329	361
2	4332	571
2	4333	28
2	4333	507
2	4335	8
2	4335	256
2	4335	583
2	4335	612
2	4335	777
2	4335	840
2	4336	488
2	4337	133
2	4338	639
2	4339	387
2	4339	523
2	4339	599
2	4341	135
2	4341	543
2	4342	30
2	4342	734
2	4342	977
2	4343	85
2	4343	635
2	4343	695
2	4344	110
2	4345	405
2	4345	476
2	4345	772
2	4346	566
2	4346	664
2	4347	120
2	4347	793
2	4348	712
2	4349	418
2	4352	368
2	4352	371
2	4353	77
2	4353	93
2	4353	961
2	4353	990
2	4354	791
2	4355	275
2	4356	287
2	4358	366
2	4359	184
2	4361	57
2	4361	895
2	4362	185
2	4362	545
2	4363	284
2	4363	338
2	4363	562
2	4363	774
2	4363	946
2	4366	63
2	4367	656
2	4369	420
2	4369	509
2	4370	353
2	4371	467
2	4372	860
2	4373	264
2	4374	212
2	4374	504
2	4375	17
2	4375	430
2	4376	55
2	4377	410
2	4377	533
2	4378	958
2	4379	472
2	4380	642
2	4382	330
2	4382	491
2	4383	14
2	4383	902
2	4384	159
2	4385	581
2	4386	587
2	4387	241
2	4387	716
2	4388	838
2	4390	245
2	4390	541
2	4391	722
2	4392	813
2	4394	97
2	4395	84
2	4395	384
2	4395	646
2	4397	109
2	4398	140
2	4398	424
2	4399	91
2	4400	436
2	4401	532
2	4401	758
2	4403	668
2	4404	320
2	4405	345
2	4405	558
2	4406	681
2	4407	481
2	4407	733
2	4408	768
2	4409	310
2	4410	582
2	4413	337
2	4413	568
2	4414	586
2	4415	471
2	4415	919
2	4416	83
2	4416	808
2	4417	991
2	4418	76
2	4418	397
2	4418	536
2	4420	341
2	4421	954
2	4422	27
2	4422	829
2	4424	629
2	4424	706
2	4425	318
2	4425	692
2	4425	710
2	4427	714
2	4428	802
2	4429	45
2	4429	804
2	4430	376
2	4430	653
2	4431	301
2	4431	352
2	4432	227
2	4432	836
2	4432	945
2	4433	177
2	4434	604
2	4434	671
2	4437	351
2	4439	369
2	4440	469
2	4441	654
2	4442	112
2	4442	382
2	4443	689
2	4445	740
2	4446	283
2	4447	617
2	4448	724
2	4449	86
2	4449	203
2	4449	354
2	4450	282
2	4451	557
2	4451	974
2	4452	431
2	4452	468
2	4453	214
2	4454	218
2	4454	350
2	4455	515
2	4455	556
2	4456	266
2	4456	359
2	4456	478
2	4456	667
2	4457	313
2	4457	613
2	4458	527
2	4459	372
2	4459	861
2	4461	234
2	4461	501
2	4461	529
2	4461	615
2	4462	286
2	4462	516
2	4462	756
2	4462	978
2	4463	477
2	4465	4
2	4465	33
2	4465	611
2	4466	249
2	4467	824
2	4468	71
2	4468	348
2	4468	797
2	4469	896
2	4469	910
2	4470	210
2	4470	347
2	4471	279
2	4471	857
2	4471	881
2	4471	906
2	4472	355
2	4473	489
2	4474	572
2	4475	206
2	4475	413
2	4477	334
2	4478	776
2	4481	868
2	4482	179
2	4482	217
2	4486	92
2	4486	422
2	4487	406
2	4489	878
2	4490	908
2	4491	215
2	4491	498
2	4492	37
2	4492	115
2	4492	186
2	4492	220
2	4494	335
2	4495	68
2	4495	514
2	4496	61
2	4496	521
2	4497	15
2	4498	170
2	4498	173
2	4501	798
2	4502	645
2	4503	6
2	4503	522
2	4503	791
2	4504	51
2	4505	619
2	4505	792
2	4506	314
2	4507	437
2	4510	602
2	4510	799
2	4512	87
2	4514	721
2	4514	820
2	4514	900
2	4516	524
2	4517	535
2	4518	155
2	4518	632
2	4518	655
2	4518	742
2	4519	202
2	4522	25
2	4522	731
2	4522	895
2	4523	349
2	4523	972
2	4526	251
2	4526	346
2	4526	658
2	4528	493
2	4529	69
2	4529	88
2	4531	327
2	4531	452
2	4532	230
2	4533	363
2	4533	485
2	4533	991
2	4534	114
2	4534	595
2	4534	661
2	4537	360
2	4538	583
2	4539	26
2	4539	425
2	4539	967
2	4540	540
2	4541	357
2	4541	631
2	4542	735
2	4542	978
2	4543	370
2	4544	14
2	4544	54
2	4544	162
2	4546	29
2	4546	158
2	4546	779
2	4546	937
2	4547	1
2	4548	91
2	4548	649
2	4548	851
2	4548	863
2	4549	78
2	4550	242
2	4551	330
2	4551	391
2	4553	22
2	4553	113
2	4553	298
2	4553	675
2	4553	838
2	4554	119
2	4554	324
2	4554	461
2	4554	763
2	4555	755
2	4556	454
2	4556	698
2	4556	751
2	4557	189
2	4557	543
2	4558	789
2	4560	139
2	4560	237
2	4560	773
2	4561	160
2	4561	579
2	4561	695
2	4562	610
2	4565	691
2	4566	550
2	4566	964
2	4567	449
2	4567	669
2	4568	63
2	4569	300
2	4571	441
2	4571	508
2	4574	85
2	4576	194
2	4578	31
2	4579	769
2	4580	56
2	4584	597
2	4587	477
2	4588	120
2	4589	777
2	4590	116
2	4590	881
2	4591	351
2	4591	453
2	4592	857
2	4593	435
2	4593	699
2	4593	775
2	4594	233
2	4594	260
2	4595	395
2	4595	468
2	4595	897
2	4596	596
2	4596	986
2	4597	214
2	4597	254
2	4597	389
2	4597	979
2	4598	361
2	4599	146
2	4599	419
2	4600	156
2	4600	353
2	4600	749
2	4601	136
2	4602	438
2	4602	860
2	4605	213
2	4605	889
2	4606	549
2	4606	581
2	4608	60
2	4608	788
2	4609	256
2	4609	796
2	4609	829
2	4610	588
2	4610	772
2	4611	411
2	4611	509
2	4611	692
2	4612	445
2	4612	488
2	4612	589
2	4613	105
2	4613	451
2	4613	647
2	4614	159
2	4614	341
2	4615	141
2	4615	736
2	4617	30
2	4617	268
2	4618	258
2	4619	364
2	4619	457
2	4620	956
2	4621	390
2	4622	428
2	4624	216
2	4624	514
2	4625	530
2	4628	3
2	4628	121
2	4629	310
2	4630	774
2	4632	362
2	4633	577
2	4634	48
2	4634	143
2	4634	171
2	4634	459
2	4636	296
2	4636	498
2	4637	497
2	4638	186
2	4638	496
2	4638	928
2	4639	212
2	4639	400
2	4639	532
2	4640	155
2	4640	641
2	4641	427
2	4641	718
2	4642	154
2	4643	178
2	4644	96
2	4644	163
2	4644	590
2	4645	2
2	4645	760
2	4645	932
2	4646	255
2	4646	347
2	4646	780
2	4646	912
2	4647	781
2	4648	4
2	4649	883
2	4651	275
2	4651	521
2	4651	874
2	4652	909
2	4652	991
2	4653	227
2	4653	259
2	4653	966
2	4655	101
2	4656	713
2	4657	246
2	4657	715
2	4659	784
2	4663	142
2	4663	174
2	4663	270
2	4664	307
2	4664	506
2	4664	685
2	4667	867
2	4668	380
2	4668	709
2	4668	876
2	4668	989
2	4669	228
2	4672	371
2	4673	480
2	4673	627
2	4673	986
2	4675	958
2	4677	927
2	4678	513
2	4678	528
2	4679	264
2	4679	725
2	4680	564
2	4681	153
2	4681	733
2	4681	807
2	4682	211
2	4683	249
2	4683	544
2	4683	551
2	4684	407
2	4685	98
2	4686	384
2	4686	773
2	4687	76
2	4687	481
2	4688	462
2	4688	466
2	4689	28
2	4691	392
2	4691	580
2	4693	375
2	4693	565
2	4693	812
2	4694	77
2	4694	292
2	4695	40
2	4696	219
2	4696	247
2	4696	915
2	4697	504
2	4697	787
2	4697	971
2	4699	417
2	4699	968
2	4700	333
2	4700	592
2	4700	933
2	4702	89
2	4702	728
2	4703	271
2	4703	854
2	4705	689
2	4707	682
2	4708	205
2	4709	280
2	4709	972
2	4710	802
2	4711	502
2	4714	80
2	4714	475
2	4718	640
2	4718	698
2	4718	761
2	4719	162
2	4719	876
2	4722	274
2	4722	299
2	4724	828
2	4725	79
2	4725	115
2	4725	250
2	4725	825
2	4726	303
2	4727	739
2	4728	499
2	4728	879
2	4729	203
2	4730	657
2	4731	681
2	4732	695
2	4732	744
2	4732	769
2	4733	518
2	4733	746
2	4735	325
2	4735	328
2	4736	448
2	4737	454
2	4737	501
2	4738	37
2	4738	816
2	4739	12
2	4739	693
2	4740	200
2	4740	680
2	4740	777
2	4740	984
2	4742	449
2	4742	530
2	4743	164
2	4743	701
2	4744	624
2	4744	712
2	4744	798
2	4744	864
2	4744	971
2	4745	436
2	4746	107
2	4746	160
2	4746	291
2	4748	34
2	4748	129
2	4749	201
2	4749	892
2	4751	793
2	4752	837
2	4753	45
2	4753	377
2	4754	150
2	4755	976
2	4756	1
2	4756	998
2	4757	618
2	4758	539
2	4758	985
2	4760	710
2	4761	881
2	4762	263
2	4763	629
2	4763	945
2	4764	64
2	4764	608
2	4765	67
2	4766	461
2	4766	866
2	4768	509
2	4769	293
2	4770	206
2	4771	574
2	4772	22
2	4772	415
2	4772	722
2	4774	260
2	4774	661
2	4778	104
2	4778	571
2	4779	716
2	4780	112
2	4780	195
2	4780	636
2	4781	575
2	4783	148
2	4784	430
2	4784	453
2	4786	132
2	4786	298
2	4787	102
2	4787	204
2	4787	469
2	4789	827
2	4790	691
2	4790	717
2	4792	350
2	4793	349
2	4795	169
2	4795	662
2	4795	947
2	4795	967
2	4796	78
2	4797	527
2	4798	147
2	4798	598
2	4798	840
2	4798	934
2	4799	704
2	4799	868
2	4800	275
2	4800	435
2	4801	74
2	4802	57
2	4802	180
2	4805	445
2	4806	154
2	4806	338
2	4806	468
2	4807	367
2	4807	639
2	4808	285
2	4808	766
2	4809	734
2	4811	389
2	4813	97
2	4813	944
2	4814	678
2	4815	209
2	4816	688
2	4816	816
2	4817	765
2	4818	73
2	4819	310
2	4819	677
2	4821	442
2	4821	602
2	4826	273
2	4827	418
2	4827	566
2	4827	651
2	4828	443
2	4829	354
2	4829	370
2	4829	706
2	4830	69
2	4831	835
2	4832	808
2	4834	257
2	4835	305
2	4835	308
2	4836	447
2	4836	971
2	4837	35
2	4837	1000
2	4838	592
2	4839	464
2	4840	855
2	4842	776
2	4843	570
2	4844	792
2	4846	487
2	4846	882
2	4847	650
2	4848	130
2	4848	647
2	4848	806
2	4849	249
2	4849	621
2	4850	314
2	4850	955
2	4851	176
2	4851	633
2	4852	830
2	4853	120
2	4855	28
2	4855	536
2	4856	191
2	4856	833
2	4857	140
2	4857	325
2	4857	786
2	4859	106
2	4860	381
2	4861	98
2	4861	472
2	4863	694
2	4863	840
2	4864	230
2	4864	357
2	4865	234
2	4866	96
2	4867	9
2	4868	521
2	4868	591
2	4870	183
2	4870	956
2	4872	586
2	4873	745
2	4874	535
2	4875	361
2	4875	669
2	4877	151
2	4877	918
2	4878	522
2	4879	908
2	4880	87
2	4880	625
2	4882	116
2	4882	269
2	4882	426
2	4884	423
2	4884	646
2	4884	794
2	4885	7
2	4886	222
2	4888	217
2	4889	266
2	4889	299
2	4891	550
2	4891	653
2	4892	258
2	4893	533
2	4894	790
2	4896	136
2	4896	970
2	4897	484
2	4897	560
2	4898	471
2	4899	434
2	4899	507
2	4900	10
2	4901	82
2	4901	306
2	4901	927
2	4902	868
2	4904	369
2	4905	829
2	4906	262
2	4906	506
2	4906	532
2	4906	882
2	4907	185
2	4907	216
2	4907	231
2	4907	485
2	4908	145
2	4908	334
2	4908	511
2	4908	534
2	4909	104
2	4909	682
2	4909	844
2	4910	394
2	4911	220
2	4911	225
2	4913	252
2	4914	142
2	4914	237
2	4914	479
2	4915	438
2	4917	414
2	4917	494
2	4918	15
2	4918	292
2	4918	663
2	4919	836
2	4920	530
2	4922	178
2	4923	923
2	4925	229
2	4925	508
2	4925	757
2	4926	156
2	4926	425
2	4927	599
2	4928	455
2	4928	555
2	4929	70
2	4929	175
2	4929	444
2	4929	553
2	4931	251
2	4931	655
2	4931	973
2	4932	77
2	4932	162
2	4934	346
2	4934	573
2	4936	403
2	4937	42
2	4937	773
2	4938	541
2	4938	616
2	4939	60
2	4940	283
2	4940	700
2	4944	734
2	4944	755
2	4945	388
2	4947	100
2	4947	107
2	4947	390
2	4947	556
2	4948	94
2	4948	411
2	4948	593
2	4948	980
2	4949	61
2	4949	309
2	4949	465
2	4950	601
2	4951	20
2	4951	22
2	4951	193
2	4951	457
2	4951	772
2	4951	946
2	4953	363
2	4954	486
2	4955	115
2	4955	129
2	4955	416
2	4955	602
2	4956	148
2	4956	195
2	4956	402
2	4956	707
2	4957	64
2	4957	90
2	4957	753
2	4958	177
2	4958	609
2	4958	761
2	4958	902
2	4959	868
2	4960	168
2	4960	497
2	4960	890
2	4962	201
2	4962	440
2	4962	660
2	4964	13
2	4964	322
2	4964	348
2	4965	610
2	4965	723
2	4965	923
2	4966	289
2	4966	862
2	4967	460
2	4967	680
2	4969	221
2	4969	627
2	4970	197
2	4971	435
2	4971	725
2	4971	931
2	4972	109
2	4972	184
2	4972	834
2	4973	878
2	4975	373
2	4976	215
2	4976	250
2	4977	71
2	4977	746
2	4978	172
2	4979	585
2	4980	645
2	4980	779
2	4984	187
2	4984	711
2	4984	920
2	4984	934
2	4985	166
2	4985	429
2	4985	579
2	4986	3
2	4987	275
2	4987	788
2	4988	652
2	4989	75
2	4989	419
2	4989	975
2	4990	73
2	4990	431
2	4990	521
2	4991	735
2	4991	751
2	4992	239
2	4992	983
2	4994	352
2	4994	483
2	4994	528
2	4994	690
2	4994	796
2	4995	81
2	4995	312
2	4996	376
2	4997	5
2	4997	228
2	4997	913
2	4999	404
