2	-1	0
2	1	225
2	1	950
2	2	184
2	3	285
2	3	586
2	4	304
2	4	442
2	4	539
2	5	76
2	5	940
2	6	515
2	6	784
2	7	2
2	8	307
2	8	488
2	9	633
2	9	985
2	10	577
2	11	169
2	11	691
2	12	268
2	12	471
2	12	732
2	12	780
2	12	928
2	13	192
2	13	288
2	13	535
2	14	470
2	15	215
2	15	520
2	17	254
2	19	24
2	19	853
2	20	315
2	20	496
2	21	624
2	21	996
2	22	136
2	22	208
2	22	326
2	22	418
2	22	687
2	26	689
2	27	74
2	27	365
2	27	769
2	27	999
2	28	201
2	29	42
2	29	731
2	30	140
2	30	599
2	32	320
2	32	391
2	33	227
2	33	372
2	33	943
2	34	75
2	34	163
2	34	249
2	35	57
2	35	202
2	36	657
2	37	250
2	37	383
2	38	83
2	38	133
2	39	451
2	39	858
2	40	465
2	40	574
2	40	968
2	40	998
2	41	371
2	41	639
2	42	257
2	42	319
2	42	407
2	42	693
2	42	757
2	43	263
2	43	741
2	45	411
2	46	980
2	47	313
2	48	498
2	48	782
2	49	617
2	49	640
2	51	103
2	51	530
2	51	636
2	53	464
2	54	612
2	54	932
2	55	756
2	55	767
2	56	155
2	56	435
2	59	497
2	59	660
2	60	406
2	61	663
2	61	887
2	62	278
2	62	638
2	63	581
2	64	27
2	64	199
2	64	925
2	65	3
2	65	735
2	66	188
2	67	248
2	67	523
2	68	533
2	68	543
2	69	415
2	69	440
2	69	503
2	69	517
2	70	393
2	70	571
2	71	805
2	72	54
2	73	267
2	74	105
2	74	644
2	74	897
2	75	41
2	75	173
2	75	604
2	77	172
2	77	873
2	78	244
2	79	637
2	79	720
2	79	729
2	80	474
2	80	898
2	83	513
2	84	789
2	85	97
2	85	191
2	85	557
2	88	104
2	88	161
2	88	685
2	89	410
2	90	799
2	91	293
2	92	87
2	92	659
2	92	811
2	94	19
2	94	868
2	96	360
2	96	933
2	97	189
2	99	413
2	100	630
2	101	89
2	101	395
2	101	514
2	101	613
2	101	926
2	102	700
2	103	522
2	104	71
2	104	791
2	105	177
2	105	460
2	105	670
2	105	761
2	106	629
2	109	548
2	110	321
2	111	79
2	111	115
2	111	253
2	112	121
2	112	374
2	113	695
2	114	9
2	114	138
2	114	552
2	115	330
2	116	618
2	117	297
2	117	560
2	117	786
2	118	47
2	119	322
2	120	353
2	120	898
2	121	37
2	121	423
2	121	751
2	123	119
2	123	332
2	125	669
2	125	775
2	127	582
2	129	829
2	130	706
2	132	580
2	134	212
2	134	290
2	134	748
2	137	143
2	139	491
2	141	419
2	141	489
2	141	705
2	142	988
2	145	620
2	147	128
2	147	502
2	149	634
2	151	32
2	151	94
2	151	130
2	153	122
2	155	417
2	156	550
2	156	973
2	158	316
2	158	950
2	159	239
2	159	665
2	159	686
2	160	483
2	161	995
2	162	151
2	164	195
2	164	247
2	164	919
2	165	203
2	165	269
2	165	370
2	165	431
2	165	804
2	166	672
2	168	349
2	168	998
2	172	209
2	172	546
2	172	684
2	172	779
2	174	249
2	174	280
2	175	81
2	175	443
2	175	864
2	176	520
2	177	384
2	178	586
2	179	228
2	179	369
2	180	588
2	180	594
2	181	512
2	183	167
2	183	237
2	183	385
2	183	447
2	186	68
2	186	929
2	187	4
2	187	485
2	188	259
2	188	434
2	189	404
2	189	893
2	190	51
2	190	551
2	191	676
2	192	191
2	192	407
2	192	429
2	192	461
2	192	567
2	195	63
2	195	524
2	195	615
2	195	682
2	196	139
2	196	771
2	197	85
2	197	182
2	197	381
2	199	221
2	199	649
2	199	740
2	200	273
2	201	161
2	202	298
2	203	112
2	205	736
2	206	760
2	208	256
2	209	405
2	211	286
2	211	605
2	212	58
2	212	655
2	213	55
2	213	95
2	213	782
2	217	46
2	217	214
2	218	924
2	218	944
2	219	996
2	220	226
2	220	313
2	220	752
2	221	192
2	221	414
2	221	783
2	221	937
2	222	25
2	222	229
2	222	511
2	224	703
2	224	770
2	224	814
2	225	6
2	225	471
2	226	266
2	226	539
2	227	314
2	227	976
2	228	558
2	228	798
2	229	359
2	231	36
2	231	348
2	231	648
2	231	981
2	232	428
2	232	758
2	233	504
2	235	466
2	235	911
2	235	980
2	236	540
2	236	833
2	237	342
2	237	677
2	237	986
2	238	295
2	239	699
2	240	602
2	241	607
2	245	863
2	246	31
2	246	187
2	246	465
2	248	217
2	249	725
2	249	749
2	250	803
2	250	968
2	251	721
2	252	54
2	252	282
2	253	732
2	255	453
2	255	562
2	256	486
2	256	601
2	257	169
2	258	174
2	259	458
2	260	490
2	261	882
2	262	243
2	262	305
2	262	657
2	262	996
2	263	334
2	264	27
2	264	901
2	265	248
2	265	287
2	266	397
2	266	660
2	267	674
2	269	474
2	269	522
2	270	482
2	271	814
2	272	176
2	272	225
2	273	694
2	274	102
2	274	883
2	275	382
2	276	719
2	278	445
2	279	132
2	279	710
2	280	99
2	280	645
2	282	258
2	283	296
2	283	757
2	284	374
2	286	49
2	286	627
2	286	892
2	287	633
2	287	997
2	288	497
2	288	988
2	289	654
2	289	708
2	290	66
2	291	270
2	291	365
2	292	444
2	293	728
2	293	735
2	294	362
2	294	364
2	294	987
2	295	141
2	296	909
2	297	154
2	297	844
2	298	111
2	299	797
2	300	544
2	301	91
2	301	130
2	301	825
2	302	653
2	305	413
2	305	570
2	306	691
2	308	72
2	308	690
2	309	726
2	309	984
2	310	514
2	311	493
2	314	166
2	315	137
2	315	661
2	317	668
2	317	671
2	318	867
2	319	656
2	319	961
2	323	108
2	323	377
2	323	438
2	323	847
2	325	238
2	326	122
2	326	222
2	327	363
2	327	480
2	327	878
2	329	383
2	331	212
2	333	408
2	336	404
2	336	745
2	337	133
2	339	484
2	340	290
2	340	318
2	341	343
2	341	509
2	341	666
2	342	193
2	342	196
2	342	636
2	342	741
2	343	637
2	344	88
2	344	205
2	344	373
2	345	893
2	346	272
2	347	278
2	347	533
2	347	549
2	349	51
2	350	209
2	350	401
2	350	667
2	351	240
2	351	603
2	352	131
2	352	333
2	352	968
2	353	84
2	355	626
2	358	200
2	358	888
2	358	999
2	360	95
2	360	231
2	363	766
2	364	440
2	365	621
2	366	388
2	366	536
2	366	583
2	367	83
2	368	706
2	370	334
2	372	750
2	373	434
2	373	724
2	376	254
2	378	441
2	383	422
2	383	679
2	385	119
2	385	321
2	385	559
2	386	279
2	387	45
2	388	64
2	388	233
2	388	259
2	388	704
2	389	617
2	391	521
2	392	241
2	392	461
2	392	902
2	394	57
2	394	78
2	395	581
2	395	680
2	396	179
2	396	328
2	397	89
2	397	393
2	398	37
2	399	175
2	399	316
2	401	709
2	402	4
2	402	684
2	403	106
2	405	63
2	405	307
2	405	877
2	406	405
2	406	415
2	408	126
2	408	155
2	408	773
2	409	960
2	411	123
2	411	295
2	412	215
2	412	768
2	413	753
2	415	232
2	415	371
2	416	224
2	417	214
2	417	792
2	420	977
2	421	101
2	422	268
2	422	804
2	422	859
2	423	437
2	423	772
2	424	791
2	426	132
2	426	887
2	427	896
2	428	656
2	430	146
2	430	425
2	431	14
2	431	142
2	431	151
2	431	734
2	431	796
2	433	865
2	434	121
2	434	867
2	435	435
2	438	160
2	438	297
2	438	430
2	439	845
2	439	989
2	440	162
2	440	314
2	442	682
2	444	285
2	444	731
2	446	319
2	446	598
2	447	306
2	448	675
2	449	585
2	450	62
2	452	561
2	452	752
2	452	892
2	452	944
2	453	207
2	453	357
2	453	920
2	454	304
2	455	532
2	456	35
2	457	201
2	457	466
2	457	857
2	459	325
2	459	701
2	460	577
2	460	757
2	460	883
2	461	180
2	461	418
2	462	410
2	463	188
2	463	529
2	464	326
2	464	689
2	464	798
2	465	161
2	465	208
2	465	911
2	466	576
2	467	765
2	469	368
2	469	513
2	469	602
2	469	887
2	470	298
2	470	310
2	471	127
2	471	582
2	472	465
2	473	141
2	473	284
2	473	475
2	475	75
2	475	459
2	475	649
2	475	719
2	475	993
2	476	257
2	476	551
2	477	697
2	478	260
2	478	375
2	478	884
2	479	293
2	480	356
2	480	378
2	480	653
2	481	355
2	481	399
2	481	528
2	482	458
2	482	894
2	483	250
2	483	710
2	483	903
2	485	483
2	485	566
2	486	424
2	488	647
2	490	129
2	490	183
2	490	211
2	490	341
2	490	779
2	491	71
2	491	198
2	492	228
2	492	502
2	492	575
2	494	747
2	495	630
2	495	670
2	495	885
2	496	102
2	497	168
2	498	771
2	499	87
2	499	982
2	499	1000
2	500	481
2	501	714
2	501	969
2	502	184
2	503	116
2	503	174
2	505	543
2	505	937
2	506	362
2	506	704
2	507	144
2	507	322
2	508	667
2	509	390
2	510	421
2	512	554
2	512	580
2	512	727
2	513	705
2	514	836
2	516	408
2	516	592
2	518	283
2	518	642
2	519	553
2	520	351
2	522	194
2	522	552
2	523	313
2	523	787
2	524	278
2	524	942
2	526	673
2	526	736
2	527	866
2	528	386
2	529	152
2	529	346
2	530	34
2	530	812
2	531	519
2	533	492
2	534	777
2	535	463
2	536	53
2	536	67
2	536	523
2	539	534
2	540	287
2	541	789
2	542	227
2	542	726
2	542	746
2	543	136
2	545	171
2	546	844
2	548	263
2	548	640
2	549	236
2	549	767
2	550	286
2	551	223
2	551	382
2	551	509
2	551	581
2	552	720
2	553	358
2	553	669
2	556	437
2	557	797
2	558	826
2	560	42
2	560	394
2	560	702
2	560	847
2	560	888
2	561	775
2	564	508
2	565	202
2	566	170
2	566	760
2	566	828
2	567	243
2	569	305
2	569	926
2	570	70
2	570	388
2	570	632
2	572	605
2	573	863
2	574	548
2	574	677
2	575	3
2	576	591
2	576	687
2	576	723
2	578	755
2	579	511
2	580	884
2	582	453
2	582	469
2	585	40
2	585	450
2	587	521
2	589	13
2	589	196
2	589	718
2	589	748
2	590	273
2	590	540
2	591	336
2	592	384
2	593	60
2	597	78
2	597	113
2	597	498
2	598	457
2	599	410
2	599	573
2	599	609
2	600	475
2	600	643
2	602	512
2	602	535
2	603	10
2	603	179
2	605	810
2	608	402
2	608	801
2	610	465
2	611	192
2	613	995
2	614	722
2	616	122
2	616	416
2	619	349
2	619	828
2	620	467
2	621	456
2	621	484
2	622	279
2	623	875
2	624	137
2	626	359
2	626	724
2	626	965
2	627	859
2	631	9
2	631	612
2	632	144
2	634	224
2	635	6
2	635	423
2	636	266
2	637	699
2	638	574
2	638	846
2	639	500
2	640	101
2	640	288
2	641	733
2	643	111
2	643	452
2	644	308
2	645	588
2	646	32
2	646	297
2	646	761
2	647	239
2	648	4
2	648	173
2	648	184
2	648	447
2	648	545
2	648	815
2	649	260
2	650	408
2	650	466
2	651	115
2	651	430
2	651	558
2	651	996
2	653	57
2	653	256
2	654	39
2	654	634
2	655	169
2	655	181
2	655	188
2	657	400
2	658	249
2	658	461
2	659	344
2	659	635
2	659	728
2	660	770
2	661	238
2	661	561
2	661	923
2	662	318
2	663	33
2	663	328
2	663	684
2	664	385
2	665	590
2	666	191
2	667	460
2	668	149
2	668	257
2	668	378
2	669	88
2	669	520
2	669	656
2	670	957
2	671	381
2	672	367
2	673	713
2	673	978
2	674	322
2	674	560
2	674	745
2	675	648
2	676	125
2	676	439
2	677	44
2	677	85
2	677	134
2	677	234
2	678	823
2	679	103
2	679	503
2	681	225
2	681	582
2	682	464
2	683	898
2	684	583
2	686	197
2	686	413
2	686	478
2	686	973
2	687	25
2	687	623
2	687	808
2	688	41
2	688	968
2	689	422
2	689	947
2	690	95
2	690	309
2	690	721
2	690	729
2	692	235
2	692	603
2	692	646
2	694	391
2	694	393
2	695	625
2	696	602
2	697	289
2	698	640
2	699	429
2	699	651
2	701	681
2	702	108
2	704	571
2	705	172
2	706	240
2	707	119
2	707	143
2	707	738
2	708	55
2	708	87
2	709	424
2	709	546
2	710	11
2	710	110
2	710	347
2	712	575
2	714	190
2	714	810
2	715	8
2	716	59
2	717	335
2	717	615
2	717	855
2	718	730
2	718	749
2	719	102
2	719	665
2	720	178
2	720	768
2	721	480
2	721	751
2	723	982
2	725	93
2	725	272
2	726	174
2	726	638
2	728	621
2	729	694
2	731	914
2	732	295
2	732	822
2	733	230
2	733	361
2	733	454
2	735	469
2	736	566
2	737	389
2	737	467
2	738	286
2	738	838
2	740	15
2	740	69
2	740	219
2	742	758
2	744	679
2	744	691
2	745	42
2	746	303
2	746	390
2	747	205
2	749	245
2	749	962
2	751	201
2	752	79
2	752	708
2	752	840
2	753	262
2	753	901
2	754	431
2	755	109
2	757	221
2	757	353
2	757	486
2	757	539
2	757	622
2	757	766
2	758	645
2	759	62
2	759	112
2	760	168
2	764	350
2	765	5
2	766	442
2	766	735
2	769	639
2	770	270
2	770	531
2	770	616
2	771	398
2	774	61
2	774	725
2	775	695
2	776	366
2	776	650
2	776	791
2	777	368
2	777	410
2	778	251
2	778	564
2	779	468
2	780	408
2	780	435
2	780	644
2	780	930
2	781	321
2	781	517
2	782	833
2	784	362
2	785	80
2	785	456
2	785	535
2	785	545
2	785	627
2	786	328
2	786	507
2	786	893
2	787	250
2	787	664
2	787	853
2	788	306
2	788	516
2	788	956
2	789	329
2	790	465
2	790	574
2	791	598
2	792	130
2	792	276
2	792	382
2	792	712
2	793	142
2	794	65
2	796	683
2	797	89
2	797	659
2	798	343
2	798	558
2	798	747
2	799	577
2	799	734
2	799	891
2	801	155
2	801	383
2	802	793
2	803	70
2	803	254
2	803	327
2	803	614
2	804	248
2	804	560
2	804	921
2	805	133
2	805	239
2	805	255
2	805	619
2	805	655
2	806	861
2	810	150
2	810	336
2	810	437
2	812	671
2	813	310
2	813	313
2	813	522
2	813	945
2	814	131
2	814	380
2	814	492
2	815	252
2	815	847
2	816	173
2	816	527
2	817	680
2	818	703
2	822	718
2	823	623
2	823	819
2	823	858
2	825	407
2	825	999
2	826	572
2	828	36
2	829	315
2	830	151
2	831	917
2	832	322
2	833	780
2	834	756
2	835	373
2	836	403
2	837	483
2	837	511
2	837	613
2	837	673
2	837	835
2	838	22
2	838	423
2	839	99
2	839	234
2	840	325
2	840	499
2	840	854
2	841	178
2	842	101
2	842	339
2	843	100
2	845	7
2	845	390
2	847	826
2	848	977
2	849	33
2	849	291
2	849	301
2	849	795
2	850	643
2	850	726
2	851	714
2	852	204
2	854	523
2	854	575
2	855	360
2	856	765
2	859	217
2	859	386
2	859	510
2	860	364
2	861	83
2	861	351
2	862	32
2	862	165
2	862	278
2	862	833
2	862	948
2	863	425
2	865	495
2	865	559
2	865	830
2	866	73
2	867	299
2	867	692
2	868	213
2	869	19
2	869	318
2	869	556
2	869	738
2	870	293
2	870	742
2	872	675
2	873	275
2	874	212
2	876	428
2	877	53
2	877	460
2	877	543
2	878	121
2	878	658
2	880	21
2	881	789
2	882	102
2	883	358
2	884	447
2	885	923
2	887	949
2	889	189
2	889	647
2	889	709
2	891	326
2	892	594
2	893	179
2	893	652
2	894	181
2	894	634
2	895	188
2	896	940
2	897	611
2	898	749
2	900	61
2	901	129
2	901	810
2	903	309
2	903	514
2	903	668
2	904	76
2	904	413
2	904	496
2	904	798
2	905	256
2	905	357
2	905	411
2	906	502
2	907	64
2	907	115
2	907	307
2	908	116
2	908	725
2	908	840
2	909	54
2	909	397
2	909	715
2	910	105
2	910	585
2	911	104
2	912	852
2	913	600
2	913	689
2	913	750
2	913	950
2	913	985
2	914	415
2	914	472
2	914	617
2	915	69
2	915	626
2	916	730
2	917	172
2	919	381
2	919	466
2	919	578
2	919	637
2	920	159
2	920	755
2	921	897
2	922	807
2	923	85
2	923	340
2	923	439
2	924	433
2	926	207
2	926	268
2	926	656
2	927	721
2	928	808
2	929	773
2	931	591
2	931	796
2	932	733
2	934	473
2	934	664
2	935	864
2	936	417
2	936	461
2	938	283
2	940	290
2	940	349
2	940	999
2	945	50
2	947	550
2	949	475
2	949	701
2	949	788
2	950	176
2	951	311
2	953	84
2	953	382
2	955	15
2	955	574
2	956	393
2	956	454
2	956	958
2	957	474
2	961	144
2	962	227
2	963	396
2	963	712
2	964	182
2	965	816
2	965	821
2	966	46
2	966	687
2	968	863
2	970	78
2	973	426
2	974	442
2	975	14
2	975	422
2	976	81
2	977	239
2	977	374
2	977	569
2	979	86
2	979	371
2	979	710
2	980	276
2	981	871
2	982	662
2	985	508
2	986	302
2	986	595
2	988	624
2	992	920
2	994	471
2	997	221
2	998	484
2	999	74
2	1000	20
2	1000	505
2	1001	641
2	1004	125
2	1005	507
2	1006	341
2	1007	112
2	1008	191
2	1008	610
2	1009	36
2	1010	504
2	1012	904
2	1013	237
2	1013	754
2	1014	350
2	1014	584
2	1015	97
2	1015	867
2	1017	732
2	1018	545
2	1018	562
2	1020	291
2	1022	428
2	1023	313
2	1023	891
2	1024	540
2	1025	498
2	1025	767
2	1027	255
2	1027	501
2	1027	520
2	1028	271
2	1028	407
2	1028	632
2	1029	327
2	1030	22
2	1030	672
2	1031	67
2	1031	787
2	1033	70
2	1034	580
2	1034	766
2	1035	1
2	1036	243
2	1037	458
2	1038	89
2	1038	160
2	1038	321
2	1038	718
2	1038	746
2	1038	752
2	1039	45
2	1039	375
2	1040	9
2	1041	759
2	1042	226
2	1043	444
2	1044	184
2	1045	365
2	1045	879
2	1046	31
2	1046	438
2	1048	303
2	1048	369
2	1048	607
2	1051	604
2	1052	440
2	1053	300
2	1053	534
2	1054	372
2	1055	87
2	1056	596
2	1056	849
2	1058	601
2	1058	648
2	1059	80
2	1061	166
2	1063	979
2	1064	551
2	1065	132
2	1066	224
2	1066	682
2	1067	99
2	1068	573
2	1069	161
2	1069	506
2	1070	745
2	1071	598
2	1071	724
2	1072	95
2	1072	379
2	1072	730
2	1073	653
2	1074	158
2	1074	757
2	1075	207
2	1076	571
2	1080	102
2	1080	845
2	1081	832
2	1082	675
2	1082	877
2	1083	705
2	1083	799
2	1084	570
2	1085	605
2	1086	563
2	1088	183
2	1089	129
2	1089	959
2	1090	957
2	1092	81
2	1092	574
2	1096	100
2	1098	741
2	1099	623
2	1101	150
2	1102	6
2	1102	793
2	1103	515
2	1103	663
2	1104	249
2	1104	266
2	1105	85
2	1106	197
2	1106	581
2	1109	206
2	1109	236
2	1109	431
2	1111	145
2	1111	387
2	1113	421
2	1114	56
2	1114	460
2	1114	614
2	1114	743
2	1115	391
2	1115	463
2	1117	32
2	1117	68
2	1117	477
2	1119	269
2	1120	456
2	1120	686
2	1122	298
2	1122	661
2	1123	336
2	1123	503
2	1124	3
2	1124	138
2	1124	439
2	1124	612
2	1125	863
2	1126	193
2	1126	294
2	1127	970
2	1128	63
2	1128	737
2	1129	316
2	1129	567
2	1130	168
2	1130	492
2	1130	643
2	1131	182
2	1131	358
2	1131	426
2	1131	773
2	1132	630
2	1132	722
2	1135	192
2	1136	877
2	1137	257
2	1138	666
2	1139	310
2	1140	535
2	1141	74
2	1141	189
2	1141	539
2	1142	432
2	1142	926
2	1145	927
2	1147	76
2	1147	762
2	1149	383
2	1149	828
2	1150	771
2	1151	5
2	1151	558
2	1152	361
2	1153	526
2	1153	796
2	1154	577
2	1155	261
2	1155	312
2	1155	511
2	1158	306
2	1158	382
2	1158	508
2	1158	991
2	1159	392
2	1159	453
2	1159	608
2	1159	901
2	1161	57
2	1161	802
2	1161	988
2	1163	90
2	1164	173
2	1164	923
2	1166	710
2	1167	622
2	1169	198
2	1169	465
2	1169	631
2	1169	637
2	1171	650
2	1172	329
2	1173	678
2	1174	242
2	1175	244
2	1175	624
2	1176	380
2	1176	493
2	1177	644
2	1179	595
2	1179	779
2	1181	708
2	1181	806
2	1182	575
2	1183	530
2	1184	482
2	1185	475
2	1185	641
2	1189	258
2	1189	420
2	1190	263
2	1193	814
2	1195	181
2	1196	124
2	1196	514
2	1197	228
2	1197	484
2	1197	883
2	1198	309
2	1199	231
2	1199	671
2	1201	415
2	1202	94
2	1202	469
2	1203	438
2	1203	490
2	1204	350
2	1204	560
2	1204	996
2	1205	330
2	1205	412
2	1205	611
2	1206	95
2	1206	185
2	1206	937
2	1207	72
2	1207	345
2	1208	238
2	1208	320
2	1209	111
2	1209	714
2	1209	894
2	1211	334
2	1211	606
2	1212	34
2	1212	600
2	1212	877
2	1214	27
2	1214	135
2	1214	159
2	1214	220
2	1214	557
2	1214	673
2	1215	313
2	1215	434
2	1215	692
2	1216	367
2	1217	881
2	1218	54
2	1219	476
2	1219	640
2	1220	615
2	1220	679
2	1221	56
2	1221	494
2	1221	703
2	1221	898
2	1222	625
2	1223	774
2	1224	202
2	1224	346
2	1224	370
2	1225	205
2	1225	464
2	1225	790
2	1225	990
2	1226	146
2	1227	216
2	1228	254
2	1229	472
2	1229	736
2	1230	581
2	1230	863
2	1231	276
2	1232	341
2	1233	214
2	1233	620
2	1234	633
2	1235	523
2	1235	984
2	1237	777
2	1239	635
2	1240	178
2	1240	454
2	1241	674
2	1243	550
2	1244	588
2	1245	248
2	1245	731
2	1246	770
2	1247	460
2	1250	389
2	1252	468
2	1253	362
2	1253	763
2	1256	3
2	1256	601
2	1256	609
2	1257	854
2	1259	110
2	1259	183
2	1259	539
2	1259	868
2	1259	940
2	1261	240
2	1262	616
2	1263	93
2	1263	732
2	1265	776
2	1268	100
2	1268	161
2	1268	264
2	1268	450
2	1269	209
2	1271	323
2	1272	79
2	1272	766
2	1273	555
2	1274	58
2	1274	211
2	1274	636
2	1274	792
2	1275	29
2	1276	702
2	1276	802
2	1279	499
2	1280	372
2	1282	378
2	1282	915
2	1283	728
2	1285	126
2	1285	405
2	1287	59
2	1287	455
2	1289	981
2	1292	556
2	1292	850
2	1297	505
2	1303	151
2	1304	41
2	1306	78
2	1306	120
2	1307	319
2	1307	821
2	1308	373
2	1308	495
2	1309	399
2	1312	85
2	1314	511
2	1314	882
2	1317	798
2	1318	86
2	1319	449
2	1319	750
2	1320	489
2	1320	794
2	1321	169
2	1322	797
2	1323	327
2	1325	333
2	1326	398
2	1327	2
2	1327	748
2	1329	974
2	1330	87
2	1330	645
2	1333	10
2	1334	594
2	1334	618
2	1334	985
2	1335	271
2	1335	293
2	1336	387
2	1337	16
2	1338	491
2	1339	170
2	1340	190
2	1341	11
2	1342	670
2	1343	486
2	1344	603
2	1345	637
2	1348	419
2	1348	436
2	1349	660
2	1350	605
2	1351	154
2	1353	295
2	1353	896
2	1354	521
2	1355	780
2	1356	921
2	1357	150
2	1357	619
2	1357	938
2	1358	913
2	1359	963
2	1359	966
2	1360	181
2	1360	381
2	1360	859
2	1362	109
2	1362	593
2	1362	866
2	1364	890
2	1365	572
2	1366	165
2	1366	870
2	1366	980
2	1368	410
2	1369	34
2	1369	174
2	1370	121
2	1370	643
2	1371	820
2	1372	115
2	1376	192
2	1376	713
2	1377	196
2	1377	597
2	1382	57
2	1384	509
2	1385	864
2	1386	44
2	1386	162
2	1388	128
2	1389	755
2	1391	112
2	1391	354
2	1392	677
2	1392	719
2	1392	729
2	1393	137
2	1395	48
2	1395	226
2	1396	188
2	1397	303
2	1398	278
2	1398	825
2	1401	426
2	1402	542
2	1402	948
2	1404	415
2	1404	621
2	1405	494
2	1405	964
2	1406	107
2	1406	707
2	1408	786
2	1409	534
2	1410	470
2	1412	433
2	1412	468
2	1413	145
2	1413	316
2	1413	952
2	1414	182
2	1414	250
2	1414	423
2	1414	666
2	1416	204
2	1416	697
2	1416	957
2	1417	286
2	1419	51
2	1419	96
2	1419	261
2	1419	348
2	1420	345
2	1421	262
2	1421	479
2	1421	886
2	1423	691
2	1424	943
2	1425	118
2	1425	157
2	1426	285
2	1426	379
2	1428	945
2	1429	587
2	1431	33
2	1432	233
2	1432	242
2	1433	248
2	1434	259
2	1438	483
2	1439	575
2	1440	520
2	1444	544
2	1444	560
2	1445	102
2	1445	335
2	1445	770
2	1446	300
2	1448	229
2	1451	37
2	1451	243
2	1452	538
2	1452	756
2	1453	914
2	1454	142
2	1456	340
2	1456	411
2	1457	447
2	1457	790
2	1458	310
2	1460	134
2	1460	905
2	1461	146
2	1461	893
2	1466	753
2	1467	80
2	1467	269
2	1468	159
2	1468	641
2	1468	724
2	1469	624
2	1470	246
2	1470	765
2	1471	277
2	1472	692
2	1473	296
2	1473	367
2	1474	758
2	1474	966
2	1475	920
2	1476	311
2	1476	552
2	1476	734
2	1477	35
2	1478	68
2	1478	279
2	1479	221
2	1479	321
2	1479	811
2	1480	462
2	1480	895
2	1483	427
2	1483	687
2	1483	754
2	1484	774
2	1484	908
2	1486	149
2	1486	670
2	1487	617
2	1488	524
2	1489	130
2	1489	482
2	1489	604
2	1490	98
2	1491	205
2	1492	60
2	1492	352
2	1493	596
2	1495	17
2	1495	431
2	1496	22
2	1496	803
2	1498	247
2	1498	397
2	1500	227
2	1500	511
2	1501	75
2	1501	720
2	1502	275
2	1502	449
2	1502	464
2	1503	594
2	1503	843
2	1504	634
2	1505	117
2	1507	166
2	1507	186
2	1507	703
2	1507	840
2	1509	199
2	1509	508
2	1509	541
2	1510	549
2	1510	622
2	1511	203
2	1512	469
2	1512	934
2	1513	545
2	1514	266
2	1514	699
2	1514	817
2	1515	291
2	1518	416
2	1520	530
2	1520	681
2	1521	342
2	1521	630
2	1523	341
2	1523	663
2	1524	260
2	1526	476
2	1526	517
2	1526	746
2	1528	502
2	1529	361
2	1529	666
2	1531	15
2	1531	202
2	1531	265
2	1531	490
2	1531	523
2	1532	232
2	1532	325
2	1532	531
2	1534	92
2	1534	802
2	1535	458
2	1535	477
2	1536	1
2	1536	355
2	1537	23
2	1537	346
2	1537	564
2	1538	673
2	1543	39
2	1543	59
2	1543	796
2	1544	558
2	1545	356
2	1546	29
2	1546	710
2	1547	55
2	1548	69
2	1548	382
2	1549	519
2	1549	773
2	1549	821
2	1551	791
2	1552	18
2	1552	584
2	1552	638
2	1553	728
2	1554	354
2	1554	627
2	1554	712
2	1556	370
2	1556	618
2	1558	438
2	1558	442
2	1559	390
2	1559	876
2	1561	27
2	1561	831
2	1561	887
2	1562	183
2	1562	755
2	1563	459
2	1563	633
2	1563	693
2	1563	781
2	1564	292
2	1566	343
2	1567	207
2	1567	376
2	1567	514
2	1568	263
2	1569	492
2	1569	715
2	1570	548
2	1571	313
2	1571	709
2	1572	171
2	1572	189
2	1572	546
2	1573	61
2	1573	87
2	1573	198
2	1573	750
2	1573	764
2	1574	223
2	1574	425
2	1575	88
2	1575	123
2	1576	547
2	1577	653
2	1578	201
2	1579	57
2	1579	690
2	1579	721
2	1580	137
2	1580	533
2	1582	315
2	1583	844
2	1585	461
2	1586	179
2	1587	54
2	1588	428
2	1588	740
2	1589	26
2	1590	580
2	1590	864
2	1593	180
2	1593	420
2	1594	648
2	1594	824
2	1595	245
2	1595	366
2	1596	409
2	1597	211
2	1597	363
2	1598	474
2	1598	874
2	1599	664
2	1600	192
2	1601	37
2	1601	144
2	1603	150
2	1604	158
2	1604	196
2	1607	64
2	1608	757
2	1608	794
2	1608	959
2	1610	609
2	1611	414
2	1612	233
2	1612	613
2	1613	990
2	1614	336
2	1614	689
2	1618	727
2	1618	787
2	1619	724
2	1621	141
2	1621	278
2	1621	430
2	1621	698
2	1622	215
2	1622	369
2	1622	439
2	1622	955
2	1623	28
2	1623	111
2	1623	220
2	1623	661
2	1623	870
2	1625	636
2	1627	75
2	1627	244
2	1627	388
2	1627	747
2	1627	894
2	1628	734
2	1629	901
2	1630	348
2	1630	468
2	1630	642
2	1630	799
2	1631	267
2	1631	731
2	1633	450
2	1633	707
2	1634	182
2	1634	697
2	1637	218
2	1637	774
2	1638	101
2	1638	903
2	1639	314
2	1641	216
2	1642	581
2	1642	760
2	1643	256
2	1643	274
2	1644	357
2	1645	643
2	1646	107
2	1646	299
2	1646	785
2	1646	792
2	1647	2
2	1647	358
2	1648	518
2	1650	818
2	1651	303
2	1652	155
2	1653	656
2	1653	778
2	1656	868
2	1657	311
2	1658	981
2	1659	72
2	1659	116
2	1659	181
2	1659	386
2	1660	126
2	1660	167
2	1660	484
2	1660	963
2	1661	152
2	1661	387
2	1661	880
2	1663	74
2	1663	968
2	1664	217
2	1665	736
2	1665	789
2	1666	118
2	1667	147
2	1668	200
2	1668	873
2	1669	573
2	1671	732
2	1671	910
2	1672	401
2	1673	726
2	1674	670
2	1675	400
2	1676	377
2	1676	599
2	1677	60
2	1677	93
2	1677	154
2	1677	561
2	1678	500
2	1679	393
2	1681	335
2	1681	786
2	1683	120
2	1684	362
2	1684	456
2	1684	914
2	1685	720
2	1688	559
2	1688	741
2	1688	916
2	1689	318
2	1689	977
2	1690	112
2	1691	14
2	1692	307
2	1693	262
2	1693	978
2	1695	136
2	1695	284
2	1695	617
2	1696	110
2	1696	738
2	1697	784
2	1698	804
2	1700	44
2	1700	117
2	1700	241
2	1700	706
2	1702	700
2	1705	389
2	1705	572
2	1705	864
2	1705	961
2	1706	972
2	1707	583
2	1708	48
2	1708	330
2	1708	576
2	1709	891
2	1712	334
2	1712	506
2	1713	184
2	1715	435
2	1718	996
2	1721	418
2	1721	681
2	1722	143
2	1725	824
2	1726	949
2	1727	825
2	1727	853
2	1728	432
2	1730	446
2	1732	238
2	1733	193
2	1734	744
2	1736	277
2	1737	796
2	1742	309
2	1745	751
2	1746	312
2	1746	529
2	1747	547
2	1748	743
2	1749	92
2	1750	382
2	1750	957
2	1751	709
2	1752	70
2	1752	279
2	1753	587
2	1754	163
2	1754	301
2	1755	381
2	1755	616
2	1756	345
2	1756	514
2	1757	132
2	1757	319
2	1758	373
2	1759	721
2	1760	225
2	1760	268
2	1760	471
2	1761	934
2	1765	39
2	1765	823
2	1766	502
2	1766	809
2	1767	370
2	1768	13
2	1768	170
2	1768	353
2	1769	35
2	1769	844
2	1774	433
2	1775	64
2	1775	584
2	1776	517
2	1777	18
2	1777	331
2	1779	129
2	1779	746
2	1780	807
2	1781	338
2	1781	989
2	1784	315
2	1785	83
2	1786	242
2	1786	647
2	1789	183
2	1790	569
2	1790	687
2	1791	771
2	1792	295
2	1792	622
2	1795	730
2	1798	371
2	1798	605
2	1798	684
2	1802	252
2	1802	850
2	1804	711
2	1805	290
2	1806	328
2	1806	540
2	1807	256
2	1811	397
2	1811	474
2	1813	819
2	1817	470
2	1817	795
2	1818	475
2	1820	511
2	1821	178
2	1821	411
2	1822	150
2	1825	311
2	1826	27
2	1826	832
2	1828	708
2	1829	392
2	1829	596
2	1829	669
2	1829	692
2	1830	352
2	1831	15
2	1831	882
2	1832	526
2	1833	504
2	1833	698
2	1833	989
2	1834	171
2	1837	731
2	1838	189
2	1838	754
2	1839	34
2	1839	408
2	1840	96
2	1841	229
2	1841	633
2	1842	14
2	1842	555
2	1844	580
2	1845	330
2	1846	174
2	1847	168
2	1847	874
2	1848	63
2	1849	560
2	1849	732
2	1850	672
2	1851	417
2	1851	588
2	1852	498
2	1853	99
2	1853	144
2	1853	699
2	1855	760
2	1857	181
2	1857	379
2	1858	495
2	1858	902
2	1859	128
2	1859	346
2	1859	716
2	1859	793
2	1860	883
2	1863	223
2	1863	473
2	1864	443
2	1864	532
2	1865	403
2	1865	682
2	1866	637
2	1867	489
2	1867	831
2	1868	97
2	1868	701
2	1869	409
2	1870	139
2	1870	615
2	1871	383
2	1872	46
2	1873	659
2	1874	381
2	1874	704
2	1874	814
2	1875	16
2	1875	216
2	1876	221
2	1876	681
2	1876	695
2	1880	215
2	1881	462
2	1883	30
2	1883	767
2	1884	113
2	1885	152
2	1885	312
2	1885	568
2	1885	889
2	1886	224
2	1888	363
2	1888	871
2	1891	31
2	1892	426
2	1893	278
2	1893	625
2	1894	492
2	1894	759
2	1896	7
2	1896	170
2	1896	387
2	1897	736
2	1899	248
2	1899	269
2	1900	108
2	1900	284
2	1901	696
2	1902	282
2	1902	283
2	1902	316
2	1903	241
2	1903	418
2	1904	946
2	1905	158
2	1905	674
2	1906	263
2	1906	981
2	1907	410
2	1907	424
2	1907	847
2	1908	146
2	1910	501
2	1910	768
2	1911	231
2	1912	513
2	1913	60
2	1913	151
2	1913	336
2	1913	958
2	1914	897
2	1915	154
2	1915	727
2	1915	929
2	1916	487
2	1916	574
2	1916	617
2	1916	774
2	1917	402
2	1918	553
2	1918	755
2	1919	117
2	1919	349
2	1920	380
2	1921	516
2	1922	180
2	1922	457
2	1922	742
2	1923	155
2	1924	546
2	1925	744
2	1926	438
2	1927	639
2	1929	94
2	1929	103
2	1929	249
2	1930	631
2	1930	666
2	1931	390
2	1934	134
2	1934	629
2	1934	843
2	1935	211
2	1935	985
2	1937	620
2	1937	869
2	1938	47
2	1938	482
2	1938	515
2	1940	524
2	1940	680
2	1943	561
2	1945	212
2	1945	548
2	1945	842
2	1945	980
2	1946	416
2	1947	274
2	1948	644
2	1949	175
2	1950	266
2	1952	57
2	1952	558
2	1954	904
2	1955	2
2	1955	184
2	1956	179
2	1957	769
2	1958	421
2	1958	534
2	1958	936
2	1960	920
2	1961	81
2	1961	476
2	1961	619
2	1961	952
2	1962	345
2	1962	347
2	1962	595
2	1963	646
2	1965	967
2	1966	45
2	1967	148
2	1967	910
2	1968	254
2	1969	921
2	1971	159
2	1973	836
2	1975	481
2	1977	441
2	1978	348
2	1979	533
2	1982	116
2	1982	250
2	1984	341
2	1984	385
2	1985	90
2	1985	389
2	1987	412
2	1988	234
2	1989	469
2	1989	563
2	1990	18
2	1990	637
2	1993	997
2	1994	616
2	1995	288
2	1995	521
2	1995	714
2	1995	784
2	1996	586
2	1996	807
2	1996	962
2	1997	770
2	1999	199
2	1999	340
2	1999	382
2	2000	24
2	2000	669
2	2002	633
2	2002	958
2	2003	301
2	2004	541
2	2004	753
2	2005	270
2	2005	296
2	2005	398
2	2006	214
2	2006	916
2	2007	207
2	2007	247
2	2008	123
2	2008	843
2	2009	201
2	2010	488
2	2011	293
2	2014	894
2	2017	226
2	2017	480
2	2017	537
2	2017	603
2	2018	275
2	2018	353
2	2020	575
2	2021	676
2	2021	909
2	2022	27
2	2022	221
2	2022	304
2	2023	374
2	2023	605
2	2024	626
2	2026	167
2	2026	970
2	2027	8
2	2027	378
2	2027	708
2	2027	710
2	2028	79
2	2028	787
2	2029	313
2	2029	331
2	2029	499
2	2029	887
2	2030	647
2	2031	299
2	2031	432
2	2032	919
2	2033	490
2	2033	611
2	2033	864
2	2034	717
2	2034	951
2	2035	369
2	2035	404
2	2036	115
2	2036	308
2	2037	195
2	2037	675
2	2038	312
2	2038	335
2	2038	459
2	2038	584
2	2038	930
2	2041	337
2	2041	759
2	2042	56
2	2042	682
2	2044	897
2	2045	164
2	2046	974
2	2047	739
2	2049	880
2	2049	884
2	2051	621
2	2051	683
2	2053	475
2	2054	801
2	2054	881
2	2055	436
2	2055	906
2	2056	136
2	2056	177
2	2056	182
2	2056	329
2	2057	271
2	2059	388
2	2060	245
2	2061	99
2	2061	387
2	2061	502
2	2062	401
2	2064	267
2	2064	351
2	2065	75
2	2065	225
2	2065	731
2	2068	802
2	2071	522
2	2071	923
2	2073	156
2	2074	232
2	2077	260
2	2078	592
2	2078	793
2	2080	316
2	2081	424
2	2082	785
2	2083	690
2	2085	138
2	2085	618
2	2086	238
2	2086	472
2	2086	635
2	2088	772
2	2089	810
2	2090	185
2	2091	139
2	2091	613
2	2092	461
2	2093	209
2	2093	678
2	2093	789
2	2093	933
2	2094	640
2	2094	904
2	2095	552
2	2096	448
2	2096	700
2	2097	512
2	2097	684
2	2098	384
2	2098	697
2	2098	838
2	2099	336
2	2099	716
2	2101	580
2	2102	277
2	2102	989
2	2103	73
2	2103	995
2	2104	175
2	2104	445
2	2104	471
2	2104	477
2	2105	301
2	2105	652
2	2106	402
2	2110	324
2	2110	649
2	2110	910
2	2112	125
2	2112	467
2	2112	852
2	2113	258
2	2113	709
2	2115	362
2	2115	642
2	2116	133
2	2116	544
2	2119	983
2	2121	474
2	2121	498
2	2121	868
2	2123	654
2	2124	283
2	2125	756
2	2126	341
2	2126	556
2	2127	784
2	2132	553
2	2132	677
2	2133	302
2	2134	465
2	2136	653
2	2138	200
2	2139	96
2	2139	625
2	2139	826
2	2140	702
2	2141	236
2	2141	392
2	2141	992
2	2143	600
2	2144	486
2	2144	779
2	2144	895
2	2145	346
2	2147	377
2	2148	499
2	2149	300
2	2150	573
2	2151	50
2	2152	217
2	2154	93
2	2154	265
2	2156	396
2	2157	54
2	2157	149
2	2157	293
2	2157	390
2	2159	323
2	2159	517
2	2159	763
2	2159	847
2	2160	132
2	2160	342
2	2160	456
2	2161	154
2	2161	169
2	2161	532
2	2162	352
2	2162	561
2	2163	229
2	2165	305
2	2165	373
2	2166	51
2	2166	425
2	2166	660
2	2168	223
2	2168	249
2	2168	371
2	2169	634
2	2170	759
2	2171	20
2	2171	453
2	2172	2
2	2173	21
2	2173	409
2	2174	417
2	2174	686
2	2175	338
2	2175	447
2	2175	681
2	2175	752
2	2176	227
2	2176	795
2	2178	286
2	2178	655
2	2180	501
2	2180	885
2	2182	975
2	2185	165
2	2185	493
2	2185	837
2	2185	944
2	2186	450
2	2186	985
2	2187	557
2	2188	799
2	2189	408
2	2189	689
2	2190	367
2	2192	494
2	2193	194
2	2193	676
2	2193	979
2	2194	19
2	2194	819
2	2197	798
2	2198	102
2	2199	954
2	2200	148
2	2201	131
2	2201	224
2	2201	559
2	2204	284
2	2204	596
2	2205	221
2	2206	669
2	2207	484
2	2209	430
2	2209	516
2	2209	601
2	2209	888
2	2210	32
2	2210	803
2	2211	412
2	2211	511
2	2212	410
2	2213	79
2	2214	290
2	2214	719
2	2216	52
2	2216	858
2	2217	292
2	2217	730
2	2218	289
2	2218	337
2	2218	407
2	2218	783
2	2219	86
2	2219	438
2	2219	968
2	2220	53
2	2220	143
2	2220	664
2	2220	903
2	2221	55
2	2221	523
2	2222	114
2	2222	372
2	2223	41
2	2223	115
2	2223	577
2	2223	724
2	2224	40
2	2224	822
2	2225	473
2	2225	612
2	2225	952
2	2226	15
2	2226	124
2	2226	546
2	2227	478
2	2227	492
2	2227	617
2	2229	386
2	2229	435
2	2230	306
2	2232	239
2	2232	821
2	2233	383
2	2234	97
2	2234	977
2	2235	344
2	2236	189
2	2236	621
2	2237	5
2	2237	231
2	2237	690
2	2239	525
2	2239	589
2	2240	138
2	2241	743
2	2242	18
2	2242	981
2	2244	103
2	2244	405
2	2244	620
2	2246	109
2	2247	13
2	2248	222
2	2248	394
2	2249	279
2	2249	444
2	2249	459
2	2251	195
2	2252	628
2	2252	679
2	2252	792
2	2253	637
2	2254	750
2	2255	349
2	2256	376
2	2256	476
2	2256	680
2	2256	873
2	2256	952
2	2257	657
2	2257	823
2	2258	146
2	2262	24
2	2264	609
2	2266	8
2	2266	273
2	2266	360
2	2267	275
2	2267	512
2	2269	737
2	2275	402
2	2278	673
2	2278	793
2	2279	701
2	2280	622
2	2280	817
2	2281	269
2	2281	764
2	2282	991
2	2283	902
2	2285	160
2	2285	819
2	2286	123
2	2287	398
2	2287	911
2	2288	514
2	2288	688
2	2289	241
2	2290	554
2	2290	643
2	2291	451
2	2293	603
2	2293	854
2	2296	191
2	2296	852
2	2296	920
2	2297	505
2	2297	571
2	2297	753
2	2298	145
2	2298	277
2	2299	885
2	2300	365
2	2300	562
2	2302	268
2	2303	139
2	2304	188
2	2304	832
2	2307	576
2	2308	452
2	2309	245
2	2309	313
2	2309	547
2	2312	262
2	2313	128
2	2313	593
2	2315	809
2	2316	301
2	2316	578
2	2317	73
2	2319	352
2	2319	649
2	2319	682
2	2319	706
2	2320	769
2	2322	167
2	2322	538
2	2323	312
2	2325	441
2	2326	276
2	2326	454
2	2326	586
2	2327	611
2	2328	518
2	2329	443
2	2329	521
2	2329	710
2	2329	770
2	2329	817
2	2330	423
2	2330	693
2	2331	295
2	2331	756
2	2333	507
2	2335	961
2	2336	700
2	2337	914
2	2339	319
2	2340	565
2	2340	630
2	2341	413
2	2342	917
2	2345	175
2	2345	244
2	2345	406
2	2348	515
2	2348	587
2	2348	840
2	2350	767
2	2351	78
2	2351	646
2	2352	7
2	2352	736
2	2353	460
2	2354	121
2	2355	63
2	2355	395
2	2355	665
2	2355	847
2	2357	35
2	2357	786
2	2357	800
2	2358	373
2	2358	629
2	2359	623
2	2360	31
2	2360	638
2	2361	335
2	2361	692
2	2362	490
2	2365	502
2	2366	728
2	2367	172
2	2367	574
2	2367	954
2	2369	216
2	2370	54
2	2371	288
2	2372	900
2	2373	930
2	2374	287
2	2375	830
2	2378	280
2	2378	999
2	2381	388
2	2382	258
2	2382	763
2	2382	838
2	2383	536
2	2384	719
2	2385	33
2	2385	863
2	2386	590
2	2390	254
2	2390	263
2	2393	230
2	2394	53
2	2394	213
2	2394	336
2	2396	293
2	2399	210
2	2400	553
2	2401	528
2	2402	514
2	2403	308
2	2403	702
2	2404	117
2	2405	91
2	2406	711
2	2407	876
2	2408	26
2	2408	975
2	2411	226
2	2412	390
2	2414	744
2	2414	751
2	2416	489
2	2417	88
2	2417	129
2	2417	300
2	2420	865
2	2420	980
2	2423	416
2	2426	205
2	2427	134
2	2428	378
2	2428	570
2	2429	850
2	2431	124
2	2431	476
2	2432	180
2	2433	193
2	2434	310
2	2436	662
2	2436	951
2	2437	36
2	2437	778
2	2438	83
2	2439	362
2	2440	44
2	2441	761
2	2443	548
2	2445	500
2	2445	607
2	2445	642
2	2445	819
2	2445	932
2	2447	757
2	2448	965
2	2450	998
2	2451	181
2	2452	9
2	2452	183
2	2452	247
2	2453	732
2	2454	830
2	2455	297
2	2455	934
2	2456	328
2	2456	493
2	2456	777
2	2457	164
2	2458	924
2	2459	211
2	2460	691
2	2462	567
2	2463	560
2	2464	219
2	2464	658
2	2464	660
2	2465	331
2	2466	186
2	2468	361
2	2470	471
2	2471	772
2	2473	440
2	2476	531
2	2477	681
2	2478	4
2	2478	5
2	2478	601
2	2480	410
2	2480	731
2	2481	460
2	2482	122
2	2482	295
2	2483	637
2	2484	978
2	2485	185
2	2485	364
2	2486	622
2	2486	856
2	2487	552
2	2487	862
2	2491	447
2	2494	721
2	2494	915
2	2494	941
2	2497	22
2	2499	14
2	2499	81
2	2501	639
2	2501	938
2	2502	261
2	2502	873
2	2502	883
2	2503	360
2	2504	66
2	2504	151
2	2504	749
2	2505	348
2	2505	524
2	2506	139
2	2507	123
2	2508	363
2	2508	804
2	2509	214
2	2509	760
2	2511	76
2	2511	659
2	2512	255
2	2512	714
2	2513	472
2	2513	561
2	2514	303
2	2516	474
2	2517	332
2	2518	433
2	2519	39
2	2519	415
2	2519	543
2	2520	632
2	2521	42
2	2522	200
2	2522	620
2	2522	798
2	2523	152
2	2523	967
2	2524	413
2	2525	3
2	2525	470
2	2527	270
2	2527	457
2	2527	490
2	2528	118
2	2529	177
2	2529	848
2	2529	898
2	2529	946
2	2530	28
2	2530	999
2	2531	143
2	2532	111
2	2533	7
2	2533	170
2	2535	902
2	2536	793
2	2537	50
2	2537	508
2	2537	635
2	2538	396
2	2542	193
2	2542	790
2	2543	358
2	2543	505
2	2543	995
2	2544	94
2	2545	429
2	2545	545
2	2546	187
2	2546	438
2	2546	577
2	2546	791
2	2547	8
2	2547	492
2	2548	423
2	2549	610
2	2550	614
2	2550	857
2	2552	46
2	2552	330
2	2552	392
2	2553	555
2	2553	927
2	2554	737
2	2555	335
2	2556	258
2	2557	202
2	2558	593
2	2558	745
2	2559	671
2	2560	71
2	2561	172
2	2562	674
2	2564	624
2	2564	897
2	2566	105
2	2566	409
2	2566	487
2	2569	182
2	2570	542
2	2571	121
2	2571	290
2	2571	445
2	2571	841
2	2575	966
2	2577	427
2	2577	437
2	2578	551
2	2578	852
2	2580	97
2	2580	500
2	2581	237
2	2581	383
2	2582	199
2	2585	286
2	2586	417
2	2589	114
2	2589	638
2	2590	834
2	2591	387
2	2594	431
2	2594	754
2	2596	611
2	2598	792
2	2599	580
2	2599	855
2	2601	107
2	2601	149
2	2601	424
2	2602	176
2	2602	647
2	2602	666
2	2602	889
2	2603	540
2	2604	113
2	2604	207
2	2604	924
2	2606	23
2	2607	811
2	2608	238
2	2609	78
2	2609	455
2	2610	173
2	2614	388
2	2614	877
2	2616	87
2	2616	481
2	2616	854
2	2617	169
2	2617	306
2	2617	964
2	2618	419
2	2620	15
2	2620	694
2	2621	718
2	2623	75
2	2623	120
2	2623	243
2	2623	947
2	2624	443
2	2625	766
2	2626	343
2	2626	421
2	2627	441
2	2627	831
2	2629	360
2	2629	364
2	2629	775
2	2631	142
2	2631	976
2	2632	618
2	2632	957
2	2633	698
2	2633	762
2	2635	918
2	2636	216
2	2636	648
2	2639	104
2	2639	652
2	2641	494
2	2642	599
2	2643	16
2	2643	362
2	2643	564
2	2645	550
2	2646	765
2	2647	836
2	2649	802
2	2652	996
2	2653	140
2	2654	546
2	2655	72
2	2658	586
2	2662	261
2	2664	534
2	2666	61
2	2666	579
2	2666	677
2	2666	813
2	2667	959
2	2667	998
2	2668	664
2	2669	446
2	2669	573
2	2670	54
2	2671	456
2	2673	70
2	2673	341
2	2673	464
2	2673	771
2	2674	124
2	2675	191
2	2675	773
2	2676	761
2	2678	185
2	2678	384
2	2678	501
2	2678	598
2	2678	692
2	2679	952
2	2680	512
2	2680	732
2	2682	227
2	2682	756
2	2685	220
2	2686	143
2	2686	597
2	2688	244
2	2690	27
2	2692	89
2	2694	85
2	2696	151
2	2698	404
2	2698	415
2	2699	188
2	2699	644
2	2699	713
2	2699	955
2	2702	422
2	2702	824
2	2703	432
2	2706	211
2	2706	279
2	2706	781
2	2708	192
2	2708	489
2	2708	699
2	2709	256
2	2709	670
2	2709	701
2	2709	730
2	2710	19
2	2710	22
2	2710	572
2	2711	473
2	2711	476
2	2711	817
2	2711	954
2	2712	7
2	2712	246
2	2713	171
2	2713	190
2	2713	197
2	2714	898
2	2716	779
2	2717	541
2	2717	906
2	2718	398
2	2722	3
2	2725	910
2	2727	35
2	2729	619
2	2729	645
2	2730	28
2	2730	812
2	2735	129
2	2735	547
2	2735	653
2	2737	128
2	2738	726
2	2740	225
2	2740	542
2	2740	783
2	2741	215
2	2741	560
2	2741	795
2	2742	62
2	2742	563
2	2744	549
2	2744	767
2	2744	852
2	2745	170
2	2746	624
2	2746	626
2	2747	506
2	2747	950
2	2748	316
2	2749	272
2	2749	539
2	2749	753
2	2749	755
2	2749	800
2	2749	1000
2	2751	557
2	2752	77
2	2753	93
2	2753	556
2	2753	737
2	2754	318
2	2757	391
2	2758	523
2	2758	683
2	2759	423
2	2761	986
2	2762	385
2	2763	521
2	2766	287
2	2766	691
2	2766	789
2	2767	53
2	2768	799
2	2769	30
2	2770	578
2	2771	9
2	2771	638
2	2774	876
2	2775	205
2	2775	631
2	2777	954
2	2778	658
2	2779	806
2	2781	65
2	2781	589
2	2781	678
2	2782	24
2	2782	911
2	2783	731
2	2785	73
2	2786	218
2	2786	517
2	2787	348
2	2787	651
2	2789	141
2	2789	474
2	2789	647
2	2789	786
2	2790	510
2	2793	288
2	2793	367
2	2793	750
2	2794	266
2	2794	337
2	2794	728
2	2797	323
2	2797	588
2	2798	238
2	2798	514
2	2799	255
2	2799	267
2	2800	760
2	2801	372
2	2801	928
2	2802	550
2	2802	652
2	2805	108
2	2807	99
2	2807	495
2	2809	426
2	2811	136
2	2811	224
2	2812	163
2	2812	387
2	2812	668
2	2813	758
2	2814	11
2	2814	908
2	2816	425
2	2818	31
2	2818	635
2	2819	421
2	2819	565
2	2820	933
2	2821	180
2	2821	788
2	2821	968
2	2822	260
2	2823	824
2	2824	154
2	2824	334
2	2824	884
2	2825	581
2	2826	63
2	2826	364
2	2826	805
2	2828	310
2	2829	903
2	2830	64
2	2830	445
2	2831	200
2	2831	764
2	2833	671
2	2833	814
2	2836	281
2	2836	681
2	2837	374
2	2839	264
2	2840	232
2	2840	688
2	2840	749
2	2840	859
2	2841	371
2	2842	453
2	2843	723
2	2844	566
2	2845	630
2	2847	411
2	2847	505
2	2848	503
2	2848	548
2	2848	865
2	2849	486
2	2850	969
2	2851	123
2	2851	144
2	2851	574
2	2852	611
2	2852	817
2	2853	252
2	2853	432
2	2853	915
2	2854	184
2	2856	389
2	2856	666
2	2857	345
2	2858	228
2	2858	249
2	2859	328
2	2860	278
2	2860	988
2	2861	150
2	2863	580
2	2864	690
2	2866	686
2	2868	485
2	2868	538
2	2869	314
2	2870	103
2	2870	104
2	2870	736
2	2871	561
2	2873	501
2	2873	557
2	2874	214
2	2874	344
2	2875	701
2	2875	854
2	2875	908
2	2878	233
2	2878	552
2	2879	251
2	2879	271
2	2880	280
2	2883	142
2	2884	395
2	2885	291
2	2885	401
2	2885	478
2	2885	939
2	2886	780
2	2887	646
2	2888	774
2	2889	241
2	2890	43
2	2891	160
2	2892	420
2	2893	151
2	2893	321
2	2893	343
2	2893	925
2	2894	636
2	2896	446
2	2898	357
2	2898	572
2	2898	683
2	2899	567
2	2899	850
2	2900	89
2	2900	616
2	2902	185
2	2902	720
2	2903	6
2	2903	268
2	2903	506
2	2903	606
2	2904	403
2	2905	101
2	2906	419
2	2907	109
2	2907	303
2	2907	517
2	2908	469
2	2908	978
2	2909	330
2	2909	913
2	2909	946
2	2910	42
2	2910	284
2	2910	984
2	2912	213
2	2912	377
2	2912	694
2	2912	826
2	2913	751
2	2913	916
2	2914	181
2	2917	28
2	2917	447
2	2917	874
2	2918	116
2	2918	691
2	2919	27
2	2919	56
2	2919	762
2	2920	533
2	2920	632
2	2921	424
2	2922	494
2	2922	558
2	2922	622
2	2924	706
2	2925	607
2	2926	437
2	2926	802
2	2927	146
2	2928	971
2	2929	601
2	2930	657
2	2931	800
2	2931	851
2	2932	614
2	2932	905
2	2934	938
2	2938	355
2	2941	272
2	2944	22
2	2946	14
2	2946	34
2	2947	463
2	2948	347
2	2949	507
2	2950	792
2	2952	372
2	2952	392
2	2954	319
2	2954	543
2	2955	324
2	2955	382
2	2955	497
2	2956	105
2	2956	992
2	2957	768
2	2957	804
2	2958	442
2	2958	542
2	2959	166
2	2962	155
2	2964	776
2	2965	172
2	2965	639
2	2966	418
2	2966	491
2	2966	641
2	2967	477
2	2968	164
2	2969	451
2	2969	765
2	2969	833
2	2970	102
2	2971	53
2	2972	67
2	2972	585
2	2972	897
2	2972	921
2	2973	180
2	2973	436
2	2973	523
2	2973	831
2	2974	98
2	2974	438
2	2974	655
2	2975	386
2	2975	931
2	2976	592
2	2976	923
2	2978	440
2	2979	745
2	2980	127
2	2980	404
2	2980	444
2	2980	786
2	2980	807
2	2980	885
2	2980	932
2	2981	117
2	2981	217
2	2981	608
2	2982	394
2	2984	158
2	2986	481
2	2986	627
2	2986	887
2	2986	896
2	2988	729
2	2989	194
2	2989	563
2	2989	927
2	2990	236
2	2990	826
2	2993	118
2	2993	778
2	2994	366
2	2994	959
2	2997	407
2	2998	295
2	2999	136
2	2999	427
2	2999	610
2	3000	33
2	3000	490
2	3000	605
2	3002	24
2	3002	577
2	3003	70
2	3003	131
2	3004	423
2	3007	338
2	3008	285
2	3008	565
2	3009	8
2	3009	141
2	3009	760
2	3009	802
2	3011	20
2	3011	23
2	3012	529
2	3013	631
2	3013	653
2	3014	288
2	3014	448
2	3014	702
2	3015	113
2	3015	495
2	3016	197
2	3017	346
2	3017	743
2	3017	805
2	3018	230
2	3018	731
2	3019	83
2	3022	78
2	3024	237
2	3025	120
2	3025	287
2	3025	579
2	3026	12
2	3026	18
2	3027	537
2	3027	856
2	3030	411
2	3031	734
2	3032	757
2	3033	547
2	3033	929
2	3034	520
2	3036	241
2	3037	94
2	3038	48
2	3038	303
2	3039	349
2	3040	499
2	3041	687
2	3042	466
2	3044	266
2	3044	516
2	3046	201
2	3047	660
2	3047	680
2	3047	926
2	3048	341
2	3048	369
2	3048	677
2	3048	903
2	3049	270
2	3049	966
2	3050	774
2	3051	6
2	3051	264
2	3051	708
2	3051	984
2	3053	830
2	3054	207
2	3054	688
2	3056	573
2	3056	720
2	3056	847
2	3058	567
2	3059	112
2	3059	204
2	3059	439
2	3059	554
2	3060	240
2	3060	245
2	3061	405
2	3061	497
2	3061	530
2	3061	715
2	3062	19
2	3062	518
2	3062	548
2	3063	79
2	3064	11
2	3064	590
2	3064	609
2	3066	202
2	3067	964
2	3068	923
2	3069	401
2	3069	507
2	3070	37
2	3071	541
2	3072	80
2	3072	92
2	3075	514
2	3076	464
2	3076	589
2	3076	761
2	3077	259
2	3077	434
2	3078	101
2	3078	487
2	3079	321
2	3079	992
2	3080	441
2	3081	393
2	3082	671
2	3082	672
2	3082	833
2	3083	125
2	3083	521
2	3083	618
2	3085	314
2	3087	75
2	3088	184
2	3088	532
2	3088	756
2	3089	502
2	3090	795
2	3091	265
2	3092	46
2	3092	891
2	3093	13
2	3093	107
2	3094	365
2	3094	379
2	3094	747
2	3096	376
2	3096	412
2	3096	727
2	3096	930
2	3097	302
2	3099	169
2	3099	316
2	3099	505
2	3099	922
2	3101	114
2	3101	345
2	3101	631
2	3102	134
2	3103	568
2	3103	945
2	3104	167
2	3104	446
2	3105	546
2	3105	696
2	3106	569
2	3107	414
2	3108	364
2	3108	371
2	3108	935
2	3109	821
2	3110	802
2	3111	641
2	3112	961
2	3113	492
2	3115	59
2	3115	508
2	3115	884
2	3115	921
2	3120	89
2	3120	725
2	3121	452
2	3121	923
2	3122	478
2	3123	300
2	3127	261
2	3127	385
2	3129	213
2	3129	275
2	3129	927
2	3130	199
2	3130	513
2	3132	189
2	3133	282
2	3134	160
2	3134	384
2	3134	398
2	3134	866
2	3135	308
2	3136	255
2	3137	29
2	3137	500
2	3138	174
2	3138	269
2	3139	342
2	3139	705
2	3141	135
2	3141	544
2	3142	281
2	3142	496
2	3143	64
2	3143	348
2	3143	534
2	3143	673
2	3147	88
2	3147	712
2	3149	230
2	3149	249
2	3149	659
2	3149	775
2	3150	880
2	3152	392
2	3154	676
2	3155	82
2	3155	748
2	3157	203
2	3157	400
2	3158	831
2	3159	610
2	3159	992
2	3160	310
2	3160	624
2	3161	472
2	3162	416
2	3163	432
2	3163	682
2	3165	381
2	3165	951
2	3168	427
2	3168	661
2	3169	185
2	3170	60
2	3170	292
2	3171	525
2	3172	443
2	3173	102
2	3173	628
2	3173	629
2	3173	859
2	3174	234
2	3174	743
2	3175	156
2	3176	164
2	3176	290
2	3177	728
2	3179	326
2	3180	1000
2	3181	684
2	3182	5
2	3182	222
2	3182	456
2	3182	786
2	3183	578
2	3184	476
2	3184	606
2	3185	785
2	3186	84
2	3187	41
2	3187	471
2	3188	237
2	3191	97
2	3191	714
2	3192	155
2	3193	614
2	3194	63
2	3194	162
2	3195	130
2	3195	519
2	3197	423
2	3198	85
2	3199	81
2	3199	551
2	3200	172
2	3200	490
2	3200	695
2	3201	30
2	3201	386
2	3203	969
2	3205	391
2	3205	808
2	3205	845
2	3206	108
2	3208	984
2	3209	848
2	3210	846
2	3211	226
2	3211	252
2	3212	708
2	3212	716
2	3213	313
2	3213	625
2	3214	35
2	3215	6
2	3215	333
2	3217	271
2	3217	570
2	3217	943
2	3218	462
2	3219	620
2	3219	719
2	3221	397
2	3222	822
2	3223	77
2	3223	622
2	3223	797
2	3224	146
2	3224	278
2	3224	765
2	3225	223
2	3225	800
2	3226	524
2	3227	147
2	3227	528
2	3230	241
2	3230	470
2	3231	124
2	3232	151
2	3232	592
2	3232	792
2	3232	974
2	3233	196
2	3234	59
2	3235	388
2	3235	473
2	3236	26
2	3236	665
2	3236	915
2	3237	121
2	3237	393
2	3237	687
2	3238	167
2	3238	433
2	3238	603
2	3241	205
2	3241	941
2	3242	157
2	3242	780
2	3243	78
2	3244	93
2	3244	231
2	3244	318
2	3245	804
2	3245	917
2	3246	826
2	3247	771
2	3248	165
2	3248	643
2	3249	410
2	3249	876
2	3249	930
2	3250	138
2	3250	366
2	3250	598
2	3250	722
2	3251	479
2	3253	402
2	3254	236
2	3257	284
2	3257	677
2	3258	44
2	3259	347
2	3259	978
2	3260	163
2	3261	24
2	3264	541
2	3265	372
2	3265	428
2	3267	617
2	3269	201
2	3269	754
2	3269	759
2	3270	595
2	3272	972
2	3274	558
2	3274	706
2	3275	705
2	3276	764
2	3277	498
2	3279	943
2	3282	438
2	3283	286
2	3283	632
2	3284	497
2	3284	950
2	3285	640
2	3286	985
2	3287	779
2	3291	206
2	3292	229
2	3292	518
2	3292	587
2	3292	724
2	3293	351
2	3294	607
2	3297	287
2	3298	320
2	3299	451
2	3300	181
2	3300	435
2	3300	494
2	3300	758
2	3301	54
2	3302	42
2	3302	70
2	3302	427
2	3305	177
2	3305	843
2	3306	962
2	3306	971
2	3307	83
2	3307	549
2	3308	571
2	3311	319
2	3311	453
2	3311	919
2	3312	353
2	3312	440
2	3312	475
2	3315	33
2	3315	90
2	3315	466
2	3315	658
2	3316	355
2	3316	364
2	3317	106
2	3317	420
2	3317	610
2	3318	154
2	3318	560
2	3318	633
2	3318	729
2	3319	174
2	3319	309
2	3321	250
2	3321	349
2	3321	984
2	3322	374
2	3323	599
2	3323	637
2	3323	651
2	3324	546
2	3326	265
2	3326	460
2	3326	590
2	3327	493
2	3327	772
2	3328	243
2	3328	264
2	3328	330
2	3328	352
2	3328	565
2	3329	136
2	3330	11
2	3331	65
2	3331	299
2	3331	788
2	3331	803
2	3332	104
2	3332	114
2	3332	461
2	3334	908
2	3335	474
2	3335	520
2	3335	540
2	3337	740
2	3339	240
2	3339	447
2	3340	554
2	3340	575
2	3340	709
2	3342	55
2	3342	738
2	3343	258
2	3344	551
2	3346	814
2	3347	8
2	3347	312
2	3349	978
2	3350	693
2	3350	774
2	3350	794
2	3352	285
2	3352	556
2	3352	833
2	3353	601
2	3355	336
2	3355	849
2	3358	125
2	3360	456
2	3360	649
2	3360	980
2	3361	56
2	3361	544
2	3363	52
2	3363	257
2	3365	66
2	3365	463
2	3366	137
2	3366	335
2	3367	449
2	3368	133
2	3369	282
2	3369	325
2	3369	820
2	3370	577
2	3370	652
2	3370	917
2	3371	252
2	3371	256
2	3371	291
2	3372	692
2	3375	156
2	3375	559
2	3375	614
2	3375	696
2	3375	927
2	3376	182
2	3377	23
2	3378	230
2	3378	239
2	3378	732
2	3379	543
2	3379	572
2	3379	839
2	3381	234
2	3382	681
2	3382	730
2	3386	18
2	3386	593
2	3387	527
2	3387	942
2	3388	852
2	3388	970
2	3389	879
2	3389	959
2	3393	122
2	3393	212
2	3393	361
2	3395	741
2	3397	935
2	3398	812
2	3399	179
2	3400	289
2	3401	207
2	3402	742
2	3403	639
2	3406	219
2	3406	434
2	3408	100
2	3408	485
2	3408	985
2	3410	642
2	3411	685
2	3411	726
2	3412	489
2	3412	749
2	3413	176
2	3414	684
2	3415	51
2	3415	574
2	3416	228
2	3417	204
2	3418	454
2	3419	13
2	3419	606
2	3419	737
2	3420	233
2	3421	403
2	3421	486
2	3422	471
2	3423	126
2	3423	660
2	3424	507
2	3425	455
2	3428	879
2	3429	40
2	3429	216
2	3430	236
2	3430	753
2	3431	888
2	3432	196
2	3432	617
2	3433	89
2	3433	825
2	3434	359
2	3434	443
2	3434	578
2	3434	729
2	3435	521
2	3437	149
2	3437	547
2	3438	356
2	3441	743
2	3441	887
2	3442	529
2	3443	5
2	3443	370
2	3443	375
2	3443	549
2	3443	655
2	3443	781
2	3443	986
2	3444	94
2	3446	115
2	3448	668
2	3449	333
2	3449	625
2	3450	75
2	3450	426
2	3451	39
2	3451	135
2	3451	409
2	3451	501
2	3452	262
2	3452	433
2	3452	797
2	3452	914
2	3453	921
2	3454	872
2	3456	695
2	3458	3
2	3458	632
2	3458	782
2	3461	457
2	3461	698
2	3461	764
2	3462	79
2	3462	700
2	3463	503
2	3463	778
2	3464	218
2	3465	699
2	3467	689
2	3469	84
2	3469	178
2	3469	996
2	3472	398
2	3472	907
2	3473	290
2	3473	541
2	3473	799
2	3474	630
2	3476	180
2	3478	90
2	3480	43
2	3481	439
2	3481	852
2	3482	37
2	3482	223
2	3482	635
2	3485	103
2	3485	120
2	3485	427
2	3487	222
2	3487	390
2	3487	665
2	3487	941
2	3487	989
2	3488	397
2	3488	603
2	3489	408
2	3489	612
2	3492	502
2	3493	545
2	3493	824
2	3495	217
2	3495	384
2	3495	666
2	3495	804
2	3496	636
2	3496	816
2	3497	295
2	3499	145
2	3499	659
2	3500	161
2	3500	950
2	3501	792
2	3501	898
2	3504	394
2	3507	634
2	3507	754
2	3510	856
2	3510	955
2	3511	478
2	3513	125
2	3513	304
2	3513	683
2	3513	765
2	3514	789
2	3515	163
2	3516	202
2	3517	838
2	3518	58
2	3518	431
2	3518	978
2	3520	316
2	3520	319
2	3520	546
2	3521	374
2	3522	1
2	3522	494
2	3523	64
2	3523	646
2	3524	194
2	3526	358
2	3528	733
2	3529	588
2	3530	270
2	3530	717
2	3530	744
2	3531	209
2	3532	9
2	3532	144
2	3532	814
2	3533	451
2	3534	83
2	3535	991
2	3538	378
2	3538	637
2	3538	678
2	3539	213
2	3540	602
2	3540	996
2	3541	780
2	3543	720
2	3548	38
2	3548	688
2	3549	850
2	3549	926
2	3550	69
2	3551	391
2	3551	623
2	3552	364
2	3553	66
2	3554	294
2	3555	19
2	3555	821
2	3556	248
2	3556	876
2	3557	347
2	3560	211
2	3561	27
2	3561	315
2	3562	403
2	3563	418
2	3564	303
2	3565	400
2	3565	936
2	3566	237
2	3566	419
2	3567	597
2	3568	389
2	3568	790
2	3568	883
2	3569	538
2	3570	852
2	3571	380
2	3572	7
2	3572	769
2	3573	510
2	3573	660
2	3574	495
2	3575	723
2	3575	817
2	3576	670
2	3576	775
2	3577	566
2	3577	714
2	3579	533
2	3580	444
2	3581	405
2	3582	681
2	3583	759
2	3584	522
2	3584	896
2	3585	98
2	3586	386
2	3586	944
2	3588	902
2	3588	993
2	3589	421
2	3589	497
2	3589	778
2	3590	118
2	3590	782
2	3590	938
2	3592	230
2	3592	531
2	3593	622
2	3593	884
2	3595	466
2	3596	453
2	3596	523
2	3596	651
2	3596	715
2	3596	892
2	3597	504
2	3597	601
2	3598	385
2	3598	450
2	3598	508
2	3598	553
2	3599	271
2	3599	327
2	3600	26
2	3600	355
2	3600	423
2	3602	870
2	3603	42
2	3603	241
2	3603	964
2	3604	101
2	3604	560
2	3604	980
2	3605	100
2	3605	737
2	3606	362
2	3606	615
2	3607	2
2	3607	226
2	3607	349
2	3607	569
2	3608	428
2	3610	481
2	3610	995
2	3611	149
2	3611	436
2	3611	485
2	3612	354
2	3612	949
2	3613	590
2	3614	877
2	3614	886
2	3616	611
2	3616	966
2	3617	73
2	3618	544
2	3618	710
2	3619	520
2	3621	185
2	3621	221
2	3622	325
2	3622	339
2	3623	228
2	3623	577
2	3623	619
2	3623	634
2	3624	16
2	3625	115
2	3625	137
2	3625	370
2	3626	160
2	3627	41
2	3627	305
2	3628	141
2	3628	183
2	3628	236
2	3629	527
2	3629	837
2	3630	761
2	3632	110
2	3632	376
2	3632	417
2	3632	468
2	3632	519
2	3632	816
2	3633	132
2	3633	138
2	3633	265
2	3633	342
2	3634	704
2	3635	363
2	3635	505
2	3635	784
2	3635	864
2	3636	74
2	3636	791
2	3637	430
2	3638	765
2	3639	517
2	3640	287
2	3640	461
2	3642	147
2	3642	170
2	3642	240
2	3643	63
2	3643	130
2	3645	28
2	3646	102
2	3646	872
2	3648	585
2	3649	249
2	3649	311
2	3650	730
2	3652	53
2	3652	564
2	3654	332
2	3654	595
2	3654	722
2	3655	122
2	3655	697
2	3657	146
2	3658	856
2	3659	23
2	3659	396
2	3659	949
2	3660	322
2	3660	606
2	3661	302
2	3661	613
2	3662	206
2	3662	244
2	3662	525
2	3663	108
2	3663	616
2	3664	798
2	3664	890
2	3669	740
2	3669	932
2	3670	438
2	3670	456
2	3672	368
2	3672	498
2	3673	119
2	3673	373
2	3674	109
2	3674	272
2	3674	365
2	3675	89
2	3676	152
2	3676	427
2	3676	542
2	3677	707
2	3678	255
2	3678	562
2	3679	318
2	3679	457
2	3681	55
2	3681	133
2	3682	448
2	3682	809
2	3683	247
2	3684	264
2	3684	393
2	3684	753
2	3684	857
2	3687	550
2	3688	30
2	3688	974
2	3689	431
2	3689	806
2	3691	578
2	3692	638
2	3693	81
2	3694	543
2	3694	881
2	3695	174
2	3696	555
2	3696	708
2	3697	173
2	3697	942
2	3698	755
2	3699	111
2	3700	570
2	3700	805
2	3701	924
2	3702	839
2	3704	300
2	3705	20
2	3709	165
2	3710	490
2	3710	557
2	3710	792
2	3711	350
2	3712	793
2	3712	958
2	3714	640
2	3715	996
2	3718	848
2	3719	725
2	3720	596
2	3722	464
2	3726	40
2	3727	552
2	3727	679
2	3728	324
2	3729	535
2	3729	536
2	3730	387
2	3730	487
2	3731	574
2	3733	413
2	3734	465
2	3735	196
2	3735	358
2	3736	153
2	3736	540
2	3736	549
2	3736	943
2	3737	136
2	3737	486
2	3738	99
2	3738	290
2	3738	663
2	3739	941
2	3740	67
2	3740	85
2	3740	88
2	3740	580
2	3740	750
2	3741	604
2	3742	126
2	3742	314
2	3743	877
2	3744	441
2	3744	566
2	3744	769
2	3744	773
2	3745	504
2	3745	926
2	3746	446
2	3746	560
2	3748	541
2	3748	749
2	3750	553
2	3751	179
2	3751	639
2	3752	631
2	3753	148
2	3753	868
2	3754	636
2	3754	643
2	3754	676
2	3755	694
2	3756	319
2	3756	664
2	3756	712
2	3758	19
2	3758	381
2	3759	776
2	3761	204
2	3762	732
2	3763	586
2	3765	544
2	3766	494
2	3766	940
2	3767	47
2	3767	678
2	3769	668
2	3770	211
2	3771	571
2	3772	899
2	3773	649
2	3774	280
2	3774	916
2	3775	183
2	3775	475
2	3776	44
2	3777	423
2	3777	581
2	3779	675
2	3780	673
2	3781	316
2	3783	366
2	3783	948
2	3784	534
2	3785	29
2	3785	357
2	3788	840
2	3789	608
2	3792	175
2	3793	389
2	3793	467
2	3794	312
2	3794	500
2	3795	32
2	3795	73
2	3795	642
2	3798	17
2	3798	161
2	3798	195
2	3798	267
2	3800	626
2	3801	3
2	3803	1
2	3803	293
2	3803	669
2	3805	309
2	3805	962
2	3806	155
2	3806	404
2	3807	520
2	3808	442
2	3809	605
2	3809	955
2	3810	705
2	3812	736
2	3814	511
2	3815	547
2	3816	770
2	3816	775
2	3817	96
2	3818	890
2	3819	186
2	3819	253
2	3819	449
2	3819	684
2	3820	75
2	3821	145
2	3821	227
2	3821	410
2	3822	690
2	3822	729
2	3823	238
2	3823	680
2	3825	156
2	3825	243
2	3826	28
2	3826	77
2	3826	611
2	3826	759
2	3827	473
2	3828	289
2	3828	522
2	3828	575
2	3828	692
2	3829	168
2	3830	391
2	3832	205
2	3832	218
2	3832	431
2	3833	197
2	3833	527
2	3834	91
2	3834	491
2	3834	567
2	3835	150
2	3835	439
2	3835	925
2	3836	665
2	3837	126
2	3837	638
2	3839	149
2	3839	239
2	3839	354
2	3840	733
2	3843	76
2	3844	758
2	3845	53
2	3846	138
2	3846	191
2	3847	417
2	3847	597
2	3848	570
2	3849	284
2	3850	124
2	3850	407
2	3850	644
2	3851	83
2	3851	375
2	3851	880
2	3852	338
2	3854	158
2	3854	793
2	3854	906
2	3855	26
2	3855	772
2	3856	579
2	3856	814
2	3858	921
2	3859	765
2	3860	36
2	3861	61
2	3862	132
2	3862	480
2	3862	929
2	3863	492
2	3863	982
2	3864	351
2	3867	137
2	3867	292
2	3868	117
2	3869	116
2	3869	193
2	3870	260
2	3871	577
2	3871	585
2	3871	739
2	3872	521
2	3874	625
2	3874	652
2	3875	485
2	3875	781
2	3875	799
2	3876	335
2	3877	19
2	3877	869
2	3878	687
2	3879	232
2	3879	337
2	3880	628
2	3882	67
2	3882	176
2	3882	941
2	3883	433
2	3883	881
2	3883	954
2	3884	37
2	3884	144
2	3884	372
2	3884	924
2	3886	505
2	3887	532
2	3887	779
2	3887	995
2	3888	744
2	3888	898
2	3888	942
2	3889	160
2	3890	11
2	3890	174
2	3891	827
2	3892	829
2	3892	899
2	3894	95
2	3894	987
2	3895	371
2	3895	718
2	3896	268
2	3896	632
2	3898	478
2	3899	396
2	3900	306
2	3902	273
2	3902	524
2	3902	757
2	3903	542
2	3903	682
2	3906	251
2	3906	318
2	3907	330
2	3908	181
2	3909	43
2	3909	360
2	3909	766
2	3910	696
2	3911	6
2	3912	627
2	3914	121
2	3915	803
2	3916	634
2	3918	276
2	3919	8
2	3919	141
2	3920	210
2	3920	249
2	3920	461
2	3920	508
2	3920	554
2	3921	129
2	3921	573
2	3922	86
2	3922	223
2	3922	445
2	3925	653
2	3925	668
2	3925	912
2	3926	550
2	3926	921
2	3927	166
2	3927	265
2	3928	530
2	3928	588
2	3928	726
2	3928	883
2	3929	458
2	3930	409
2	3930	540
2	3931	236
2	3932	555
2	3932	635
2	3933	835
2	3933	916
2	3934	394
2	3935	47
2	3935	583
2	3935	591
2	3935	836
2	3937	907
2	3937	935
2	3938	135
2	3938	221
2	3938	397
2	3938	526
2	3939	90
2	3940	671
2	3941	582
2	3941	590
2	3943	378
2	3943	928
2	3944	178
2	3944	886
2	3944	931
2	3945	41
2	3946	51
2	3946	641
2	3947	838
2	3948	452
2	3948	455
2	3949	730
2	3951	897
2	3954	861
2	3957	519
2	3957	578
2	3958	680
2	3958	703
2	3958	884
2	3959	254
2	3959	258
2	3959	322
2	3959	437
2	3960	636
2	3960	817
2	3962	182
2	3962	270
2	3964	50
2	3964	734
2	3964	953
2	3965	784
2	3966	520
2	3967	219
2	3967	514
2	3967	853
2	3968	365
2	3968	572
2	3970	352
2	3971	44
2	3971	225
2	3971	742
2	3971	963
2	3972	101
2	3972	803
2	3975	754
2	3975	944
2	3975	961
2	3976	386
2	3976	595
2	3977	871
2	3978	287
2	3978	672
2	3978	698
2	3979	462
2	3980	499
2	3980	548
2	3981	315
2	3982	72
2	3983	899
2	3984	338
2	3987	165
2	3987	218
2	3988	857
2	3989	847
2	3991	329
2	3992	91
2	3992	435
2	3994	164
2	3994	299
2	3996	238
2	3997	527
2	3998	560
2	3999	415
2	3999	719
2	4000	713
2	4000	999
2	4001	848
2	4002	305
2	4002	836
2	4003	229
2	4005	100
2	4005	264
2	4005	277
2	4006	937
2	4007	260
2	4008	52
2	4008	616
2	4008	792
2	4008	998
2	4010	342
2	4011	822
2	4011	965
2	4012	214
2	4014	786
2	4015	951
2	4016	699
2	4019	244
2	4020	242
2	4020	355
2	4020	705
2	4022	424
2	4022	500
2	4022	663
2	4024	308
2	4025	556
2	4025	644
2	4025	790
2	4026	727
2	4027	809
2	4028	267
2	4029	574
2	4030	778
2	4030	796
2	4031	9
2	4031	278
2	4031	624
2	4033	820
2	4034	552
2	4036	558
2	4037	102
2	4038	43
2	4038	645
2	4039	92
2	4040	351
2	4040	646
2	4041	923
2	4042	306
2	4043	347
2	4043	1000
2	4045	456
2	4046	80
2	4047	237
2	4047	633
2	4048	272
2	4049	366
2	4049	704
2	4050	186
2	4051	143
2	4051	212
2	4054	744
2	4055	96
2	4055	344
2	4055	649
2	4056	290
2	4056	803
2	4057	282
2	4057	607
2	4058	702
2	4059	115
2	4059	298
2	4059	563
2	4059	596
2	4059	685
2	4060	613
2	4061	379
2	4061	405
2	4061	603
2	4064	896
2	4064	976
2	4066	268
2	4066	390
2	4066	533
2	4066	638
2	4067	697
2	4069	71
2	4071	569
2	4072	189
2	4072	196
2	4072	213
2	4073	429
2	4074	224
2	4074	493
2	4075	153
2	4075	789
2	4076	504
2	4077	63
2	4079	110
2	4079	952
2	4080	442
2	4081	632
2	4082	494
2	4082	540
2	4084	526
2	4085	294
2	4085	899
2	4086	193
2	4086	312
2	4087	208
2	4087	772
2	4088	149
2	4088	562
2	4089	82
2	4090	200
2	4090	927
2	4091	452
2	4092	586
2	4092	739
2	4093	815
2	4094	210
2	4095	749
2	4096	369
2	4096	658
2	4096	746
2	4098	497
2	4098	657
2	4099	543
2	4100	622
2	4101	509
2	4101	709
2	4103	929
2	4104	416
2	4105	126
2	4107	345
2	4109	393
2	4110	777
2	4111	37
2	4111	352
2	4112	495
2	4114	61
2	4115	376
2	4115	434
2	4116	763
2	4118	498
2	4120	656
2	4120	965
2	4121	408
2	4121	678
2	4121	718
2	4122	310
2	4122	627
2	4122	921
2	4125	370
2	4126	127
2	4126	630
2	4127	592
2	4128	654
2	4128	858
2	4129	24
2	4131	381
2	4132	587
2	4133	581
2	4134	75
2	4134	775
2	4134	934
2	4135	314
2	4136	583
2	4137	262
2	4137	745
2	4138	604
2	4139	17
2	4139	483
2	4141	18
2	4143	221
2	4143	271
2	4145	641
2	4146	107
2	4146	170
2	4148	156
2	4148	468
2	4148	807
2	4152	441
2	4153	301
2	4153	859
2	4154	402
2	4155	95
2	4155	392
2	4155	668
2	4156	192
2	4157	317
2	4158	167
2	4160	112
2	4160	227
2	4160	331
2	4162	955
2	4164	346
2	4165	594
2	4167	341
2	4167	875
2	4169	920
2	4170	67
2	4170	117
2	4170	122
2	4170	588
2	4170	680
2	4170	924
2	4172	967
2	4173	16
2	4173	333
2	4173	911
2	4175	406
2	4176	86
2	4176	633
2	4177	321
2	4177	776
2	4179	48
2	4179	414
2	4179	800
2	4180	676
2	4181	72
2	4181	175
2	4181	478
2	4182	217
2	4182	752
2	4183	92
2	4183	852
2	4184	522
2	4184	734
2	4184	915
2	4185	51
2	4185	276
2	4185	344
2	4187	27
2	4187	146
2	4187	637
2	4189	222
2	4189	951
2	4190	159
2	4191	196
2	4193	925
2	4194	482
2	4195	66
2	4195	270
2	4197	470
2	4197	582
2	4197	829
2	4198	957
2	4199	792
2	4200	539
2	4200	789
2	4202	116
2	4202	754
2	4203	361
2	4203	628
2	4205	449
2	4206	180
2	4206	548
2	4207	322
2	4207	518
2	4208	625
2	4209	284
2	4209	620
2	4209	892
2	4210	256
2	4210	706
2	4211	38
2	4213	77
2	4214	134
2	4215	7
2	4218	214
2	4218	312
2	4218	634
2	4219	57
2	4219	299
2	4220	238
2	4220	283
2	4220	685
2	4221	563
2	4222	23
2	4223	516
2	4223	863
2	4224	645
2	4225	185
2	4225	187
2	4226	770
2	4226	995
2	4227	53
2	4227	553
2	4228	994
2	4229	502
2	4230	820
2	4231	52
2	4232	679
2	4233	390
2	4233	575
2	4234	206
2	4234	558
2	4235	827
2	4237	12
2	4237	179
2	4238	311
2	4238	421
2	4239	326
2	4239	371
2	4240	288
2	4240	580
2	4242	765
2	4243	3
2	4245	556
2	4245	920
2	4246	205
2	4246	681
2	4246	779
2	4246	930
2	4247	486
2	4249	142
2	4249	417
2	4250	152
2	4250	209
2	4250	234
2	4253	517
2	4253	866
2	4255	297
2	4256	114
2	4257	439
2	4259	257
2	4260	298
2	4260	874
2	4261	771
2	4262	436
2	4265	538
2	4265	798
2	4266	398
2	4267	81
2	4267	520
2	4267	521
2	4268	160
2	4268	204
2	4268	960
2	4268	962
2	4269	666
2	4270	796
2	4271	173
2	4271	302
2	4271	591
2	4274	793
2	4274	984
2	4276	561
2	4277	324
2	4279	313
2	4280	578
2	4282	847
2	4283	851
2	4283	972
2	4284	235
2	4284	826
2	4285	573
2	4286	109
2	4287	764
2	4288	744
2	4288	784
2	4292	170
2	4292	208
2	4293	993
2	4294	707
2	4295	488
2	4296	241
2	4299	658
2	4301	403
2	4302	511
2	4303	243
2	4303	353
2	4304	552
2	4305	641
2	4307	423
2	4307	579
2	4308	590
2	4310	88
2	4310	217
2	4310	321
2	4311	413
2	4312	258
2	4313	734
2	4315	163
2	4315	286
2	4317	46
2	4318	78
2	4318	264
2	4318	444
2	4319	535
2	4320	8
2	4324	294
2	4324	395
2	4324	950
2	4325	310
2	4325	342
2	4325	355
2	4325	548
2	4326	289
2	4329	280
2	4329	365
2	4333	284
2	4333	543
2	4333	632
2	4334	151
2	4334	207
2	4335	983
2	4336	690
2	4336	757
2	4337	194
2	4339	126
2	4339	250
2	4341	82
2	4343	328
2	4344	141
2	4344	839
2	4344	965
2	4347	336
2	4347	665
2	4347	760
2	4348	667
2	4349	197
2	4349	900
2	4350	202
2	4351	924
2	4352	158
2	4354	510
2	4354	683
2	4355	554
2	4355	627
2	4357	148
2	4357	308
2	4359	171
2	4359	464
2	4360	914
2	4363	404
2	4364	164
2	4365	514
2	4366	429
2	4366	695
2	4367	6
2	4367	792
2	4367	980
2	4369	263
2	4369	915
2	4370	253
2	4370	974
2	4371	118
2	4373	184
2	4373	326
2	4373	716
2	4374	401
2	4374	889
2	4376	523
2	4376	725
2	4378	222
2	4378	570
2	4378	749
2	4379	776
2	4380	550
2	4381	31
2	4381	657
2	4383	406
2	4383	805
2	4385	62
2	4385	416
2	4385	623
2	4388	165
2	4388	288
2	4389	869
2	4393	408
2	4395	323
2	4396	153
2	4396	593
2	4397	40
2	4397	224
2	4397	287
2	4397	739
2	4398	607
2	4400	951
2	4401	324
2	4401	489
2	4401	678
2	4402	449
2	4402	453
2	4403	553
2	4403	629
2	4404	246
2	4405	354
2	4405	388
2	4406	527
2	4406	866
2	4407	278
2	4407	456
2	4408	369
2	4408	688
2	4408	983
2	4410	740
2	4410	775
2	4411	389
2	4411	417
2	4412	127
2	4413	48
2	4413	108
2	4413	620
2	4415	993
2	4416	937
2	4417	454
2	4420	501
2	4421	93
2	4421	214
2	4421	728
2	4422	613
2	4422	624
2	4423	230
2	4423	487
2	4424	238
2	4424	781
2	4425	541
2	4425	559
2	4426	656
2	4426	726
2	4427	107
2	4428	176
2	4428	275
2	4428	947
2	4429	100
2	4429	586
2	4430	500
2	4430	843
2	4430	850
2	4431	212
2	4431	227
2	4432	711
2	4433	81
2	4433	116
2	4433	317
2	4433	617
2	4434	483
2	4435	211
2	4435	765
2	4436	305
2	4436	480
2	4436	537
2	4437	806
2	4438	631
2	4438	848
2	4439	183
2	4439	610
2	4439	671
2	4441	231
2	4441	445
2	4441	625
2	4441	636
2	4442	132
2	4442	166
2	4442	189
2	4442	357
2	4442	783
2	4443	232
2	4443	700
2	4443	754
2	4445	334
2	4446	668
2	4447	149
2	4447	546
2	4447	741
2	4447	873
2	4449	473
2	4449	517
2	4450	208
2	4451	38
2	4451	228
2	4452	76
2	4452	111
2	4452	120
2	4452	220
2	4452	482
2	4452	884
2	4453	506
2	4453	572
2	4454	233
2	4455	98
2	4455	778
2	4456	20
2	4456	133
2	4457	272
2	4460	407
2	4462	269
2	4462	273
2	4462	640
2	4463	816
2	4464	19
2	4464	249
2	4464	791
2	4465	466
2	4465	789
2	4466	738
2	4468	121
2	4468	320
2	4468	796
2	4469	692
2	4469	755
2	4469	915
2	4470	223
2	4470	370
2	4471	186
2	4472	367
2	4473	313
2	4473	402
2	4473	602
2	4476	734
2	4477	191
2	4477	795
2	4478	283
2	4478	327
2	4479	922
2	4480	156
2	4480	655
2	4481	131
2	4483	841
2	4484	5
2	4485	142
2	4486	944
2	4488	225
2	4489	463
2	4491	119
2	4491	594
2	4491	917
2	4495	386
2	4496	92
2	4497	307
2	4497	863
2	4497	956
2	4498	126
2	4498	812
2	4499	8
2	4501	336
2	4501	344
2	4502	502
2	4504	431
2	4506	571
2	4506	984
2	4507	576
2	4508	451
2	4508	598
2	4509	348
2	4509	824
2	4510	415
2	4510	721
2	4511	504
2	4511	573
2	4512	465
2	4513	557
2	4514	150
2	4514	945
2	4515	588
2	4519	53
2	4519	353
2	4519	514
2	4520	145
2	4522	638
2	4523	210
2	4523	641
2	4523	689
2	4525	683
2	4526	160
2	4526	243
2	4526	670
2	4527	338
2	4528	282
2	4528	368
2	4529	492
2	4529	674
2	4530	619
2	4532	485
2	4532	747
2	4533	536
2	4533	654
2	4533	748
2	4535	382
2	4537	115
2	4537	204
2	4537	235
2	4537	681
2	4540	679
2	4541	410
2	4541	713
2	4542	569
2	4542	946
2	4543	151
2	4543	178
2	4543	403
2	4544	436
2	4545	205
2	4545	785
2	4548	266
2	4551	318
2	4551	800
2	4553	168
2	4555	990
2	4556	470
2	4558	881
2	4560	631
2	4560	790
2	4561	364
2	4563	221
2	4563	970
2	4565	567
2	4566	149
2	4566	710
2	4566	937
2	4568	632
2	4569	26
2	4569	308
2	4570	763
2	4573	136
2	4573	164
2	4574	664
2	4574	806
2	4575	773
2	4576	552
2	4576	612
2	4576	767
2	4577	112
2	4577	216
2	4577	531
2	4577	643
2	4578	669
2	4578	756
2	4578	828
2	4580	12
2	4580	273
2	4580	395
2	4580	999
2	4581	224
2	4581	475
2	4584	109
2	4584	333
2	4588	743
2	4589	369
2	4590	83
2	4590	663
2	4592	413
2	4592	757
2	4593	833
2	4594	199
2	4595	24
2	4595	496
2	4595	904
2	4596	9
2	4596	147
2	4596	378
2	4596	676
2	4597	130
2	4597	304
2	4597	652
2	4598	141
2	4599	587
2	4599	656
2	4600	323
2	4600	880
2	4601	707
2	4603	481
2	4603	714
2	4603	855
2	4604	402
2	4604	411
2	4604	950
2	4605	91
2	4605	171
2	4605	678
2	4606	998
2	4607	16
2	4607	791
2	4609	349
2	4609	667
2	4610	162
2	4612	367
2	4612	760
2	4616	268
2	4618	184
2	4618	252
2	4618	262
2	4618	817
2	4620	190
2	4620	421
2	4620	846
2	4621	220
2	4627	206
2	4627	312
2	4627	398
2	4627	518
2	4627	611
2	4629	620
2	4629	636
2	4630	617
2	4631	19
2	4631	463
2	4632	196
2	4633	895
2	4634	377
2	4636	192
2	4636	380
2	4636	635
2	4637	596
2	4637	610
2	4637	890
2	4638	861
2	4640	556
2	4641	122
2	4641	659
2	4641	839
2	4643	739
2	4643	929
2	4644	172
2	4644	298
2	4644	608
2	4645	439
2	4647	20
2	4647	69
2	4648	222
2	4651	709
2	4651	874
2	4652	472
2	4653	4
2	4653	58
2	4653	99
2	4653	821
2	4655	311
2	4656	10
2	4657	52
2	4657	173
2	4658	259
2	4660	191
2	4660	278
2	4661	438
2	4662	154
2	4662	394
2	4662	430
2	4664	225
2	4664	444
2	4665	685
2	4666	127
2	4666	293
2	4666	823
2	4667	322
2	4668	211
2	4670	230
2	4670	424
2	4670	537
2	4671	289
2	4672	797
2	4673	73
2	4673	420
2	4673	890
2	4674	1
2	4674	477
2	4675	126
2	4675	966
2	4676	90
2	4676	597
2	4677	335
2	4677	915
2	4677	969
2	4678	256
2	4678	921
2	4679	119
2	4680	527
2	4680	539
2	4680	923
2	4680	971
2	4681	576
2	4682	497
2	4683	328
2	4683	666
2	4684	417
2	4684	696
2	4686	363
2	4686	452
2	4686	871
2	4688	446
2	4689	541
2	4690	144
2	4691	694
2	4692	160
2	4692	917
2	4693	605
2	4695	630
2	4698	580
2	4699	432
2	4699	655
2	4700	819
2	4703	57
2	4703	768
2	4703	935
2	4706	143
2	4706	606
2	4706	722
2	4707	187
2	4707	564
2	4710	689
2	4713	167
2	4713	547
2	4713	759
2	4714	218
2	4714	918
2	4716	745
2	4718	543
2	4719	775
2	4720	133
2	4721	485
2	4724	499
2	4725	488
2	4726	711
2	4727	9
2	4727	783
2	4728	24
2	4728	734
2	4729	36
2	4730	340
2	4730	690
2	4730	724
2	4731	39
2	4731	158
2	4732	214
2	4734	60
2	4734	93
2	4734	116
2	4734	297
2	4734	486
2	4734	975
2	4735	534
2	4735	793
2	4735	845
2	4735	933
2	4735	942
2	4736	766
2	4737	30
2	4737	662
2	4738	767
2	4740	102
2	4740	513
2	4741	320
2	4742	239
2	4742	450
2	4742	453
2	4742	637
2	4743	920
2	4745	146
2	4745	794
2	4746	640
2	4747	816
2	4748	338
2	4748	997
2	4749	277
2	4749	765
2	4750	884
2	4752	123
2	4752	883
2	4753	717
2	4754	345
2	4754	811
2	4755	631
2	4755	633
2	4758	804
2	4759	33
2	4760	46
2	4760	253
2	4760	343
2	4760	351
2	4760	624
2	4761	339
2	4762	524
2	4763	381
2	4763	735
2	4765	964
2	4770	357
2	4771	97
2	4771	391
2	4771	548
2	4772	601
2	4773	115
2	4774	479
2	4774	641
2	4775	362
2	4775	577
2	4775	603
2	4776	81
2	4776	135
2	4776	385
2	4776	860
2	4777	5
2	4777	76
2	4779	350
2	4780	308
2	4780	458
2	4781	112
2	4781	664
2	4782	750
2	4783	365
2	4783	674
2	4783	876
2	4784	358
2	4786	471
2	4787	205
2	4787	807
2	4789	131
2	4789	356
2	4789	566
2	4790	506
2	4791	83
2	4792	224
2	4792	665
2	4793	185
2	4794	353
2	4795	715
2	4795	932
2	4796	986
2	4797	71
2	4797	562
2	4798	254
2	4799	27
2	4801	107
2	4801	204
2	4801	781
2	4803	489
2	4803	658
2	4804	211
2	4806	321
2	4806	481
2	4806	881
2	4807	250
2	4809	677
2	4810	457
2	4812	428
2	4815	688
2	4817	522
2	4818	201
2	4819	54
2	4819	145
2	4819	150
2	4819	678
2	4819	703
2	4820	149
2	4820	504
2	4820	680
2	4820	870
2	4821	17
2	4822	212
2	4822	579
2	4824	154
2	4824	398
2	4824	402
2	4824	900
2	4825	352
2	4826	166
2	4826	546
2	4827	116
2	4827	478
2	4827	525
2	4827	855
2	4827	964
2	4828	581
2	4828	621
2	4829	203
2	4832	179
2	4833	523
2	4833	863
2	4834	636
2	4834	775
2	4835	44
2	4835	62
2	4835	124
2	4836	595
2	4837	516
2	4838	79
2	4838	946
2	4839	8
2	4839	383
2	4839	497
2	4840	850
2	4841	184
2	4842	961
2	4843	590
2	4843	997
2	4845	89
2	4846	994
2	4847	756
2	4849	160
2	4851	517
2	4851	528
2	4851	550
2	4853	482
2	4854	360
2	4854	747
2	4858	724
2	4858	751
2	4859	611
2	4860	654
2	4861	433
2	4863	368
2	4863	446
2	4863	635
2	4863	952
2	4864	53
2	4864	591
2	4866	510
2	4867	767
2	4867	788
2	4868	280
2	4869	18
2	4870	466
2	4870	513
2	4872	52
2	4872	193
2	4873	251
2	4873	283
2	4873	830
2	4874	47
2	4875	397
2	4876	346
2	4877	161
2	4877	760
2	4878	271
2	4878	472
2	4878	862
2	4878	909
2	4878	940
2	4879	215
2	4879	222
2	4879	563
2	4879	939
2	4879	968
2	4880	779
2	4881	182
2	4882	78
2	4882	92
2	4883	156
2	4883	893
2	4886	318
2	4886	627
2	4887	399
2	4887	824
2	4888	59
2	4889	634
2	4890	407
2	4894	820
2	4897	553
2	4898	148
2	4898	503
2	4898	983
2	4899	467
2	4900	312
2	4901	143
2	4901	152
2	4901	605
2	4902	96
2	4902	282
2	4902	652
2	4905	663
2	4906	19
2	4906	140
2	4906	348
2	4906	470
2	4906	536
2	4907	955
2	4908	668
2	4910	206
2	4910	309
2	4910	715
2	4911	988
2	4912	103
2	4913	77
2	4913	378
2	4913	556
2	4913	861
2	4914	808
2	4915	507
2	4916	429
2	4916	802
2	4918	252
2	4918	544
2	4919	453
2	4922	4
2	4922	666
2	4923	592
2	4923	918
2	4925	329
2	4926	669
2	4926	762
2	4928	617
2	4928	684
2	4929	543
2	4931	706
2	4932	229
2	4932	473
2	4933	188
2	4934	696
2	4937	300
2	4937	593
2	4937	881
2	4938	162
2	4939	170
2	4941	174
2	4942	454
2	4944	361
2	4944	367
2	4945	219
2	4946	276
2	4947	228
2	4948	274
2	4948	843
2	4949	315
2	4949	364
2	4949	370
2	4950	480
2	4950	564
2	4951	90
2	4951	464
2	4952	380
2	4952	765
2	4953	421
2	4954	356
2	4954	518
2	4954	677
2	4956	76
2	4956	651
2	4958	731
2	4958	748
2	4959	918
2	4960	127
2	4960	291
2	4960	554
2	4961	389
2	4961	410
2	4962	675
2	4963	425
2	4963	798
2	4965	32
2	4965	462
2	4965	581
2	4965	681
2	4965	729
2	4966	996
2	4967	442
2	4967	474
2	4967	514
2	4969	216
2	4969	393
2	4969	797
2	4970	255
2	4971	102
2	4971	886
2	4971	977
2	4972	294
2	4973	794
2	4974	114
2	4976	521
2	4977	323
2	4982	737
2	4984	1
2	4984	857
2	4985	172
2	4986	132
2	4986	519
2	4986	577
2	4986	754
2	4986	942
2	4988	110
2	4989	100
2	4989	221
2	4989	604
2	4991	980
2	4992	186
2	4993	128
2	4993	138
2	4994	65
2	4994	175
2	4994	630
2	4995	779
2	4996	774
2	4999	561
2	5000	245
