2	-1	0
2	2	692
2	3	26
2	3	438
2	3	664
2	4	46
2	4	467
2	4	734
2	6	117
2	7	55
2	9	209
2	10	210
2	10	508
2	11	134
2	13	137
2	14	52
2	15	354
2	15	518
2	15	601
2	16	308
2	16	561
2	17	294
2	17	422
2	18	14
2	18	305
2	18	735
2	19	765
2	19	968
2	20	376
2	22	71
2	23	658
2	24	629
2	24	693
2	25	382
2	25	504
2	25	587
2	25	784
2	26	797
2	26	816
2	28	392
2	30	82
2	30	961
2	31	251
2	31	711
2	32	942
2	33	690
2	34	471
2	34	574
2	34	701
2	36	452
2	37	151
2	37	204
2	37	275
2	38	101
2	38	375
2	38	425
2	39	166
2	40	888
2	42	231
2	43	750
2	48	31
2	48	873
2	51	153
2	51	316
2	51	548
2	52	345
2	52	551
2	54	573
2	55	62
2	55	522
2	56	143
2	57	229
2	57	262
2	58	133
2	58	695
2	59	936
2	60	962
2	62	517
2	62	928
2	62	986
2	64	261
2	65	21
2	65	441
2	65	673
2	66	499
2	68	549
2	69	399
2	74	77
2	75	170
2	75	542
2	75	882
2	76	169
2	77	298
2	77	618
2	78	147
2	79	162
2	79	175
2	80	446
2	80	681
2	81	263
2	82	657
2	83	703
2	85	119
2	86	191
2	86	496
2	87	6
2	87	644
2	88	596
2	89	571
2	93	479
2	95	390
2	95	464
2	100	154
2	100	946
2	101	428
2	102	570
2	102	698
2	103	96
2	103	286
2	104	620
2	105	192
2	106	924
2	107	523
2	108	129
2	108	197
2	109	913
2	112	335
2	113	10
2	113	312
2	114	247
2	115	845
2	116	423
2	116	504
2	117	135
2	117	183
2	117	325
2	119	341
2	119	775
2	120	411
2	124	458
2	125	84
2	125	336
2	125	809
2	126	754
2	127	295
2	127	531
2	127	578
2	127	763
2	127	812
2	129	384
2	129	553
2	130	75
2	130	167
2	131	669
2	132	451
2	132	566
2	133	59
2	133	538
2	135	176
2	135	457
2	136	409
2	137	242
2	137	332
2	137	360
2	137	494
2	137	974
2	138	961
2	139	462
2	139	787
2	139	965
2	141	27
2	141	990
2	143	90
2	143	97
2	148	492
2	150	207
2	150	463
2	151	405
2	155	82
2	157	368
2	157	460
2	158	205
2	158	946
2	159	559
2	160	114
2	160	210
2	162	683
2	163	528
2	163	616
2	167	361
2	168	328
2	170	565
2	171	61
2	171	473
2	171	927
2	172	609
2	172	628
2	172	747
2	173	278
2	175	243
2	175	577
2	176	818
2	176	823
2	177	101
2	177	224
2	181	670
2	181	894
2	182	32
2	182	602
2	183	26
2	184	99
2	185	720
2	185	828
2	186	442
2	186	631
2	189	48
2	190	1
2	190	19
2	191	954
2	194	7
2	194	104
2	195	212
2	195	685
2	195	802
2	195	984
2	196	250
2	196	403
2	196	647
2	197	229
2	199	636
2	200	281
2	203	71
2	203	330
2	203	550
2	205	459
2	206	31
2	206	69
2	207	764
2	207	853
2	208	633
2	209	83
2	209	220
2	209	373
2	209	440
2	211	305
2	211	786
2	212	338
2	213	872
2	215	624
2	216	252
2	216	870
2	217	100
2	218	233
2	218	263
2	219	182
2	220	590
2	220	623
2	221	708
2	222	843
2	224	270
2	227	482
2	227	516
2	227	642
2	228	49
2	229	80
2	229	798
2	232	648
2	233	933
2	235	839
2	236	756
2	237	198
2	237	290
2	237	356
2	237	961
2	238	175
2	240	474
2	240	515
2	243	604
2	244	429
2	244	690
2	244	766
2	245	718
2	245	787
2	247	656
2	249	622
2	249	733
2	252	420
2	252	895
2	255	784
2	256	249
2	257	54
2	257	425
2	258	230
2	259	244
2	259	676
2	260	93
2	260	123
2	260	189
2	261	113
2	261	952
2	262	3
2	263	160
2	263	234
2	263	700
2	264	72
2	267	287
2	267	663
2	270	495
2	273	857
2	279	426
2	279	667
2	280	632
2	280	898
2	283	38
2	283	91
2	283	272
2	283	293
2	283	294
2	283	854
2	284	28
2	284	286
2	285	307
2	285	518
2	285	746
2	286	13
2	287	226
2	288	740
2	288	832
2	289	463
2	291	456
2	292	697
2	294	45
2	294	736
2	296	359
2	296	625
2	296	847
2	297	427
2	297	512
2	300	85
2	300	120
2	300	157
2	302	310
2	302	669
2	302	914
2	303	405
2	305	811
2	308	142
2	309	23
2	312	203
2	312	387
2	312	666
2	313	76
2	313	295
2	313	970
2	314	433
2	314	539
2	314	877
2	316	117
2	317	108
2	317	745
2	318	216
2	318	799
2	321	987
2	322	261
2	323	271
2	323	1000
2	324	931
2	328	365
2	329	638
2	329	776
2	330	236
2	331	29
2	332	179
2	334	964
2	336	603
2	337	478
2	338	227
2	338	485
2	339	8
2	340	1
2	340	220
2	340	292
2	340	820
2	340	849
2	341	504
2	342	168
2	342	253
2	345	191
2	345	686
2	345	772
2	346	892
2	347	107
2	348	381
2	349	177
2	349	360
2	349	437
2	349	787
2	351	363
2	351	490
2	352	34
2	354	926
2	355	61
2	356	68
2	360	308
2	360	660
2	361	25
2	361	750
2	362	201
2	362	328
2	364	208
2	364	402
2	364	410
2	365	164
2	365	445
2	366	66
2	366	89
2	370	33
2	370	355
2	372	190
2	374	951
2	375	241
2	375	580
2	375	655
2	376	648
2	377	170
2	377	884
2	378	338
2	379	145
2	379	719
2	379	778
2	380	896
2	381	301
2	382	569
2	383	523
2	383	602
2	384	50
2	384	144
2	384	165
2	384	649
2	385	980
2	387	100
2	389	458
2	390	434
2	391	547
2	392	41
2	392	56
2	392	946
2	393	425
2	393	659
2	394	305
2	394	606
2	394	637
2	395	528
2	397	575
2	400	73
2	402	17
2	402	573
2	402	692
2	404	32
2	404	556
2	405	413
2	405	482
2	405	853
2	406	611
2	407	185
2	408	7
2	410	370
2	411	868
2	415	96
2	416	302
2	421	340
2	424	527
2	424	738
2	424	886
2	425	156
2	426	487
2	429	131
2	430	233
2	430	662
2	433	448
2	434	420
2	434	732
2	435	280
2	437	267
2	438	152
2	438	824
2	440	586
2	440	831
2	441	331
2	441	590
2	441	756
2	441	760
2	441	957
2	443	918
2	444	542
2	446	133
2	449	174
2	449	744
2	450	205
2	452	123
2	453	975
2	455	386
2	455	643
2	455	676
2	457	826
2	459	657
2	459	908
2	461	641
2	464	105
2	467	875
2	467	947
2	468	283
2	471	297
2	471	711
2	475	245
2	475	594
2	475	650
2	476	963
2	477	956
2	481	227
2	481	380
2	483	613
2	485	357
2	485	402
2	487	55
2	488	276
2	489	374
2	490	115
2	490	323
2	490	798
2	492	212
2	493	250
2	493	948
2	494	400
2	494	681
2	495	669
2	496	800
2	497	727
2	499	503
2	500	150
2	502	154
2	502	768
2	502	971
2	503	137
2	504	493
2	504	617
2	504	793
2	505	682
2	505	799
2	506	395
2	507	136
2	509	398
2	509	557
2	509	584
2	509	694
2	512	261
2	513	53
2	514	634
2	514	773
2	515	199
2	515	568
2	515	605
2	516	636
2	518	196
2	519	85
2	519	419
2	520	396
2	522	216
2	522	551
2	523	165
2	524	43
2	525	311
2	525	381
2	526	325
2	526	674
2	526	702
2	527	696
2	528	483
2	528	725
2	529	449
2	530	444
2	530	564
2	531	417
2	531	455
2	532	409
2	534	78
2	534	103
2	534	482
2	534	560
2	535	25
2	535	675
2	535	903
2	535	951
2	536	831
2	539	715
2	539	967
2	540	254
2	540	309
2	543	36
2	544	382
2	545	758
2	548	256
2	550	729
2	552	8
2	552	95
2	552	432
2	552	787
2	552	788
2	554	439
2	554	749
2	554	774
2	555	511
2	555	924
2	557	194
2	558	707
2	558	814
2	560	241
2	561	44
2	561	210
2	562	479
2	564	184
2	566	619
2	570	310
2	570	589
2	570	671
2	571	291
2	572	378
2	573	389
2	577	209
2	577	521
2	578	229
2	578	668
2	579	586
2	579	841
2	580	665
2	581	252
2	581	271
2	581	332
2	582	626
2	583	667
2	583	797
2	584	65
2	584	431
2	585	958
2	586	718
2	588	371
2	588	687
2	589	475
2	590	645
2	593	56
2	593	99
2	593	497
2	594	534
2	595	640
2	596	488
2	597	18
2	597	155
2	598	66
2	598	302
2	599	678
2	600	982
2	601	653
2	602	955
2	603	473
2	604	424
2	604	849
2	605	51
2	605	208
2	605	222
2	605	249
2	605	777
2	606	143
2	608	463
2	609	117
2	612	57
2	614	19
2	615	128
2	615	546
2	615	583
2	616	659
2	616	796
2	618	387
2	619	77
2	619	145
2	619	296
2	619	385
2	620	315
2	621	161
2	621	620
2	621	783
2	621	857
2	622	76
2	622	535
2	624	423
2	624	651
2	624	765
2	625	555
2	627	239
2	627	784
2	631	501
2	631	688
2	631	937
2	633	344
2	635	341
2	636	108
2	636	932
2	637	755
2	638	833
2	639	763
2	639	891
2	640	394
2	640	444
2	641	590
2	644	87
2	644	297
2	646	150
2	646	264
2	648	72
2	648	413
2	649	22
2	649	307
2	649	828
2	650	936
2	651	842
2	654	314
2	654	762
2	655	641
2	656	433
2	658	448
2	658	573
2	658	705
2	660	98
2	660	275
2	661	533
2	663	298
2	663	476
2	664	734
2	665	343
2	665	740
2	665	925
2	667	591
2	667	744
2	668	628
2	669	408
2	670	188
2	671	840
2	672	901
2	673	686
2	673	972
2	677	621
2	677	785
2	678	180
2	678	520
2	679	790
2	681	8
2	681	348
2	683	354
2	684	407
2	685	418
2	685	741
2	686	52
2	688	435
2	688	737
2	689	272
2	689	346
2	690	304
2	690	578
2	691	116
2	691	943
2	693	70
2	695	73
2	695	441
2	695	969
2	696	313
2	699	141
2	699	562
2	700	4
2	700	124
2	700	576
2	701	55
2	701	112
2	701	406
2	703	221
2	705	58
2	705	396
2	706	39
2	707	279
2	707	330
2	709	110
2	709	668
2	711	910
2	713	577
2	713	904
2	716	819
2	720	656
2	721	34
2	721	184
2	722	209
2	722	431
2	723	644
2	723	770
2	727	101
2	727	165
2	728	629
2	728	818
2	729	104
2	730	197
2	730	852
2	732	712
2	733	50
2	733	189
2	735	79
2	737	218
2	737	326
2	738	329
2	738	660
2	739	623
2	741	731
2	742	382
2	742	521
2	743	602
2	744	631
2	749	711
2	750	437
2	751	17
2	751	308
2	754	778
2	755	983
2	757	443
2	757	853
2	758	643
2	760	582
2	762	309
2	762	384
2	763	172
2	765	544
2	768	15
2	768	234
2	768	543
2	768	555
2	770	162
2	771	310
2	771	324
2	773	171
2	773	779
2	773	905
2	774	422
2	774	463
2	775	425
2	778	12
2	778	393
2	778	473
2	778	706
2	779	217
2	779	490
2	780	37
2	780	358
2	780	918
2	781	134
2	781	278
2	782	928
2	784	100
2	784	306
2	787	268
2	787	365
2	788	208
2	788	721
2	788	896
2	790	792
2	791	428
2	793	420
2	794	194
2	794	334
2	794	511
2	794	549
2	796	35
2	797	114
2	798	465
2	800	21
2	802	460
2	803	404
2	803	803
2	803	904
2	804	67
2	804	794
2	805	833
2	806	132
2	806	645
2	809	672
2	809	977
2	810	186
2	810	271
2	811	618
2	812	122
2	812	323
2	813	248
2	813	987
2	814	128
2	815	809
2	816	95
2	816	897
2	817	940
2	819	665
2	820	553
2	820	783
2	821	552
2	822	545
2	823	198
2	824	736
2	825	45
2	825	352
2	826	55
2	826	653
2	828	554
2	828	938
2	829	102
2	830	491
2	831	255
2	832	477
2	832	630
2	832	703
2	833	14
2	833	333
2	834	81
2	836	42
2	837	797
2	837	867
2	837	970
2	838	621
2	839	634
2	839	875
2	840	13
2	841	950
2	842	726
2	844	7
2	848	187
2	848	935
2	849	883
2	853	115
2	854	66
2	854	600
2	855	272
2	855	336
2	855	427
2	855	757
2	857	374
2	857	889
2	858	498
2	859	23
2	860	76
2	861	908
2	862	537
2	863	54
2	863	226
2	863	456
2	866	649
2	867	335
2	867	597
2	867	650
2	867	980
2	868	687
2	868	984
2	870	212
2	871	774
2	872	241
2	872	262
2	872	714
2	872	798
2	874	302
2	876	524
2	878	107
2	879	145
2	881	657
2	883	10
2	884	82
2	886	57
2	886	660
2	887	705
2	888	957
2	891	468
2	891	546
2	892	421
2	892	738
2	892	800
2	893	405
2	895	304
2	896	327
2	896	676
2	896	701
2	897	56
2	897	369
2	897	654
2	899	612
2	899	789
2	900	60
2	902	397
2	902	637
2	902	996
2	904	214
2	904	556
2	905	105
2	905	442
2	905	482
2	905	697
2	905	708
2	906	24
2	907	944
2	907	971
2	908	609
2	909	417
2	910	486
2	910	663
2	910	970
2	911	213
2	915	158
2	915	734
2	918	130
2	920	938
2	920	943
2	922	807
2	923	359
2	923	954
2	924	74
2	924	743
2	926	902
2	928	127
2	930	517
2	932	511
2	933	173
2	933	382
2	933	772
2	934	502
2	934	666
2	935	406
2	935	452
2	935	751
2	935	766
2	936	265
2	936	294
2	937	332
2	938	344
2	938	655
2	938	881
2	940	140
2	940	845
2	942	196
2	942	576
2	944	46
2	944	112
2	944	890
2	944	927
2	949	223
2	949	780
2	951	658
2	953	89
2	953	324
2	953	855
2	955	44
2	955	135
2	955	170
2	955	818
2	956	85
2	957	4
2	958	747
2	959	238
2	959	542
2	959	729
2	963	877
2	965	268
2	965	523
2	965	702
2	965	901
2	967	311
2	967	691
2	968	313
2	970	30
2	970	113
2	970	120
2	970	185
2	970	395
2	971	121
2	971	420
2	972	334
2	975	635
2	977	233
2	980	280
2	983	516
2	986	485
2	986	846
2	987	293
2	987	368
2	988	488
2	991	534
2	992	573
2	992	603
2	992	848
2	992	867
2	993	55
2	994	954
2	994	986
2	996	672
2	997	723
2	999	99
2	1002	84
2	1002	539
2	1003	694
2	1004	321
2	1005	457
2	1005	548
2	1005	683
2	1006	791
2	1007	376
2	1008	134
2	1008	662
2	1008	787
2	1009	598
2	1009	674
2	1010	830
2	1011	302
2	1012	527
2	1012	676
2	1013	80
2	1014	904
2	1015	408
2	1016	276
2	1017	218
2	1017	582
2	1021	496
2	1021	601
2	1022	514
2	1023	545
2	1027	73
2	1029	541
2	1029	929
2	1031	251
2	1031	453
2	1031	712
2	1033	715
2	1033	965
2	1034	138
2	1034	360
2	1037	295
2	1038	422
2	1039	519
2	1040	143
2	1041	70
2	1043	310
2	1043	563
2	1045	314
2	1046	450
2	1047	152
2	1047	589
2	1047	725
2	1048	385
2	1053	129
2	1056	524
2	1060	379
2	1061	925
2	1064	264
2	1066	731
2	1067	892
2	1069	205
2	1069	921
2	1072	252
2	1072	794
2	1073	654
2	1075	217
2	1075	245
2	1076	781
2	1077	439
2	1077	536
2	1077	982
2	1078	348
2	1079	45
2	1079	504
2	1080	400
2	1081	386
2	1085	114
2	1088	552
2	1088	643
2	1088	717
2	1089	357
2	1090	722
2	1091	436
2	1093	96
2	1093	131
2	1093	665
2	1093	779
2	1094	3
2	1094	16
2	1094	161
2	1095	26
2	1095	579
2	1096	149
2	1096	696
2	1096	971
2	1097	614
2	1098	763
2	1099	182
2	1099	815
2	1100	700
2	1101	288
2	1102	29
2	1102	741
2	1103	522
2	1103	792
2	1104	486
2	1105	353
2	1107	51
2	1107	107
2	1107	812
2	1107	817
2	1108	188
2	1108	273
2	1110	595
2	1111	474
2	1112	312
2	1112	335
2	1112	569
2	1112	629
2	1113	220
2	1115	764
2	1116	189
2	1116	497
2	1116	927
2	1117	35
2	1119	255
2	1119	622
2	1119	624
2	1120	451
2	1120	533
2	1120	935
2	1122	25
2	1123	770
2	1126	203
2	1127	338
2	1127	967
2	1129	365
2	1130	881
2	1130	925
2	1132	33
2	1133	141
2	1135	656
2	1136	929
2	1137	87
2	1137	173
2	1137	506
2	1138	175
2	1138	435
2	1140	183
2	1143	653
2	1144	322
2	1145	442
2	1146	518
2	1147	47
2	1149	320
2	1149	480
2	1151	437
2	1151	883
2	1153	484
2	1154	113
2	1158	631
2	1159	64
2	1159	590
2	1161	53
2	1161	638
2	1165	934
2	1167	28
2	1167	963
2	1168	52
2	1169	55
2	1171	277
2	1173	285
2	1173	970
2	1174	185
2	1174	269
2	1174	409
2	1174	514
2	1175	418
2	1176	301
2	1177	261
2	1177	413
2	1178	267
2	1178	742
2	1179	702
2	1180	756
2	1181	234
2	1181	248
2	1182	306
2	1182	768
2	1182	773
2	1183	591
2	1184	438
2	1184	566
2	1184	954
2	1185	284
2	1185	313
2	1185	650
2	1186	211
2	1187	66
2	1187	230
2	1187	494
2	1187	837
2	1188	347
2	1190	967
2	1192	218
2	1193	145
2	1194	179
2	1194	771
2	1195	115
2	1195	164
2	1197	89
2	1199	425
2	1199	782
2	1200	642
2	1200	966
2	1201	330
2	1201	601
2	1202	280
2	1203	63
2	1206	349
2	1207	596
2	1208	913
2	1211	429
2	1212	50
2	1214	304
2	1215	528
2	1216	469
2	1217	679
2	1218	283
2	1219	477
2	1220	316
2	1222	649
2	1222	724
2	1225	236
2	1225	869
2	1226	832
2	1227	746
2	1228	298
2	1228	399
2	1229	176
2	1229	384
2	1229	683
2	1230	23
2	1231	571
2	1231	977
2	1232	282
2	1232	864
2	1235	369
2	1235	868
2	1236	48
2	1236	224
2	1236	345
2	1238	45
2	1238	251
2	1239	87
2	1239	367
2	1239	893
2	1240	766
2	1241	10
2	1241	296
2	1242	476
2	1242	902
2	1243	233
2	1244	851
2	1245	148
2	1245	495
2	1245	549
2	1246	800
2	1247	19
2	1247	432
2	1247	666
2	1247	957
2	1248	247
2	1249	99
2	1249	135
2	1249	177
2	1249	370
2	1249	534
2	1250	999
2	1251	289
2	1251	572
2	1252	153
2	1252	779
2	1255	825
2	1256	276
2	1256	835
2	1257	74
2	1257	194
2	1259	956
2	1260	952
2	1264	123
2	1264	258
2	1264	924
2	1265	84
2	1265	333
2	1266	907
2	1269	722
2	1271	81
2	1271	400
2	1272	274
2	1276	583
2	1277	488
2	1278	392
2	1279	96
2	1279	640
2	1280	57
2	1281	307
2	1282	678
2	1284	965
2	1285	976
2	1287	182
2	1287	570
2	1288	305
2	1288	720
2	1289	44
2	1289	65
2	1289	407
2	1290	79
2	1291	339
2	1293	475
2	1294	587
2	1294	841
2	1295	427
2	1296	423
2	1298	790
2	1299	896
2	1301	756
2	1303	689
2	1304	38
2	1304	332
2	1304	660
2	1306	651
2	1308	143
2	1310	688
2	1310	795
2	1311	51
2	1311	352
2	1312	77
2	1312	267
2	1313	565
2	1313	577
2	1314	114
2	1314	511
2	1315	674
2	1315	705
2	1316	324
2	1316	813
2	1317	901
2	1321	137
2	1321	657
2	1321	675
2	1322	784
2	1322	977
2	1323	183
2	1323	690
2	1324	203
2	1324	340
2	1324	459
2	1324	620
2	1325	936
2	1326	580
2	1328	122
2	1329	238
2	1329	418
2	1330	207
2	1330	590
2	1331	319
2	1331	589
2	1331	889
2	1333	500
2	1333	527
2	1334	616
2	1335	600
2	1336	424
2	1336	552
2	1336	672
2	1338	867
2	1339	303
2	1339	824
2	1342	149
2	1344	190
2	1344	448
2	1344	643
2	1345	699
2	1346	91
2	1346	892
2	1347	539
2	1348	692
2	1348	962
2	1351	751
2	1353	291
2	1356	40
2	1358	185
2	1358	385
2	1358	637
2	1358	704
2	1359	479
2	1360	293
2	1360	346
2	1360	677
2	1361	525
2	1363	142
2	1363	237
2	1363	295
2	1363	472
2	1364	965
2	1365	533
2	1366	371
2	1366	680
2	1367	513
2	1368	317
2	1368	433
2	1369	25
2	1369	306
2	1371	67
2	1371	458
2	1371	912
2	1373	188
2	1373	410
2	1374	695
2	1374	789
2	1375	229
2	1375	585
2	1375	814
2	1377	647
2	1378	5
2	1378	59
2	1378	78
2	1379	684
2	1379	729
2	1380	685
2	1382	186
2	1383	476
2	1383	559
2	1384	360
2	1384	460
2	1384	463
2	1384	485
2	1384	769
2	1386	774
2	1387	152
2	1388	752
2	1389	82
2	1389	271
2	1390	603
2	1391	477
2	1391	821
2	1392	391
2	1393	256
2	1393	363
2	1393	420
2	1394	226
2	1394	411
2	1394	839
2	1397	26
2	1397	323
2	1399	33
2	1399	200
2	1399	272
2	1399	742
2	1400	830
2	1401	623
2	1402	755
2	1404	42
2	1404	166
2	1406	17
2	1407	265
2	1408	535
2	1410	440
2	1411	921
2	1414	701
2	1414	719
2	1416	564
2	1416	753
2	1418	49
2	1419	117
2	1419	641
2	1420	481
2	1420	717
2	1421	507
2	1421	894
2	1426	461
2	1428	223
2	1428	262
2	1428	417
2	1429	80
2	1429	132
2	1429	384
2	1430	278
2	1430	288
2	1432	509
2	1432	884
2	1434	739
2	1434	926
2	1435	299
2	1435	698
2	1436	730
2	1437	798
2	1437	941
2	1438	36
2	1441	724
2	1442	867
2	1443	776
2	1444	10
2	1444	634
2	1445	204
2	1445	505
2	1446	19
2	1446	612
2	1448	18
2	1449	8
2	1450	115
2	1450	394
2	1451	413
2	1451	650
2	1454	230
2	1454	457
2	1455	320
2	1455	797
2	1456	763
2	1456	902
2	1457	266
2	1458	852
2	1459	627
2	1460	35
2	1460	168
2	1463	287
2	1463	352
2	1463	430
2	1465	395
2	1465	622
2	1466	378
2	1466	709
2	1468	356
2	1468	419
2	1468	782
2	1469	563
2	1470	643
2	1471	46
2	1472	96
2	1472	260
2	1472	489
2	1472	676
2	1472	999
2	1475	380
2	1476	544
2	1476	699
2	1477	244
2	1477	583
2	1478	418
2	1479	393
2	1481	515
2	1481	611
2	1481	976
2	1484	723
2	1484	837
2	1485	640
2	1486	381
2	1486	646
2	1486	981
2	1487	759
2	1489	953
2	1490	321
2	1490	702
2	1491	896
2	1491	988
2	1493	296
2	1493	785
2	1496	222
2	1496	300
2	1498	235
2	1498	250
2	1500	98
2	1500	703
2	1502	628
2	1504	263
2	1504	660
2	1505	926
2	1506	122
2	1506	570
2	1506	580
2	1507	426
2	1508	978
2	1509	347
2	1509	568
2	1509	772
2	1511	202
2	1511	334
2	1512	242
2	1513	170
2	1513	691
2	1514	29
2	1514	512
2	1514	740
2	1516	714
2	1517	100
2	1518	324
2	1519	232
2	1520	182
2	1521	27
2	1521	390
2	1524	13
2	1524	810
2	1524	933
2	1525	161
2	1525	916
2	1528	792
2	1531	198
2	1532	12
2	1532	191
2	1532	540
2	1532	688
2	1534	351
2	1534	402
2	1535	654
2	1536	651
2	1537	327
2	1537	771
2	1540	587
2	1542	125
2	1542	349
2	1542	376
2	1543	130
2	1546	238
2	1547	588
2	1548	480
2	1549	387
2	1550	969
2	1552	214
2	1553	188
2	1553	425
2	1555	195
2	1555	407
2	1555	412
2	1556	616
2	1556	944
2	1557	696
2	1558	965
2	1559	79
2	1560	451
2	1561	38
2	1563	284
2	1563	500
2	1563	662
2	1563	779
2	1564	455
2	1567	313
2	1567	538
2	1567	633
2	1568	119
2	1568	159
2	1568	601
2	1569	738
2	1571	625
2	1572	23
2	1573	30
2	1577	665
2	1578	561
2	1579	174
2	1579	281
2	1579	323
2	1580	253
2	1580	485
2	1580	694
2	1581	396
2	1581	409
2	1582	826
2	1583	86
2	1583	394
2	1584	63
2	1584	666
2	1586	374
2	1586	838
2	1588	700
2	1589	261
2	1590	379
2	1590	994
2	1591	127
2	1591	315
2	1591	548
2	1594	9
2	1595	210
2	1597	177
2	1598	906
2	1599	938
2	1601	288
2	1601	513
2	1602	429
2	1604	157
2	1604	916
2	1606	105
2	1606	764
2	1607	530
2	1608	392
2	1610	180
2	1611	641
2	1613	922
2	1614	494
2	1615	593
2	1617	129
2	1618	982
2	1619	498
2	1620	19
2	1620	271
2	1620	559
2	1620	853
2	1621	780
2	1621	928
2	1622	154
2	1623	252
2	1623	280
2	1623	759
2	1624	46
2	1625	293
2	1626	486
2	1626	942
2	1627	966
2	1631	414
2	1631	592
2	1632	719
2	1633	310
2	1633	441
2	1633	736
2	1635	437
2	1636	51
2	1636	723
2	1640	743
2	1641	309
2	1641	321
2	1641	636
2	1642	749
2	1643	983
2	1644	279
2	1645	245
2	1646	259
2	1646	716
2	1647	511
2	1648	112
2	1648	663
2	1650	895
2	1651	258
2	1651	556
2	1651	711
2	1652	325
2	1653	330
2	1653	683
2	1654	384
2	1656	337
2	1658	20
2	1658	76
2	1658	264
2	1660	690
2	1660	965
2	1664	278
2	1665	482
2	1665	722
2	1666	140
2	1666	317
2	1668	551
2	1669	254
2	1669	473
2	1670	507
2	1670	618
2	1671	135
2	1672	670
2	1673	207
2	1673	218
2	1673	703
2	1673	732
2	1673	752
2	1674	549
2	1677	50
2	1677	644
2	1678	447
2	1678	712
2	1681	383
2	1681	653
2	1683	102
2	1683	124
2	1684	132
2	1684	388
2	1684	602
2	1686	15
2	1688	628
2	1689	113
2	1689	646
2	1689	741
2	1690	26
2	1691	766
2	1694	90
2	1694	914
2	1697	111
2	1698	283
2	1698	299
2	1701	488
2	1703	18
2	1703	734
2	1703	896
2	1704	134
2	1704	458
2	1706	104
2	1706	831
2	1706	867
2	1706	921
2	1706	956
2	1710	35
2	1710	38
2	1710	430
2	1711	740
2	1712	905
2	1713	295
2	1715	355
2	1715	543
2	1715	876
2	1716	291
2	1716	574
2	1718	395
2	1718	400
2	1721	8
2	1721	164
2	1722	506
2	1723	320
2	1723	417
2	1723	547
2	1723	630
2	1724	753
2	1725	404
2	1727	726
2	1729	213
2	1729	523
2	1729	697
2	1731	427
2	1732	910
2	1733	364
2	1733	763
2	1734	354
2	1735	925
2	1736	61
2	1736	578
2	1736	784
2	1737	105
2	1737	268
2	1737	761
2	1737	797
2	1738	260
2	1739	846
2	1742	281
2	1742	415
2	1743	342
2	1744	289
2	1744	346
2	1744	963
2	1745	990
2	1747	685
2	1749	351
2	1750	371
2	1750	932
2	1751	34
2	1751	603
2	1751	661
2	1751	767
2	1752	155
2	1752	418
2	1756	378
2	1756	701
2	1756	769
2	1757	232
2	1757	422
2	1757	599
2	1758	456
2	1758	770
2	1760	648
2	1761	37
2	1761	78
2	1761	461
2	1763	101
2	1763	316
2	1763	588
2	1763	673
2	1764	538
2	1766	435
2	1767	788
2	1770	5
2	1771	215
2	1771	331
2	1771	780
2	1771	950
2	1773	552
2	1774	460
2	1774	907
2	1776	85
2	1777	298
2	1778	23
2	1779	315
2	1781	387
2	1782	293
2	1782	370
2	1782	437
2	1782	981
2	1783	653
2	1784	816
2	1785	421
2	1785	615
2	1786	181
2	1786	455
2	1786	852
2	1788	324
2	1788	546
2	1788	676
2	1793	338
2	1793	534
2	1793	714
2	1794	31
2	1794	733
2	1796	419
2	1799	321
2	1801	62
2	1803	335
2	1804	71
2	1804	800
2	1805	149
2	1806	374
2	1807	579
2	1809	252
2	1810	311
2	1813	312
2	1813	919
2	1814	405
2	1814	471
2	1814	600
2	1814	705
2	1814	727
2	1816	649
2	1816	857
2	1817	786
2	1819	157
2	1820	971
2	1821	809
2	1822	486
2	1823	86
2	1824	209
2	1824	948
2	1825	234
2	1825	506
2	1826	492
2	1826	641
2	1829	43
2	1830	666
2	1830	833
2	1831	15
2	1831	139
2	1832	407
2	1832	562
2	1832	659
2	1833	889
2	1833	969
2	1834	801
2	1837	489
2	1837	785
2	1838	290
2	1838	721
2	1839	530
2	1839	749
2	1839	794
2	1840	389
2	1841	736
2	1842	138
2	1842	732
2	1843	858
2	1844	66
2	1844	478
2	1845	46
2	1845	206
2	1845	284
2	1846	442
2	1846	529
2	1847	839
2	1849	585
2	1850	169
2	1850	459
2	1851	136
2	1851	273
2	1851	353
2	1852	140
2	1853	334
2	1853	336
2	1856	918
2	1857	47
2	1857	617
2	1859	515
2	1861	282
2	1861	510
2	1861	826
2	1862	663
2	1862	728
2	1865	446
2	1865	810
2	1866	540
2	1867	799
2	1869	373
2	1870	33
2	1870	895
2	1873	192
2	1873	397
2	1874	760
2	1874	908
2	1875	36
2	1875	48
2	1877	122
2	1877	213
2	1877	226
2	1878	396
2	1878	411
2	1880	490
2	1881	356
2	1881	403
2	1881	432
2	1882	457
2	1882	632
2	1883	167
2	1883	675
2	1885	344
2	1886	29
2	1886	544
2	1887	398
2	1888	972
2	1889	120
2	1891	200
2	1892	523
2	1892	645
2	1892	755
2	1892	920
2	1893	257
2	1893	295
2	1894	98
2	1895	182
2	1896	907
2	1897	248
2	1897	378
2	1901	621
2	1902	9
2	1903	72
2	1903	77
2	1903	225
2	1903	463
2	1903	951
2	1910	288
2	1910	296
2	1912	123
2	1913	204
2	1913	901
2	1914	381
2	1915	16
2	1915	160
2	1915	351
2	1915	497
2	1915	620
2	1916	73
2	1916	155
2	1916	274
2	1916	629
2	1916	691
2	1919	6
2	1919	38
2	1919	423
2	1919	494
2	1920	7
2	1921	40
2	1921	256
2	1922	345
2	1922	496
2	1922	997
2	1923	268
2	1924	45
2	1924	548
2	1924	683
2	1925	612
2	1926	322
2	1927	394
2	1927	712
2	1927	740
2	1927	960
2	1929	251
2	1931	342
2	1933	539
2	1934	368
2	1936	242
2	1936	438
2	1937	26
2	1937	210
2	1937	436
2	1938	104
2	1939	372
2	1939	763
2	1940	125
2	1940	935
2	1941	656
2	1941	751
2	1942	509
2	1942	561
2	1943	85
2	1944	420
2	1944	578
2	1947	57
2	1947	566
2	1947	999
2	1948	469
2	1949	700
2	1951	127
2	1954	581
2	1955	692
2	1958	559
2	1961	340
2	1961	633
2	1961	695
2	1961	993
2	1964	433
2	1964	858
2	1965	609
2	1966	534
2	1967	708
2	1968	137
2	1968	156
2	1968	287
2	1968	904
2	1969	777
2	1975	911
2	1976	600
2	1976	924
2	1977	491
2	1979	252
2	1979	375
2	1980	324
2	1985	50
2	1985	124
2	1985	577
2	1988	465
2	1989	429
2	1991	107
2	1992	517
2	1992	602
2	1993	804
2	1995	331
2	1995	893
2	1996	417
2	1996	516
2	1997	667
2	2000	422
2	2001	551
2	2004	405
2	2004	697
2	2006	707
2	2006	848
2	2006	940
2	2007	66
2	2007	312
2	2008	787
2	2009	56
2	2009	59
2	2009	147
2	2010	17
2	2013	377
2	2015	80
2	2016	376
2	2016	653
2	2016	701
2	2017	571
2	2018	468
2	2018	486
2	2019	292
2	2021	355
2	2021	739
2	2022	688
2	2023	513
2	2023	771
2	2024	302
2	2025	590
2	2025	603
2	2025	677
2	2027	527
2	2028	726
2	2028	834
2	2031	456
2	2032	112
2	2032	402
2	2032	592
2	2033	647
2	2035	173
2	2035	380
2	2036	188
2	2036	764
2	2037	271
2	2037	767
2	2038	542
2	2039	237
2	2040	313
2	2041	853
2	2043	406
2	2044	916
2	2045	705
2	2050	162
2	2050	213
2	2050	526
2	2052	19
2	2053	110
2	2055	142
2	2055	232
2	2057	163
2	2059	198
2	2060	621
2	2061	161
2	2061	654
2	2061	899
2	2063	46
2	2063	185
2	2063	576
2	2063	861
2	2064	475
2	2067	284
2	2067	317
2	2068	281
2	2068	332
2	2069	286
2	2069	557
2	2069	684
2	2070	477
2	2070	543
2	2070	659
2	2072	944
2	2073	489
2	2074	207
2	2075	186
2	2077	226
2	2078	691
2	2079	130
2	2079	624
2	2080	404
2	2080	444
2	2080	800
2	2081	415
2	2084	200
2	2087	1
2	2087	737
2	2088	32
2	2088	275
2	2088	511
2	2088	626
2	2088	768
2	2089	293
2	2090	790
2	2091	333
2	2092	308
2	2092	607
2	2093	84
2	2094	72
2	2097	462
2	2098	451
2	2098	503
2	2100	982
2	2101	494
2	2101	728
2	2102	370
2	2102	660
2	2102	752
2	2103	296
2	2104	629
2	2106	474
2	2107	732
2	2108	566
2	2109	497
2	2109	643
2	2110	79
2	2110	730
2	2110	841
2	2111	159
2	2113	799
2	2114	65
2	2116	306
2	2116	344
2	2116	694
2	2117	2
2	2117	366
2	2117	472
2	2118	346
2	2119	29
2	2119	353
2	2119	358
2	2120	218
2	2122	256
2	2122	509
2	2122	612
2	2123	135
2	2123	152
2	2124	561
2	2124	562
2	2124	796
2	2125	3
2	2125	606
2	2128	760
2	2128	893
2	2130	40
2	2130	671
2	2131	10
2	2131	410
2	2131	510
2	2131	837
2	2132	111
2	2132	385
2	2132	589
2	2133	704
2	2134	610
2	2136	137
2	2137	713
2	2137	831
2	2137	881
2	2139	224
2	2140	651
2	2140	808
2	2140	820
2	2141	140
2	2142	195
2	2142	492
2	2143	500
2	2143	956
2	2145	11
2	2145	916
2	2146	338
2	2146	485
2	2146	516
2	2147	725
2	2148	481
2	2154	773
2	2154	813
2	2154	962
2	2155	446
2	2156	478
2	2156	793
2	2158	553
2	2161	112
2	2162	923
2	2163	42
2	2165	623
2	2165	676
2	2165	894
2	2166	667
2	2168	556
2	2168	824
2	2169	460
2	2170	495
2	2171	400
2	2173	347
2	2173	696
2	2175	325
2	2176	505
2	2177	71
2	2177	763
2	2178	145
2	2179	4
2	2179	397
2	2180	118
2	2181	617
2	2181	872
2	2182	151
2	2182	954
2	2184	459
2	2185	656
2	2185	882
2	2188	14
2	2188	422
2	2189	259
2	2192	408
2	2193	62
2	2194	90
2	2195	276
2	2196	322
2	2196	580
2	2198	60
2	2198	95
2	2198	160
2	2198	828
2	2200	666
2	2201	642
2	2201	722
2	2206	228
2	2207	420
2	2207	672
2	2208	531
2	2208	657
2	2209	143
2	2209	453
2	2209	519
2	2210	146
2	2210	157
2	2212	103
2	2212	334
2	2214	639
2	2215	52
2	2215	785
2	2216	341
2	2216	695
2	2217	487
2	2218	99
2	2218	716
2	2220	167
2	2220	182
2	2220	697
2	2224	22
2	2225	141
2	2226	575
2	2228	523
2	2231	795
2	2232	565
2	2233	717
2	2236	266
2	2236	536
2	2236	723
2	2238	624
2	2239	646
2	2239	735
2	2240	329
2	2240	631
2	2242	477
2	2242	944
2	2243	15
2	2243	163
2	2243	540
2	2244	349
2	2245	20
2	2246	122
2	2246	475
2	2246	757
2	2248	734
2	2248	998
2	2249	710
2	2250	687
2	2251	255
2	2251	719
2	2252	908
2	2253	792
2	2255	923
2	2256	427
2	2256	822
2	2257	343
2	2258	432
2	2258	508
2	2258	518
2	2260	619
2	2261	936
2	2263	69
2	2265	699
2	2265	880
2	2265	945
2	2269	776
2	2271	219
2	2272	331
2	2273	12
2	2275	147
2	2275	483
2	2278	582
2	2279	48
2	2279	155
2	2280	89
2	2280	186
2	2280	284
2	2281	144
2	2282	200
2	2282	354
2	2282	445
2	2282	918
2	2283	316
2	2284	215
2	2284	333
2	2287	499
2	2287	771
2	2287	887
2	2288	35
2	2288	67
2	2288	115
2	2288	855
2	2289	550
2	2290	356
2	2290	503
2	2291	9
2	2291	16
2	2291	339
2	2292	240
2	2293	263
2	2294	290
2	2294	295
2	2295	72
2	2295	116
2	2297	288
2	2298	82
2	2298	327
2	2299	232
2	2300	736
2	2302	916
2	2304	126
2	2307	924
2	2308	231
2	2309	650
2	2311	684
2	2312	310
2	2314	241
2	2315	221
2	2315	377
2	2315	471
2	2316	96
2	2317	955
2	2319	148
2	2322	641
2	2322	686
2	2322	789
2	2323	104
2	2323	367
2	2324	426
2	2325	630
2	2327	914
2	2328	87
2	2328	434
2	2329	376
2	2329	454
2	2331	174
2	2331	904
2	2332	258
2	2332	319
2	2333	659
2	2337	549
2	2338	43
2	2340	709
2	2341	302
2	2342	85
2	2342	407
2	2346	404
2	2346	837
2	2348	291
2	2348	394
2	2352	183
2	2352	292
2	2352	908
2	2353	199
2	2353	479
2	2354	2
2	2354	198
2	2354	202
2	2354	728
2	2355	585
2	2356	461
2	2356	502
2	2356	614
2	2358	71
2	2360	57
2	2360	117
2	2361	644
2	2361	949
2	2362	762
2	2363	114
2	2364	700
2	2364	797
2	2364	906
2	2365	867
2	2367	860
2	2368	392
2	2369	324
2	2369	930
2	2370	245
2	2370	262
2	2370	346
2	2370	489
2	2370	685
2	2372	49
2	2374	130
2	2374	235
2	2374	566
2	2374	944
2	2376	569
2	2376	813
2	2378	203
2	2381	256
2	2382	227
2	2382	954
2	2384	856
2	2386	193
2	2387	234
2	2387	297
2	2388	64
2	2388	369
2	2388	862
2	2389	996
2	2390	425
2	2390	803
2	2391	168
2	2391	300
2	2391	792
2	2392	620
2	2393	90
2	2395	673
2	2395	865
2	2397	139
2	2398	250
2	2398	412
2	2398	583
2	2398	669
2	2402	473
2	2402	576
2	2403	391
2	2403	598
2	2407	345
2	2408	1000
2	2409	79
2	2409	88
2	2409	398
2	2410	358
2	2413	567
2	2413	671
2	2414	419
2	2414	665
2	2414	785
2	2415	544
2	2415	722
2	2415	853
2	2416	341
2	2417	725
2	2418	220
2	2418	395
2	2419	505
2	2421	32
2	2421	573
2	2421	902
2	2422	154
2	2422	428
2	2422	547
2	2427	444
2	2430	783
2	2431	268
2	2431	942
2	2432	744
2	2432	878
2	2433	65
2	2433	68
2	2433	122
2	2434	175
2	2434	242
2	2434	743
2	2435	593
2	2435	632
2	2436	396
2	2436	926
2	2437	430
2	2438	731
2	2439	62
2	2439	852
2	2439	913
2	2440	93
2	2440	127
2	2440	539
2	2442	257
2	2443	221
2	2443	285
2	2444	615
2	2445	630
2	2445	691
2	2447	613
2	2448	429
2	2448	714
2	2451	304
2	2452	470
2	2452	653
2	2453	796
2	2454	824
2	2455	989
2	2456	120
2	2456	643
2	2458	778
2	2460	649
2	2461	325
2	2461	601
2	2462	98
2	2462	271
2	2462	475
2	2464	397
2	2466	609
2	2466	857
2	2467	197
2	2467	627
2	2468	347
2	2468	860
2	2468	885
2	2469	706
2	2471	641
2	2473	921
2	2475	184
2	2476	50
2	2478	86
2	2478	128
2	2478	167
2	2478	299
2	2480	171
2	2481	291
2	2481	362
2	2483	584
2	2483	961
2	2485	914
2	2487	35
2	2487	710
2	2489	133
2	2489	799
2	2490	214
2	2492	476
2	2494	23
2	2494	28
2	2494	451
2	2494	977
2	2495	374
2	2496	229
2	2498	636
2	2499	715
2	2500	516
2	2500	985
2	2504	757
2	2506	275
2	2509	18
2	2509	109
2	2510	800
2	2513	839
2	2514	882
2	2515	72
2	2516	537
2	2517	215
2	2517	478
2	2518	463
2	2519	621
2	2520	66
2	2520	278
2	2520	554
2	2521	524
2	2522	404
2	2523	462
2	2523	813
2	2524	750
2	2525	465
2	2525	572
2	2526	348
2	2526	720
2	2527	651
2	2529	562
2	2530	169
2	2530	436
2	2531	21
2	2531	675
2	2532	170
2	2532	752
2	2534	147
2	2534	153
2	2534	689
2	2535	937
2	2536	376
2	2537	821
2	2538	789
2	2539	443
2	2540	225
2	2540	588
2	2540	798
2	2541	830
2	2542	311
2	2542	879
2	2543	224
2	2544	121
2	2547	312
2	2547	617
2	2548	574
2	2549	67
2	2549	435
2	2549	773
2	2550	432
2	2550	433
2	2550	482
2	2552	27
2	2552	640
2	2553	286
2	2553	440
2	2553	916
2	2554	187
2	2554	379
2	2554	438
2	2554	753
2	2556	520
2	2557	342
2	2557	421
2	2559	174
2	2561	459
2	2562	238
2	2562	408
2	2563	894
2	2564	111
2	2565	661
2	2565	666
2	2566	314
2	2567	605
2	2567	619
2	2568	288
2	2568	399
2	2568	704
2	2569	514
2	2569	646
2	2572	162
2	2573	456
2	2574	232
2	2574	305
2	2574	373
2	2575	166
2	2575	656
2	2576	338
2	2576	487
2	2576	779
2	2577	119
2	2577	272
2	2578	193
2	2578	323
2	2578	692
2	2579	382
2	2579	873
2	2580	875
2	2581	587
2	2583	634
2	2585	468
2	2585	481
2	2585	615
2	2588	24
2	2588	403
2	2588	974
2	2589	737
2	2591	660
2	2593	418
2	2594	324
2	2594	529
2	2595	363
2	2595	477
2	2596	492
2	2598	196
2	2599	578
2	2601	12
2	2601	412
2	2604	306
2	2604	882
2	2606	641
2	2608	244
2	2610	663
2	2611	22
2	2611	629
2	2612	9
2	2612	149
2	2613	717
2	2614	81
2	2614	102
2	2614	321
2	2614	607
2	2615	354
2	2615	996
2	2618	97
2	2618	954
2	2620	186
2	2620	258
2	2621	4
2	2622	359
2	2622	780
2	2623	137
2	2625	908
2	2626	249
2	2626	544
2	2630	308
2	2631	678
2	2632	114
2	2632	172
2	2632	677
2	2634	344
2	2634	612
2	2635	205
2	2635	449
2	2638	504
2	2638	979
2	2639	497
2	2639	543
2	2643	262
2	2643	427
2	2643	864
2	2646	841
2	2647	201
2	2647	250
2	2647	818
2	2650	274
2	2652	18
2	2652	658
2	2652	758
2	2654	287
2	2655	401
2	2655	538
2	2658	630
2	2659	347
2	2661	364
2	2662	770
2	2663	11
2	2664	47
2	2664	251
2	2664	410
2	2664	572
2	2664	681
2	2666	938
2	2667	762
2	2668	747
2	2669	39
2	2669	264
2	2671	62
2	2671	135
2	2671	245
2	2672	687
2	2674	200
2	2675	455
2	2677	132
2	2678	686
2	2678	942
2	2680	332
2	2681	674
2	2682	484
2	2683	537
2	2686	990
2	2688	84
2	2690	450
2	2691	650
2	2692	425
2	2692	774
2	2692	850
2	2694	591
2	2695	685
2	2696	241
2	2696	372
2	2697	873
2	2699	413
2	2699	531
2	2700	480
2	2700	647
2	2701	362
2	2704	128
2	2705	640
2	2705	858
2	2709	749
2	2710	257
2	2711	263
2	2712	478
2	2712	924
2	2713	320
2	2714	210
2	2714	501
2	2714	614
2	2714	617
2	2716	554
2	2717	60
2	2717	736
2	2717	968
2	2718	203
2	2718	368
2	2718	797
2	2719	113
2	2722	89
2	2722	120
2	2722	506
2	2722	539
2	2724	141
2	2724	226
2	2725	133
2	2725	434
2	2727	335
2	2727	400
2	2728	134
2	2729	16
2	2729	716
2	2729	888
2	2730	742
2	2730	857
2	2732	152
2	2732	730
2	2733	146
2	2736	447
2	2737	240
2	2741	761
2	2741	990
2	2742	638
2	2743	381
2	2743	945
2	2746	339
2	2746	616
2	2750	309
2	2752	838
2	2753	345
2	2754	669
2	2754	911
2	2755	82
2	2755	224
2	2756	819
2	2757	336
2	2757	756
2	2758	63
2	2758	454
2	2758	570
2	2758	719
2	2760	659
2	2761	228
2	2761	432
2	2762	621
2	2764	852
2	2766	189
2	2766	295
2	2767	304
2	2767	918
2	2768	508
2	2769	170
2	2770	77
2	2770	651
2	2771	464
2	2771	502
2	2771	562
2	2771	722
2	2771	946
2	2772	370
2	2772	467
2	2773	19
2	2774	727
2	2775	103
2	2776	385
2	2776	429
2	2779	383
2	2780	438
2	2780	971
2	2781	43
2	2781	115
2	2782	4
2	2782	615
2	2782	982
2	2783	521
2	2783	753
2	2784	396
2	2785	13
2	2785	925
2	2787	44
2	2787	637
2	2788	505
2	2788	886
2	2789	217
2	2790	430
2	2790	744
2	2791	340
2	2793	708
2	2794	424
2	2797	611
2	2798	507
2	2798	676
2	2799	79
2	2800	597
2	2801	443
2	2801	867
2	2802	49
2	2802	359
2	2805	311
2	2806	458
2	2807	318
2	2807	680
2	2810	130
2	2810	633
2	2810	696
2	2811	1
2	2812	69
2	2812	473
2	2817	931
2	2818	93
2	2818	401
2	2819	136
2	2819	377
2	2821	460
2	2821	628
2	2821	671
2	2821	791
2	2824	206
2	2824	273
2	2826	733
2	2827	5
2	2827	98
2	2827	296
2	2829	107
2	2829	914
2	2830	504
2	2831	21
2	2831	330
2	2832	344
2	2832	455
2	2833	42
2	2833	290
2	2836	433
2	2836	801
2	2837	232
2	2837	251
2	2837	852
2	2839	27
2	2840	316
2	2840	323
2	2841	376
2	2841	818
2	2842	67
2	2843	123
2	2843	394
2	2844	299
2	2846	2
2	2847	30
2	2847	262
2	2847	752
2	2848	494
2	2851	692
2	2851	859
2	2852	307
2	2853	525
2	2855	80
2	2855	289
2	2855	830
2	2856	169
2	2857	514
2	2857	673
2	2857	725
2	2858	436
2	2859	373
2	2860	135
2	2861	910
2	2863	174
2	2863	966
2	2864	134
2	2868	361
2	2868	490
2	2868	686
2	2868	806
2	2872	53
2	2872	125
2	2872	281
2	2872	337
2	2872	415
2	2872	693
2	2875	61
2	2875	211
2	2876	111
2	2876	362
2	2876	533
2	2876	683
2	2877	212
2	2878	252
2	2878	534
2	2880	709
2	2881	191
2	2881	624
2	2884	360
2	2884	363
2	2885	177
2	2885	247
2	2887	166
2	2887	764
2	2889	19
2	2889	471
2	2889	481
2	2889	929
2	2893	180
2	2896	292
2	2897	382
2	2898	416
2	2899	356
2	2899	448
2	2899	539
2	2899	571
2	2902	484
2	2902	892
2	2904	328
2	2908	300
2	2908	981
2	2912	348
2	2912	557
2	2915	314
2	2916	900
2	2916	1000
2	2918	63
2	2918	570
2	2920	62
2	2920	740
2	2921	87
2	2921	529
2	2923	89
2	2923	238
2	2923	573
2	2925	635
2	2929	756
2	2929	760
2	2930	114
2	2930	308
2	2931	84
2	2933	315
2	2933	355
2	2934	750
2	2936	286
2	2936	537
2	2937	371
2	2938	718
2	2939	513
2	2940	280
2	2942	567
2	2944	139
2	2945	158
2	2947	23
2	2947	849
2	2948	39
2	2948	644
2	2948	768
2	2949	22
2	2949	461
2	2950	282
2	2950	346
2	2950	717
2	2950	860
2	2951	555
2	2951	657
2	2951	877
2	2952	194
2	2955	157
2	2956	704
2	2957	368
2	2958	291
2	2958	414
2	2958	472
2	2958	776
2	2959	260
2	2959	428
2	2959	922
2	2961	423
2	2962	224
2	2963	989
2	2966	353
2	2967	336
2	2968	467
2	2969	518
2	2970	140
2	2970	466
2	2972	136
2	2972	179
2	2973	205
2	2973	938
2	2974	478
2	2974	763
2	2974	926
2	2975	984
2	2977	126
2	2977	639
2	2978	482
2	2979	147
2	2982	647
2	2984	264
2	2984	749
2	2984	751
2	2986	109
2	2989	873
2	2990	43
2	2991	418
2	2992	324
2	2994	541
2	2996	320
2	2997	581
2	2998	29
2	2998	75
2	2998	757
2	2999	271
2	3000	198
2	3001	660
2	3004	76
2	3004	708
2	3005	131
2	3006	576
2	3007	385
2	3008	137
2	3011	332
2	3011	578
2	3012	145
2	3012	636
2	3013	592
2	3014	6
2	3014	229
2	3014	621
2	3014	675
2	3014	683
2	3015	14
2	3016	161
2	3016	302
2	3016	608
2	3017	18
2	3017	40
2	3017	505
2	3019	220
2	3019	508
2	3019	965
2	3021	464
2	3022	588
2	3023	420
2	3025	312
2	3025	731
2	3028	214
2	3028	512
2	3029	545
2	3030	463
2	3031	796
2	3031	981
2	3032	183
2	3034	172
2	3036	735
2	3038	269
2	3040	862
2	3041	758
2	3042	453
2	3042	562
2	3042	619
2	3043	755
2	3044	27
2	3044	31
2	3045	327
2	3046	317
2	3046	664
2	3047	163
2	3047	587
2	3049	72
2	3049	458
2	3049	722
2	3050	787
2	3051	92
2	3051	247
2	3054	486
2	3056	58
2	3056	337
2	3056	976
2	3057	134
2	3059	79
2	3059	293
2	3060	491
2	3060	904
2	3062	416
2	3062	490
2	3062	785
2	3063	188
2	3063	707
2	3064	620
2	3065	844
2	3066	836
2	3067	16
2	3067	64
2	3067	674
2	3068	52
2	3068	542
2	3068	712
2	3068	843
2	3069	210
2	3071	37
2	3071	553
2	3072	142
2	3072	956
2	3073	501
2	3074	189
2	3075	85
2	3075	119
2	3076	616
2	3077	640
2	3078	564
2	3080	80
2	3080	87
2	3082	413
2	3082	847
2	3083	671
2	3083	781
2	3084	105
2	3084	500
2	3087	146
2	3087	291
2	3087	452
2	3088	28
2	3088	364
2	3089	784
2	3094	2
2	3094	427
2	3095	597
2	3096	398
2	3099	557
2	3100	97
2	3101	60
2	3101	96
2	3101	341
2	3102	57
2	3103	444
2	3104	66
2	3105	278
2	3105	670
2	3106	178
2	3106	468
2	3109	274
2	3110	396
2	3111	378
2	3113	419
2	3115	290
2	3115	382
2	3116	115
2	3116	196
2	3116	691
2	3117	499
2	3121	45
2	3121	981
2	3123	628
2	3124	590
2	3125	128
2	3125	310
2	3125	379
2	3126	228
2	3126	410
2	3128	493
2	3128	694
2	3128	887
2	3130	103
2	3130	340
2	3133	383
2	3133	709
2	3135	483
2	3136	100
2	3137	90
2	3137	688
2	3139	241
2	3139	623
2	3140	249
2	3141	507
2	3141	825
2	3143	303
2	3144	567
2	3144	919
2	3146	727
2	3147	186
2	3147	609
2	3149	635
2	3150	455
2	3151	171
2	3153	595
2	3153	754
2	3155	397
2	3155	494
2	3157	604
2	3159	506
2	3160	92
2	3160	481
2	3161	533
2	3162	24
2	3162	51
2	3162	255
2	3164	56
2	3164	104
2	3167	22
2	3168	212
2	3171	653
2	3172	749
2	3172	774
2	3172	937
2	3173	406
2	3174	187
2	3174	944
2	3175	543
2	3175	685
2	3178	272
2	3179	191
2	3179	215
2	3179	903
2	3180	177
2	3180	661
2	3181	970
2	3183	209
2	3183	343
2	3183	376
2	3183	432
2	3184	966
2	3185	775
2	3186	665
2	3186	867
2	3188	33
2	3189	813
2	3190	39
2	3192	358
2	3193	703
2	3194	563
2	3195	573
2	3196	580
2	3196	890
2	3197	123
2	3197	479
2	3199	329
2	3200	407
2	3201	143
2	3202	599
2	3203	411
2	3203	810
2	3204	304
2	3205	150
2	3206	7
2	3207	438
2	3208	686
2	3208	856
2	3209	706
2	3212	380
2	3214	840
2	3215	464
2	3215	765
2	3216	352
2	3216	739
2	3218	616
2	3219	141
2	3221	47
2	3221	997
2	3223	465
2	3223	793
2	3224	57
2	3225	529
2	3227	16
2	3227	29
2	3228	35
2	3228	289
2	3228	301
2	3229	296
2	3229	612
2	3230	14
2	3230	447
2	3230	502
2	3234	961
2	3235	783
2	3235	979
2	3237	238
2	3238	633
2	3238	782
2	3239	458
2	3240	85
2	3240	829
2	3240	975
2	3241	883
2	3245	678
2	3246	314
2	3247	91
2	3247	726
2	3248	924
2	3250	862
2	3251	69
2	3251	587
2	3252	373
2	3252	976
2	3253	84
2	3255	106
2	3256	551
2	3257	812
2	3258	220
2	3259	610
2	3259	681
2	3262	229
2	3262	308
2	3262	390
2	3262	564
2	3262	791
2	3265	181
2	3265	470
2	3268	1000
2	3270	111
2	3270	277
2	3270	922
2	3272	401
2	3273	760
2	3275	87
2	3275	509
2	3275	668
2	3276	954
2	3277	347
2	3277	942
2	3279	466
2	3279	495
2	3279	764
2	3281	235
2	3282	540
2	3286	89
2	3286	117
2	3286	491
2	3288	94
2	3288	965
2	3289	168
2	3290	268
2	3291	648
2	3292	426
2	3292	646
2	3292	711
2	3293	34
2	3295	559
2	3295	860
2	3298	504
2	3298	591
2	3301	136
2	3301	355
2	3301	442
2	3304	264
2	3304	622
2	3304	879
2	3306	66
2	3311	789
2	3313	480
2	3313	907
2	3315	162
2	3315	674
2	3315	945
2	3316	787
2	3317	299
2	3317	448
2	3317	585
2	3318	911
2	3319	602
2	3320	893
2	3321	233
2	3322	155
2	3322	239
2	3322	771
2	3322	987
2	3326	46
2	3329	245
2	3329	656
2	3330	663
2	3331	557
2	3331	666
2	3332	778
2	3333	957
2	3334	224
2	3335	931
2	3336	729
2	3336	801
2	3337	97
2	3337	321
2	3338	692
2	3340	508
2	3342	273
2	3342	698
2	3342	750
2	3344	754
2	3346	367
2	3347	134
2	3353	857
2	3354	76
2	3354	146
2	3354	302
2	3354	904
2	3355	192
2	3355	712
2	3356	371
2	3356	759
2	3358	225
2	3359	56
2	3361	217
2	3362	769
2	3362	910
2	3365	228
2	3365	767
2	3366	329
2	3367	831
2	3368	613
2	3369	309
2	3369	522
2	3370	384
2	3371	2
2	3372	83
2	3372	96
2	3373	307
2	3373	434
2	3373	706
2	3375	99
2	3375	283
2	3375	604
2	3376	361
2	3376	793
2	3377	103
2	3378	13
2	3379	61
2	3379	127
2	3379	201
2	3380	532
2	3381	230
2	3381	243
2	3381	725
2	3382	313
2	3382	683
2	3383	267
2	3384	655
2	3385	1000
2	3386	28
2	3386	139
2	3386	980
2	3387	325
2	3387	327
2	3387	555
2	3388	363
2	3389	337
2	3389	506
2	3392	42
2	3392	423
2	3392	733
2	3394	9
2	3394	734
2	3396	129
2	3396	381
2	3396	848
2	3397	372
2	3398	377
2	3398	650
2	3399	254
2	3399	543
2	3399	596
2	3401	80
2	3401	242
2	3401	455
2	3404	464
2	3405	643
2	3406	940
2	3408	335
2	3408	353
2	3408	358
2	3410	758
2	3412	216
2	3413	169
2	3413	520
2	3415	976
2	3417	680
2	3418	7
2	3418	785
2	3419	170
2	3419	379
2	3419	411
2	3420	148
2	3421	360
2	3422	565
2	3423	907
2	3424	397
2	3426	74
2	3427	715
2	3428	527
2	3428	816
2	3429	90
2	3429	658
2	3429	673
2	3430	180
2	3432	108
2	3433	3
2	3433	186
2	3434	926
2	3435	241
2	3435	511
2	3436	135
2	3436	185
2	3436	253
2	3440	490
2	3443	659
2	3443	664
2	3443	841
2	3444	276
2	3445	151
2	3447	881
2	3448	235
2	3448	515
2	3448	590
2	3449	668
2	3450	257
2	3452	71
2	3452	983
2	3453	175
2	3453	662
2	3454	562
2	3454	723
2	3456	236
2	3459	717
2	3459	781
2	3459	942
2	3461	17
2	3462	30
2	3463	727
2	3464	479
2	3465	59
2	3465	571
2	3465	795
2	3467	934
2	3468	617
2	3470	102
2	3470	393
2	3471	401
2	3471	529
2	3471	598
2	3472	181
2	3475	400
2	3475	962
2	3480	751
2	3481	677
2	3481	772
2	3485	603
2	3485	701
2	3486	705
2	3487	251
2	3487	537
2	3491	796
2	3492	579
2	3492	760
2	3493	474
2	3493	533
2	3495	308
2	3496	728
2	3497	550
2	3498	364
2	3498	806
2	3499	12
2	3499	27
2	3499	471
2	3499	656
2	3500	130
2	3500	595
2	3501	427
2	3504	32
2	3505	470
2	3505	731
2	3505	794
2	3506	331
2	3506	774
2	3508	587
2	3509	313
2	3509	493
2	3510	461
2	3511	219
2	3511	616
2	3513	137
2	3513	599
2	3513	779
2	3514	442
2	3514	713
2	3518	382
2	3518	610
2	3518	635
2	3520	468
2	3521	478
2	3521	745
2	3521	999
2	3522	378
2	3523	75
2	3524	932
2	3524	957
2	3526	52
2	3527	434
2	3528	247
2	3528	675
2	3532	112
2	3532	995
2	3533	600
2	3533	697
2	3534	552
2	3535	752
2	3536	105
2	3536	776
2	3538	747
2	3539	368
2	3539	666
2	3541	583
2	3541	585
2	3542	750
2	3543	930
2	3544	93
2	3544	634
2	3544	708
2	3545	814
2	3547	22
2	3547	454
2	3547	770
2	3547	931
2	3548	195
2	3549	694
2	3550	306
2	3551	549
2	3551	706
2	3552	551
2	3553	42
2	3553	450
2	3554	748
2	3555	163
2	3559	153
2	3559	192
2	3560	726
2	3560	840
2	3561	370
2	3562	334
2	3562	950
2	3563	66
2	3563	504
2	3565	57
2	3565	700
2	3566	359
2	3566	418
2	3567	702
2	3568	188
2	3569	322
2	3569	754
2	3570	572
2	3571	768
2	3572	150
2	3572	167
2	3572	638
2	3572	911
2	3573	360
2	3573	611
2	3575	577
2	3575	580
2	3576	845
2	3577	501
2	3577	565
2	3577	678
2	3578	693
2	3579	236
2	3580	683
2	3582	118
2	3583	419
2	3584	51
2	3584	618
2	3585	279
2	3586	136
2	3587	117
2	3587	291
2	3588	44
2	3588	220
2	3589	53
2	3591	221
2	3591	710
2	3591	917
2	3592	187
2	3592	329
2	3592	477
2	3593	4
2	3593	596
2	3595	521
2	3595	800
2	3596	641
2	3597	827
2	3598	692
2	3599	374
2	3599	375
2	3600	218
2	3600	978
2	3601	498
2	3605	362
2	3605	792
2	3606	740
2	3606	884
2	3608	623
2	3609	147
2	3612	238
2	3612	239
2	3612	540
2	3614	531
2	3615	152
2	3616	23
2	3616	333
2	3616	643
2	3617	301
2	3618	719
2	3619	380
2	3620	88
2	3622	107
2	3622	325
2	3622	810
2	3624	21
2	3624	586
2	3624	822
2	3625	491
2	3626	817
2	3627	821
2	3629	645
2	3629	774
2	3632	351
2	3633	463
2	3634	302
2	3635	180
2	3635	206
2	3635	836
2	3636	989
2	3637	86
2	3637	248
2	3638	14
2	3638	650
2	3638	933
2	3639	321
2	3639	335
2	3639	731
2	3640	732
2	3640	771
2	3641	777
2	3642	156
2	3643	352
2	3644	139
2	3644	833
2	3645	186
2	3646	56
2	3647	36
2	3647	55
2	3647	184
2	3647	766
2	3648	412
2	3648	635
2	3648	959
2	3648	998
2	3649	13
2	3652	723
2	3652	943
2	3653	534
2	3653	763
2	3654	104
2	3654	356
2	3655	95
2	3655	233
2	3655	473
2	3655	548
2	3658	339
2	3658	653
2	3658	813
2	3659	391
2	3659	528
2	3660	300
2	3660	413
2	3661	435
2	3663	440
2	3664	256
2	3664	280
2	3664	317
2	3664	940
2	3666	543
2	3666	979
2	3668	729
2	3670	544
2	3671	595
2	3672	559
2	3674	199
2	3677	858
2	3678	395
2	3679	307
2	3680	149
2	3680	828
2	3681	243
2	3682	161
2	3682	466
2	3682	950
2	3683	945
2	3685	775
2	3686	100
2	3687	390
2	3687	969
2	3689	244
2	3690	158
2	3690	672
2	3690	873
2	3694	204
2	3696	203
2	3696	479
2	3698	71
2	3698	839
2	3700	142
2	3701	24
2	3701	129
2	3701	974
2	3703	424
2	3704	96
2	3704	772
2	3705	577
2	3706	79
2	3706	127
2	3706	154
2	3708	403
2	3708	439
2	3709	289
2	3709	988
2	3711	372
2	3712	428
2	3712	558
2	3713	35
2	3713	690
2	3713	869
2	3714	212
2	3714	692
2	3716	39
2	3716	448
2	3717	298
2	3717	458
2	3719	444
2	3719	453
2	3719	535
2	3719	717
2	3719	957
2	3720	737
2	3720	935
2	3721	189
2	3721	519
2	3721	557
2	3721	830
2	3722	518
2	3724	343
2	3724	644
2	3724	908
2	3726	217
2	3726	410
2	3727	7
2	3728	524
2	3728	918
2	3731	89
2	3731	838
2	3732	201
2	3733	684
2	3734	971
2	3736	664
2	3737	429
2	3738	536
2	3738	705
2	3739	226
2	3740	253
2	3740	411
2	3741	157
2	3743	140
2	3743	278
2	3744	498
2	3744	633
2	3744	945
2	3745	340
2	3746	118
2	3746	373
2	3747	631
2	3748	425
2	3749	49
2	3750	661
2	3752	337
2	3752	426
2	3753	555
2	3753	619
2	3753	751
2	3754	188
2	3754	721
2	3757	6
2	3757	171
2	3757	360
2	3759	320
2	3759	683
2	3760	45
2	3760	67
2	3761	686
2	3761	886
2	3764	190
2	3765	124
2	3766	294
2	3767	291
2	3768	465
2	3769	814
2	3770	32
2	3770	350
2	3772	99
2	3772	110
2	3772	220
2	3772	671
2	3772	915
2	3775	591
2	3776	210
2	3776	583
2	3777	838
2	3779	506
2	3779	992
2	3780	283
2	3780	460
2	3780	728
2	3782	108
2	3782	272
2	3782	700
2	3783	279
2	3783	450
2	3783	523
2	3784	36
2	3784	65
2	3785	257
2	3785	585
2	3786	615
2	3787	381
2	3787	565
2	3788	310
2	3789	368
2	3789	516
2	3790	457
2	3794	538
2	3794	696
2	3798	74
2	3798	894
2	3799	382
2	3799	1000
2	3800	222
2	3803	83
2	3804	177
2	3805	634
2	3806	170
2	3806	451
2	3806	594
2	3814	125
2	3814	375
2	3815	531
2	3816	29
2	3818	856
2	3819	300
2	3824	987
2	3827	348
2	3828	131
2	3828	770
2	3830	485
2	3830	691
2	3833	617
2	3834	13
2	3835	92
2	3835	344
2	3835	625
2	3836	11
2	3836	84
2	3837	805
2	3838	893
2	3839	212
2	3841	414
2	3842	866
2	3843	258
2	3843	730
2	3846	829
2	3847	733
2	3847	792
2	3848	459
2	3848	526
2	3848	822
2	3849	404
2	3852	884
2	3854	322
2	3855	134
2	3855	665
2	3858	759
2	3859	306
2	3860	785
2	3863	760
2	3865	578
2	3865	788
2	3866	172
2	3869	496
2	3871	628
2	3871	951
2	3872	214
2	3872	261
2	3872	573
2	3872	709
2	3873	582
2	3873	606
2	3873	731
2	3874	790
2	3875	115
2	3877	88
2	3877	488
2	3878	856
2	3879	82
2	3879	228
2	3880	164
2	3880	729
2	3881	89
2	3881	701
2	3882	207
2	3882	677
2	3886	18
2	3886	46
2	3886	103
2	3887	676
2	3888	178
2	3890	557
2	3895	373
2	3895	616
2	3896	490
2	3897	67
2	3897	75
2	3897	76
2	3897	654
2	3897	745
2	3898	773
2	3899	192
2	3899	398
2	3900	80
2	3902	303
2	3903	216
2	3905	353
2	3905	793
2	3905	948
2	3906	987
2	3907	882
2	3908	390
2	3908	629
2	3911	219
2	3912	184
2	3912	366
2	3915	423
2	3915	651
2	3918	150
2	3918	504
2	3920	503
2	3920	602
2	3920	680
2	3920	756
2	3920	911
2	3921	49
2	3921	553
2	3921	640
2	3922	678
2	3925	85
2	3925	502
2	3925	576
2	3926	614
2	3929	845
2	3932	1
2	3934	232
2	3934	429
2	3936	352
2	3937	119
2	3937	126
2	3937	239
2	3937	890
2	3938	695
2	3939	147
2	3941	346
2	3943	166
2	3944	528
2	3944	952
2	3945	253
2	3945	771
2	3946	194
2	3946	333
2	3946	363
2	3947	155
2	3947	593
2	3948	180
2	3948	604
2	3948	723
2	3949	160
2	3949	588
2	3950	174
2	3950	647
2	3951	5
2	3952	391
2	3953	202
2	3953	675
2	3953	750
2	3953	787
2	3956	309
2	3956	707
2	3958	279
2	3959	94
2	3960	159
2	3961	56
2	3961	124
2	3961	291
2	3962	364
2	3964	205
2	3964	401
2	3965	482
2	3967	136
2	3967	425
2	3968	599
2	3969	324
2	3969	667
2	3970	55
2	3973	634
2	3973	837
2	3976	382
2	3978	20
2	3978	447
2	3981	304
2	3981	619
2	3982	948
2	3984	571
2	3986	105
2	3986	612
2	3986	686
2	3986	987
2	3987	955
2	3988	436
2	3989	784
2	3990	27
2	3990	639
2	3991	947
2	3992	664
2	3993	68
2	3993	74
2	3994	561
2	3996	6
2	3997	486
2	3998	196
2	3998	208
2	3999	386
2	4000	21
2	4001	123
2	4001	311
2	4001	384
2	4004	168
2	4004	325
2	4005	476
2	4005	591
2	4005	731
2	4006	523
2	4008	186
2	4008	1000
2	4010	761
2	4011	864
2	4011	896
2	4012	114
2	4012	201
2	4012	235
2	4012	464
2	4014	587
2	4016	244
2	4016	258
2	4017	335
2	4017	739
2	4019	341
2	4020	138
2	4021	31
2	4022	600
2	4023	99
2	4023	218
2	4023	315
2	4024	493
2	4025	976
2	4027	273
2	4027	742
2	4029	376
2	4029	721
2	4030	317
2	4031	295
2	4031	643
2	4032	607
2	4033	592
2	4034	314
2	4034	438
2	4035	747
2	4036	687
2	4037	132
2	4037	663
2	4038	426
2	4038	613
2	4039	87
2	4040	430
2	4040	993
2	4041	289
2	4041	657
2	4042	681
2	4043	118
2	4043	589
2	4044	110
2	4044	164
2	4044	236
2	4048	64
2	4050	45
2	4053	454
2	4053	738
2	4055	755
2	4057	286
2	4057	913
2	4058	230
2	4059	23
2	4059	705
2	4060	12
2	4062	261
2	4064	35
2	4065	226
2	4065	249
2	4066	145
2	4066	339
2	4066	494
2	4067	319
2	4067	330
2	4067	444
2	4070	8
2	4070	267
2	4070	537
2	4072	544
2	4073	171
2	4073	374
2	4073	707
2	4074	459
2	4075	240
2	4075	981
2	4076	214
2	4076	241
2	4077	15
2	4077	568
2	4079	372
2	4080	175
2	4080	547
2	4081	81
2	4083	108
2	4083	988
2	4087	552
2	4087	752
2	4087	758
2	4089	292
2	4089	356
2	4090	260
2	4091	128
2	4092	501
2	4093	553
2	4094	36
2	4094	220
2	4094	396
2	4094	746
2	4094	842
2	4097	414
2	4097	433
2	4099	322
2	4099	497
2	4100	7
2	4101	53
2	4101	699
2	4102	455
2	4102	806
2	4103	462
2	4103	956
2	4105	709
2	4106	603
2	4107	554
2	4108	456
2	4109	580
2	4111	506
2	4111	541
2	4111	596
2	4112	974
2	4113	483
2	4115	278
2	4118	896
2	4121	564
2	4121	775
2	4122	187
2	4122	972
2	4123	979
2	4126	940
2	4128	400
2	4129	337
2	4130	268
2	4130	307
2	4130	740
2	4130	930
2	4131	984
2	4133	402
2	4133	505
2	4134	149
2	4135	495
2	4135	899
2	4136	33
2	4136	152
2	4137	836
2	4138	533
2	4138	798
2	4140	524
2	4140	676
2	4141	327
2	4144	28
2	4144	478
2	4145	542
2	4147	56
2	4147	686
2	4149	14
2	4149	859
2	4150	378
2	4150	714
2	4150	923
2	4151	405
2	4151	422
2	4152	124
2	4152	332
2	4153	623
2	4154	18
2	4154	331
2	4155	122
2	4156	73
2	4157	200
2	4158	166
2	4158	498
2	4159	275
2	4162	255
2	4162	757
2	4163	247
2	4165	654
2	4166	644
2	4166	924
2	4169	450
2	4171	179
2	4171	475
2	4171	668
2	4172	10
2	4173	479
2	4173	786
2	4175	61
2	4175	76
2	4175	706
2	4176	133
2	4176	272
2	4176	563
2	4176	980
2	4177	256
2	4178	102
2	4178	460
2	4179	474
2	4180	116
2	4180	120
2	4182	905
2	4185	540
2	4188	393
2	4189	284
2	4191	435
2	4192	121
2	4192	516
2	4192	986
2	4193	429
2	4194	658
2	4196	453
2	4197	103
2	4197	646
2	4198	693
2	4199	771
2	4200	71
2	4203	508
2	4203	519
2	4204	484
2	4204	641
2	4205	91
2	4206	947
2	4207	199
2	4210	647
2	4212	250
2	4212	982
2	4213	664
2	4213	742
2	4214	45
2	4217	539
2	4218	675
2	4219	141
2	4221	369
2	4222	877
2	4223	301
2	4223	626
2	4225	782
2	4226	789
2	4227	493
2	4229	23
2	4229	329
2	4230	991
2	4231	153
2	4231	585
2	4235	551
2	4236	213
2	4237	515
2	4238	413
2	4240	517
2	4240	938
2	4241	279
2	4243	160
2	4243	190
2	4243	571
2	4243	735
2	4244	818
2	4246	972
2	4248	375
2	4248	895
2	4249	264
2	4249	416
2	4249	773
2	4249	784
2	4251	156
2	4251	195
2	4251	864
2	4253	209
2	4253	726
2	4255	46
2	4256	198
2	4258	810
2	4260	220
2	4263	319
2	4265	6
2	4266	280
2	4267	657
2	4269	398
2	4269	679
2	4272	294
2	4274	269
2	4274	702
2	4275	226
2	4275	690
2	4276	143
2	4276	299
2	4278	794
2	4278	852
2	4280	3
2	4280	380
2	4280	797
2	4281	126
2	4281	355
2	4281	901
2	4282	293
2	4282	711
2	4283	90
2	4284	583
2	4285	360
2	4285	386
2	4285	640
2	4288	602
2	4288	733
2	4288	873
2	4289	229
2	4289	365
2	4290	70
2	4290	148
2	4290	185
2	4290	412
2	4291	124
2	4291	384
2	4291	492
2	4292	574
2	4293	445
2	4295	40
2	4296	584
2	4296	791
2	4297	406
2	4298	251
2	4299	176
2	4299	637
2	4299	673
2	4301	85
2	4302	552
2	4302	659
2	4304	21
2	4306	107
2	4306	730
2	4308	796
2	4309	186
2	4311	955
2	4313	342
2	4313	725
2	4314	281
2	4314	376
2	4315	212
2	4319	419
2	4319	516
2	4320	4
2	4320	123
2	4320	532
2	4320	999
2	4321	333
2	4321	753
2	4324	729
2	4324	847
2	4325	170
2	4326	249
2	4326	965
2	4327	340
2	4327	446
2	4328	951
2	4330	146
2	4330	800
2	4331	548
2	4331	713
2	4332	177
2	4332	378
2	4333	8
2	4333	618
2	4333	950
2	4337	297
2	4338	411
2	4339	449
2	4340	630
2	4341	649
2	4341	908
2	4342	564
2	4346	296
2	4346	635
2	4346	651
2	4347	335
2	4350	534
2	4353	799
2	4355	617
2	4356	302
2	4356	647
2	4357	115
2	4357	648
2	4360	74
2	4360	343
2	4362	13
2	4362	71
2	4363	184
2	4363	388
2	4364	112
2	4366	716
2	4368	32
2	4368	216
2	4368	885
2	4369	644
2	4369	855
2	4370	807
2	4371	17
2	4372	52
2	4372	628
2	4373	586
2	4374	712
2	4375	12
2	4375	795
2	4378	87
2	4381	790
2	4383	775
2	4385	772
2	4386	536
2	4387	295
2	4389	662
2	4389	767
2	4391	570
2	4391	738
2	4393	392
2	4393	535
2	4394	987
2	4395	469
2	4395	545
2	4395	555
2	4396	758
2	4398	596
2	4398	606
2	4401	728
2	4402	68
2	4403	75
2	4403	194
2	4403	654
2	4404	51
2	4404	661
2	4405	502
2	4405	830
2	4406	22
2	4407	920
2	4407	938
2	4408	103
2	4408	491
2	4411	409
2	4412	745
2	4412	774
2	4412	941
2	4413	886
2	4417	190
2	4417	370
2	4418	452
2	4420	754
2	4421	174
2	4421	408
2	4422	563
2	4425	192
2	4426	79
2	4426	323
2	4427	687
2	4427	957
2	4428	591
2	4428	629
2	4429	439
2	4430	292
2	4430	542
2	4430	560
2	4431	288
2	4432	873
2	4433	160
2	4433	282
2	4433	623
2	4435	557
2	4436	159
2	4436	819
2	4437	212
2	4437	765
2	4437	810
2	4438	478
2	4439	888
2	4440	5
2	4441	473
2	4443	183
2	4443	834
2	4444	511
2	4444	806
2	4445	307
2	4446	99
2	4446	167
2	4447	310
2	4449	63
2	4451	220
2	4451	297
2	4451	642
2	4452	243
2	4452	742
2	4454	410
2	4456	471
2	4457	635
2	4458	66
2	4459	336
2	4460	176
2	4460	217
2	4461	111
2	4462	45
2	4462	126
2	4463	444
2	4464	23
2	4464	942
2	4466	81
2	4466	584
2	4467	156
2	4467	794
2	4469	404
2	4470	109
2	4470	182
2	4471	1
2	4471	710
2	4472	445
2	4473	799
2	4475	136
2	4476	200
2	4476	664
2	4479	782
2	4480	238
2	4480	677
2	4482	321
2	4482	916
2	4483	436
2	4484	757
2	4485	567
2	4485	763
2	4486	961
2	4487	413
2	4489	64
2	4489	78
2	4489	617
2	4489	871
2	4491	398
2	4492	234
2	4492	464
2	4495	127
2	4495	500
2	4495	553
2	4496	293
2	4496	523
2	4497	396
2	4499	11
2	4500	655
2	4501	55
2	4501	268
2	4501	428
2	4502	269
2	4502	319
2	4503	132
2	4505	229
2	4505	472
2	4505	857
2	4507	809
2	4509	4
2	4509	734
2	4510	376
2	4510	579
2	4511	539
2	4511	776
2	4512	48
2	4512	468
2	4513	165
2	4513	960
2	4513	966
2	4514	364
2	4514	838
2	4515	759
2	4517	621
2	4521	222
2	4521	305
2	4522	169
2	4522	844
2	4523	490
2	4524	638
2	4524	748
2	4525	470
2	4525	864
2	4527	381
2	4528	566
2	4530	657
2	4531	755
2	4534	705
2	4536	258
2	4537	44
2	4537	362
2	4538	150
2	4538	588
2	4539	121
2	4539	456
2	4541	263
2	4541	547
2	4541	879
2	4542	719
2	4542	881
2	4544	33
2	4546	328
2	4547	632
2	4548	241
2	4548	529
2	4551	561
2	4553	257
2	4554	649
2	4556	939
2	4558	783
2	4559	40
2	4559	255
2	4559	368
2	4559	750
2	4560	101
2	4560	552
2	4561	873
2	4562	726
2	4563	731
2	4564	41
2	4564	429
2	4569	878
2	4570	59
2	4570	656
2	4570	681
2	4572	766
2	4573	129
2	4573	203
2	4575	460
2	4578	154
2	4579	359
2	4579	533
2	4579	842
2	4581	636
2	4582	463
2	4582	736
2	4582	811
2	4583	548
2	4583	777
2	4585	405
2	4585	664
2	4586	245
2	4586	671
2	4588	232
2	4588	438
2	4588	640
2	4588	650
2	4588	993
2	4591	173
2	4591	506
2	4593	485
2	4594	153
2	4594	354
2	4595	480
2	4595	604
2	4596	578
2	4598	667
2	4601	148
2	4602	333
2	4604	703
2	4606	869
2	4607	10
2	4608	618
2	4609	47
2	4610	157
2	4613	596
2	4614	568
2	4616	724
2	4617	3
2	4617	417
2	4617	894
2	4620	580
2	4620	900
2	4621	309
2	4621	871
2	4623	60
2	4623	253
2	4625	284
2	4626	652
2	4627	454
2	4628	351
2	4628	551
2	4629	278
2	4631	25
2	4631	798
2	4633	324
2	4634	582
2	4634	657
2	4634	684
2	4635	557
2	4636	903
2	4637	205
2	4638	714
2	4639	598
2	4639	629
2	4639	666
2	4640	94
2	4640	955
2	4641	751
2	4641	968
2	4642	498
2	4646	781
2	4647	782
2	4648	870
2	4649	776
2	4650	303
2	4650	371
2	4651	276
2	4652	317
2	4653	564
2	4654	727
2	4658	166
2	4659	361
2	4659	696
2	4659	872
2	4660	556
2	4660	662
2	4661	185
2	4661	197
2	4662	130
2	4662	181
2	4663	494
2	4664	221
2	4664	264
2	4664	661
2	4664	735
2	4665	161
2	4666	470
2	4667	119
2	4667	752
2	4669	99
2	4669	249
2	4669	410
2	4670	655
2	4672	795
2	4674	624
2	4674	822
2	4675	191
2	4675	803
2	4676	237
2	4676	928
2	4677	204
2	4678	510
2	4682	158
2	4682	829
2	4684	285
2	4684	419
2	4684	534
2	4685	910
2	4687	851
2	4690	335
2	4690	339
2	4691	283
2	4691	686
2	4693	774
2	4694	39
2	4694	614
2	4695	58
2	4695	290
2	4695	687
2	4696	489
2	4696	762
2	4698	700
2	4699	30
2	4699	964
2	4700	431
2	4700	639
2	4701	721
2	4704	105
2	4704	457
2	4705	52
2	4707	452
2	4707	577
2	4709	857
2	4710	19
2	4711	155
2	4714	212
2	4714	848
2	4715	107
2	4719	174
2	4719	346
2	4720	466
2	4722	247
2	4723	271
2	4723	563
2	4724	57
2	4727	387
2	4727	609
2	4728	904
2	4729	446
2	4730	42
2	4731	178
2	4731	301
2	4734	401
2	4734	847
2	4735	84
2	4735	693
2	4737	957
2	4739	389
2	4740	854
2	4741	239
2	4744	8
2	4745	113
2	4747	153
2	4747	193
2	4747	360
2	4747	438
2	4748	575
2	4748	683
2	4749	196
2	4749	812
2	4750	537
2	4752	51
2	4752	763
2	4752	956
2	4754	536
2	4756	503
2	4757	219
2	4759	921
2	4759	961
2	4761	170
2	4763	201
2	4763	653
2	4763	761
2	4764	147
2	4764	348
2	4765	319
2	4765	395
2	4768	708
2	4768	731
2	4769	574
2	4772	76
2	4772	380
2	4773	152
2	4776	472
2	4778	108
2	4778	590
2	4779	228
2	4780	168
2	4786	299
2	4786	890
2	4787	473
2	4789	183
2	4789	581
2	4791	325
2	4791	517
2	4791	560
2	4792	75
2	4792	689
2	4793	233
2	4793	928
2	4795	98
2	4796	12
2	4798	40
2	4798	668
2	4798	675
2	4800	143
2	4801	363
2	4801	382
2	4801	827
2	4802	741
2	4803	10
2	4805	415
2	4808	60
2	4810	391
2	4810	463
2	4810	861
2	4811	62
2	4811	230
2	4811	321
2	4811	471
2	4811	819
2	4813	538
2	4815	806
2	4816	441
2	4818	308
2	4820	555
2	4821	979
2	4822	660
2	4823	564
2	4825	24
2	4826	532
2	4828	285
2	4828	322
2	4828	329
2	4828	369
2	4829	169
2	4829	568
2	4830	523
2	4830	543
2	4832	515
2	4833	567
2	4835	20
2	4835	458
2	4835	785
2	4836	740
2	4836	744
2	4837	154
2	4837	373
2	4837	488
2	4838	341
2	4838	902
2	4839	638
2	4839	752
2	4839	886
2	4840	434
2	4841	704
2	4842	573
2	4843	633
2	4844	305
2	4844	629
2	4846	73
2	4846	141
2	4846	311
2	4846	318
2	4848	778
2	4849	97
2	4850	634
2	4851	743
2	4852	100
2	4853	95
2	4855	72
2	4859	32
2	4859	112
2	4859	161
2	4861	332
2	4862	749
2	4863	544
2	4864	438
2	4865	891
2	4867	338
2	4867	649
2	4868	122
2	4868	482
2	4870	179
2	4870	656
2	4870	676
2	4875	111
2	4875	571
2	4875	865
2	4876	33
2	4877	514
2	4881	528
2	4881	646
2	4881	679
2	4881	736
2	4882	34
2	4882	231
2	4883	172
2	4883	351
2	4883	459
2	4884	253
2	4884	411
2	4886	421
2	4886	614
2	4887	658
2	4888	55
2	4888	867
2	4889	89
2	4889	716
2	4891	294
2	4892	269
2	4892	436
2	4892	627
2	4893	509
2	4894	510
2	4896	5
2	4896	48
2	4896	836
2	4898	383
2	4902	481
2	4903	1
2	4905	145
2	4905	455
2	4905	607
2	4906	102
2	4908	350
2	4908	815
2	4909	547
2	4910	125
2	4911	437
2	4912	666
2	4916	760
2	4921	17
2	4921	967
2	4922	613
2	4925	503
2	4927	247
2	4927	713
2	4928	685
2	4930	400
2	4930	650
2	4931	657
2	4932	611
2	4933	266
2	4933	304
2	4933	645
2	4934	212
2	4934	244
2	4935	136
2	4935	706
2	4937	13
2	4937	62
2	4937	71
2	4937	289
2	4938	195
2	4938	208
2	4938	270
2	4938	786
2	4938	915
2	4939	283
2	4942	29
2	4943	463
2	4943	465
2	4943	987
2	4944	546
2	4945	199
2	4945	495
2	4946	579
2	4947	542
2	4947	788
2	4948	623
2	4949	781
2	4952	651
2	4952	849
2	4953	674
2	4953	700
2	4955	79
2	4955	155
2	4955	663
2	4956	494
2	4957	566
2	4960	430
2	4962	589
2	4963	12
2	4965	295
2	4966	30
2	4968	191
2	4968	572
2	4968	779
2	4970	772
2	4972	219
2	4973	80
2	4974	718
2	4974	719
2	4975	343
2	4975	720
2	4976	387
2	4976	488
2	4976	591
2	4979	94
2	4979	620
2	4980	360
2	4980	587
2	4981	847
2	4982	594
2	4984	586
2	4984	616
2	4984	794
2	4985	90
2	4986	714
2	4987	276
2	4987	367
2	4987	970
2	4988	174
2	4989	67
2	4989	601
2	4990	108
2	4990	533
2	4991	377
2	4991	767
2	4992	26
2	4992	695
2	4993	100
2	4993	625
2	4993	851
2	4994	527
2	4995	325
2	4995	935
2	4996	14
2	4996	200
2	4997	107
2	4997	357
2	4997	761
2	4997	860
2	4998	81
2	4999	324
2	4999	415
2	5000	110
