2	-1	0
2	1	20
2	1	91
2	1	428
2	1	728
2	3	903
2	4	759
2	5	397
2	9	303
2	10	41
2	12	593
2	13	93
2	14	790
2	15	165
2	17	841
2	19	478
2	20	260
2	20	931
2	21	18
2	21	650
2	22	227
2	23	656
2	24	891
2	25	232
2	27	190
2	29	768
2	30	736
2	31	797
2	33	409
2	34	347
2	37	430
2	37	600
2	38	920
2	39	653
2	41	46
2	41	97
2	41	838
2	42	158
2	43	119
2	43	737
2	46	92
2	50	291
2	50	716
2	51	282
2	52	887
2	54	686
2	55	616
2	57	701
2	59	204
2	59	287
2	60	261
2	61	738
2	61	814
2	63	150
2	63	984
2	64	136
2	64	140
2	64	582
2	64	800
2	66	633
2	66	643
2	68	286
2	68	334
2	68	577
2	69	426
2	70	280
2	70	613
2	73	449
2	74	206
2	75	437
2	76	11
2	76	730
2	77	171
2	77	554
2	77	713
2	80	264
2	81	368
2	81	672
2	83	398
2	83	545
2	84	304
2	85	68
2	86	72
2	87	121
2	90	156
2	90	652
2	91	70
2	91	392
2	92	115
2	92	440
2	94	210
2	94	348
2	95	435
2	97	191
2	97	540
2	98	76
2	98	630
2	99	695
2	100	488
2	100	811
2	101	315
2	102	130
2	102	201
2	103	525
2	106	56
2	106	318
2	107	325
2	107	722
2	107	990
2	108	646
2	109	681
2	110	98
2	110	750
2	112	604
2	113	455
2	114	533
2	116	100
2	116	378
2	117	223
2	120	230
2	120	321
2	120	489
2	122	357
2	122	374
2	122	592
2	123	71
2	124	338
2	126	29
2	127	59
2	127	511
2	128	313
2	129	251
2	130	185
2	131	253
2	131	602
2	132	307
2	133	482
2	134	517
2	135	352
2	135	526
2	136	807
2	136	921
2	138	527
2	141	66
2	141	423
2	143	196
2	143	246
2	143	283
2	143	383
2	143	712
2	144	13
2	145	456
2	146	379
2	146	587
2	147	60
2	147	317
2	147	586
2	148	786
2	148	868
2	149	735
2	150	981
2	152	86
2	152	736
2	156	519
2	157	501
2	158	480
2	159	421
2	160	144
2	160	237
2	160	403
2	160	715
2	162	629
2	163	789
2	164	531
2	165	541
2	165	560
2	167	314
2	167	766
2	169	548
2	171	8
2	172	153
2	173	63
2	173	244
2	173	418
2	173	521
2	173	603
2	173	922
2	176	249
2	176	659
2	176	748
2	178	274
2	178	879
2	179	213
2	179	294
2	182	232
2	185	939
2	195	530
2	196	599
2	196	711
2	197	550
2	198	628
2	200	309
2	200	412
2	201	176
2	203	468
2	206	376
2	206	765
2	208	622
2	210	951
2	211	110
2	213	337
2	213	381
2	213	729
2	218	759
2	219	704
2	221	802
2	222	747
2	224	92
2	227	690
2	228	465
2	230	818
2	230	923
2	233	793
2	234	140
2	235	449
2	237	233
2	238	177
2	238	706
2	238	770
2	241	820
2	243	10
2	243	242
2	244	829
2	245	385
2	246	737
2	246	928
2	247	288
2	248	513
2	249	987
2	250	518
2	251	97
2	252	683
2	255	641
2	256	470
2	258	635
2	259	778
2	259	844
2	262	268
2	262	292
2	263	195
2	263	476
2	263	673
2	263	767
2	263	785
2	264	361
2	264	515
2	264	960
2	265	65
2	267	422
2	269	79
2	269	179
2	269	475
2	271	70
2	271	406
2	271	973
2	272	504
2	272	967
2	273	610
2	274	367
2	275	95
2	275	391
2	275	617
2	277	535
2	277	606
2	277	882
2	278	392
2	278	407
2	279	947
2	281	443
2	282	637
2	283	740
2	285	54
2	286	395
2	286	798
2	287	323
2	287	696
2	287	714
2	288	20
2	288	620
2	289	505
2	290	472
2	290	585
2	291	496
2	292	74
2	293	168
2	295	763
2	296	6
2	296	93
2	297	131
2	298	35
2	298	197
2	298	828
2	299	188
2	299	285
2	301	506
2	302	180
2	302	371
2	306	225
2	306	409
2	306	718
2	307	935
2	311	397
2	311	444
2	312	757
2	314	351
2	314	497
2	315	289
2	317	60
2	317	533
2	320	13
2	320	117
2	320	434
2	320	571
2	322	28
2	322	452
2	327	129
2	328	63
2	329	484
2	331	736
2	332	521
2	332	790
2	333	569
2	334	669
2	336	325
2	340	128
2	340	200
2	342	344
2	344	297
2	344	427
2	344	752
2	345	531
2	346	334
2	346	549
2	347	262
2	347	489
2	349	320
2	351	467
2	351	532
2	353	689
2	353	943
2	354	445
2	354	699
2	356	315
2	356	498
2	357	945
2	358	541
2	359	198
2	360	779
2	361	300
2	361	793
2	366	459
2	367	352
2	367	768
2	368	175
2	368	331
2	368	937
2	369	37
2	371	511
2	372	32
2	372	942
2	374	15
2	377	453
2	377	543
2	379	201
2	379	390
2	380	417
2	383	113
2	383	744
2	384	649
2	384	671
2	385	110
2	386	447
2	386	462
2	386	979
2	387	633
2	388	748
2	389	672
2	390	534
2	390	552
2	390	786
2	391	516
2	392	139
2	392	329
2	392	509
2	393	461
2	394	108
2	394	158
2	394	474
2	395	171
2	395	336
2	396	623
2	396	975
2	398	5
2	398	574
2	398	717
2	398	771
2	399	69
2	399	399
2	400	542
2	401	944
2	403	186
2	404	81
2	405	232
2	405	590
2	406	578
2	406	600
2	406	817
2	407	224
2	407	382
2	407	589
2	409	644
2	410	410
2	410	682
2	411	84
2	411	127
2	411	660
2	411	735
2	411	738
2	412	741
2	412	840
2	413	75
2	414	705
2	416	253
2	417	630
2	417	643
2	418	275
2	420	16
2	420	481
2	420	831
2	421	425
2	421	448
2	422	159
2	422	789
2	425	59
2	426	323
2	428	226
2	429	221
2	430	679
2	431	538
2	431	706
2	432	30
2	433	711
2	434	227
2	435	902
2	436	482
2	438	652
2	440	573
2	442	281
2	442	737
2	443	191
2	443	619
2	443	733
2	445	508
2	446	122
2	446	131
2	446	703
2	447	487
2	447	693
2	447	784
2	448	582
2	451	468
2	451	473
2	451	496
2	451	520
2	451	984
2	452	322
2	452	624
2	454	795
2	456	856
2	457	154
2	457	680
2	458	209
2	458	245
2	458	728
2	460	112
2	462	176
2	462	555
2	462	702
2	464	806
2	465	296
2	465	383
2	466	155
2	466	577
2	467	149
2	470	234
2	470	873
2	471	622
2	472	178
2	473	340
2	476	442
2	476	561
2	476	753
2	476	776
2	477	357
2	477	433
2	479	168
2	479	343
2	479	597
2	480	842
2	481	347
2	485	396
2	486	164
2	486	196
2	486	319
2	486	700
2	489	420
2	491	153
2	493	328
2	493	423
2	494	488
2	495	380
2	496	166
2	497	40
2	497	782
2	498	240
2	500	386
2	500	478
2	500	719
2	500	844
2	501	143
2	502	373
2	502	393
2	505	231
2	506	404
2	506	800
2	507	7
2	507	169
2	507	663
2	508	998
2	509	19
2	510	701
2	510	790
2	512	459
2	512	977
2	513	504
2	513	639
2	516	54
2	516	63
2	516	431
2	522	371
2	522	486
2	522	586
2	523	90
2	523	181
2	524	179
2	525	259
2	525	676
2	525	894
2	526	912
2	529	282
2	529	305
2	531	585
2	531	761
2	532	500
2	534	10
2	534	658
2	536	529
2	537	546
2	537	611
2	537	734
2	540	136
2	541	820
2	542	25
2	542	742
2	543	930
2	545	502
2	546	95
2	546	655
2	547	620
2	548	105
2	548	656
2	548	846
2	549	215
2	549	385
2	549	666
2	551	60
2	551	103
2	551	895
2	552	599
2	553	268
2	555	320
2	556	548
2	556	911
2	558	156
2	558	345
2	558	775
2	559	206
2	560	980
2	561	945
2	564	293
2	564	598
2	565	88
2	565	402
2	566	591
2	567	572
2	567	796
2	568	3
2	568	699
2	572	456
2	573	310
2	573	608
2	574	444
2	574	596
2	574	748
2	574	927
2	575	225
2	576	167
2	576	603
2	577	689
2	578	87
2	578	367
2	578	686
2	578	787
2	579	359
2	580	108
2	580	450
2	580	619
2	581	190
2	581	199
2	581	335
2	583	518
2	587	879
2	589	33
2	589	541
2	589	544
2	590	375
2	590	462
2	590	715
2	591	364
2	591	640
2	593	286
2	594	37
2	597	20
2	598	408
2	598	526
2	600	383
2	600	406
2	600	525
2	603	716
2	604	46
2	604	401
2	604	412
2	604	712
2	605	97
2	605	428
2	607	958
2	608	337
2	609	648
2	611	113
2	613	101
2	613	216
2	614	472
2	616	203
2	616	810
2	617	160
2	617	756
2	618	601
2	619	350
2	621	1
2	621	191
2	622	665
2	622	697
2	622	772
2	622	860
2	623	78
2	624	531
2	625	28
2	626	116
2	628	725
2	628	849
2	630	58
2	630	158
2	632	426
2	633	353
2	633	907
2	634	263
2	634	672
2	635	403
2	636	465
2	637	580
2	638	543
2	638	589
2	638	662
2	639	932
2	640	22
2	642	91
2	642	313
2	642	439
2	642	483
2	643	311
2	643	800
2	644	604
2	645	714
2	649	271
2	650	676
2	651	474
2	652	618
2	652	817
2	654	501
2	657	763
2	659	218
2	661	795
2	662	388
2	662	874
2	664	35
2	664	778
2	666	624
2	666	990
2	667	279
2	668	74
2	669	202
2	669	861
2	671	535
2	672	436
2	673	760
2	674	297
2	676	235
2	677	826
2	679	301
2	680	177
2	680	307
2	680	536
2	680	704
2	680	922
2	681	53
2	681	470
2	681	907
2	681	994
2	682	73
2	682	765
2	683	464
2	684	709
2	688	815
2	689	138
2	691	396
2	691	417
2	692	14
2	693	987
2	696	938
2	697	147
2	697	692
2	699	217
2	699	731
2	700	777
2	701	76
2	701	165
2	701	485
2	703	226
2	703	584
2	703	886
2	704	595
2	706	278
2	707	967
2	708	71
2	709	10
2	709	212
2	710	289
2	710	540
2	711	123
2	711	210
2	711	782
2	712	533
2	713	201
2	713	710
2	714	161
2	714	983
2	720	68
2	723	902
2	724	19
2	724	303
2	725	92
2	725	268
2	725	272
2	727	517
2	731	744
2	732	578
2	733	302
2	736	555
2	738	348
2	738	666
2	738	727
2	738	809
2	739	207
2	740	6
2	740	267
2	741	149
2	741	249
2	742	450
2	742	960
2	743	688
2	744	36
2	744	192
2	744	599
2	745	42
2	748	362
2	748	423
2	748	459
2	748	532
2	749	63
2	749	215
2	750	72
2	750	480
2	751	528
2	751	566
2	751	596
2	753	395
2	753	550
2	753	653
2	755	225
2	755	613
2	755	693
2	755	901
2	756	183
2	756	338
2	757	371
2	762	111
2	762	504
2	765	758
2	766	153
2	766	520
2	767	372
2	772	34
2	772	236
2	772	294
2	774	320
2	774	488
2	775	152
2	777	213
2	779	141
2	779	199
2	779	205
2	780	104
2	780	446
2	781	491
2	782	315
2	784	473
2	786	118
2	786	312
2	787	529
2	789	247
2	789	521
2	790	241
2	790	722
2	791	397
2	791	553
2	791	789
2	792	409
2	792	745
2	794	112
2	796	648
2	797	343
2	798	51
2	798	77
2	798	581
2	799	729
2	800	259
2	801	101
2	801	232
2	801	770
2	803	806
2	804	229
2	807	80
2	807	794
2	808	69
2	808	410
2	808	523
2	808	630
2	808	674
2	808	947
2	809	128
2	809	408
2	810	394
2	811	713
2	812	356
2	812	725
2	812	750
2	813	166
2	813	656
2	815	127
2	815	662
2	816	70
2	816	646
2	818	536
2	818	860
2	819	832
2	822	940
2	823	621
2	824	837
2	825	590
2	829	560
2	830	251
2	831	601
2	831	919
2	831	983
2	833	413
2	834	839
2	835	626
2	835	645
2	838	617
2	840	344
2	841	50
2	841	206
2	843	191
2	843	218
2	843	567
2	844	135
2	844	261
2	844	633
2	844	641
2	845	747
2	847	136
2	847	515
2	847	603
2	847	766
2	847	945
2	853	121
2	854	741
2	856	245
2	856	301
2	857	185
2	857	649
2	858	125
2	859	266
2	859	324
2	861	124
2	861	177
2	862	444
2	863	64
2	865	449
2	866	571
2	866	771
2	868	654
2	869	549
2	869	602
2	869	968
2	870	486
2	872	89
2	873	716
2	875	142
2	878	114
2	879	561
2	881	944
2	882	35
2	882	65
2	882	237
2	885	871
2	886	100
2	887	257
2	888	814
2	891	253
2	891	826
2	891	928
2	892	189
2	892	279
2	892	293
2	892	347
2	892	680
2	893	773
2	895	95
2	897	670
2	898	556
2	898	582
2	899	223
2	899	586
2	901	313
2	901	832
2	902	499
2	902	552
2	905	720
2	909	387
2	909	599
2	910	298
2	912	610
2	913	84
2	913	611
2	913	635
2	915	26
2	915	659
2	917	910
2	918	576
2	918	912
2	919	542
2	920	458
2	920	698
2	921	286
2	922	739
2	924	774
2	925	244
2	926	55
2	926	873
2	927	46
2	927	424
2	928	660
2	929	884
2	930	181
2	930	405
2	931	91
2	931	107
2	931	538
2	932	366
2	932	573
2	933	941
2	934	435
2	934	598
2	934	761
2	936	188
2	937	466
2	938	163
2	939	388
2	941	311
2	941	724
2	942	73
2	944	683
2	944	725
2	945	468
2	946	799
2	946	915
2	947	690
2	948	767
2	949	60
2	950	753
2	951	36
2	952	346
2	952	453
2	953	265
2	953	914
2	954	37
2	956	134
2	956	400
2	958	737
2	961	354
2	962	469
2	962	752
2	966	249
2	966	285
2	968	368
2	969	665
2	970	225
2	970	322
2	970	624
2	972	309
2	973	269
2	973	288
2	973	434
2	975	130
2	975	324
2	975	685
2	976	681
2	976	746
2	977	171
2	977	492
2	980	686
2	984	207
2	984	742
2	984	750
2	986	282
2	987	15
2	987	614
2	987	838
2	989	510
2	989	787
2	989	884
2	990	52
2	992	845
2	994	81
2	994	242
2	995	17
2	995	168
2	996	141
2	997	79
2	997	459
2	998	92
2	998	648
2	998	788
2	999	321
2	999	661
2	999	837
2	1000	860
2	1000	933
2	1002	339
2	1002	478
2	1002	879
2	1003	135
2	1003	662
2	1004	373
2	1005	494
2	1005	526
2	1005	977
2	1006	427
2	1006	488
2	1009	472
2	1009	827
2	1010	514
2	1010	667
2	1011	235
2	1011	357
2	1012	337
2	1012	707
2	1013	5
2	1015	565
2	1017	471
2	1020	271
2	1020	342
2	1021	352
2	1021	396
2	1023	658
2	1024	464
2	1024	715
2	1025	8
2	1026	9
2	1027	533
2	1028	638
2	1029	483
2	1029	867
2	1030	11
2	1030	506
2	1032	159
2	1032	438
2	1032	855
2	1033	693
2	1034	127
2	1035	103
2	1037	704
2	1038	364
2	1038	476
2	1038	515
2	1039	116
2	1039	422
2	1039	437
2	1039	726
2	1039	884
2	1040	97
2	1042	408
2	1042	529
2	1043	409
2	1043	519
2	1043	771
2	1043	818
2	1046	584
2	1049	759
2	1050	852
2	1053	96
2	1053	343
2	1053	755
2	1054	70
2	1054	778
2	1054	800
2	1055	548
2	1056	200
2	1056	441
2	1056	556
2	1057	310
2	1058	233
2	1061	162
2	1061	205
2	1061	317
2	1062	371
2	1066	757
2	1068	222
2	1068	860
2	1069	524
2	1071	29
2	1071	333
2	1071	448
2	1072	42
2	1072	749
2	1074	627
2	1074	908
2	1075	208
2	1075	302
2	1077	854
2	1079	485
2	1080	669
2	1083	133
2	1083	294
2	1086	228
2	1086	848
2	1090	824
2	1092	44
2	1094	537
2	1095	674
2	1097	297
2	1098	368
2	1098	871
2	1099	234
2	1099	920
2	1102	978
2	1104	61
2	1105	57
2	1107	660
2	1111	63
2	1111	451
2	1111	960
2	1112	640
2	1112	826
2	1113	91
2	1113	129
2	1113	530
2	1114	300
2	1114	785
2	1115	87
2	1115	358
2	1115	754
2	1116	24
2	1117	737
2	1118	134
2	1118	195
2	1120	846
2	1121	197
2	1122	702
2	1125	125
2	1125	501
2	1125	588
2	1125	589
2	1126	891
2	1127	301
2	1128	147
2	1131	618
2	1132	260
2	1132	419
2	1133	243
2	1134	362
2	1136	249
2	1136	482
2	1137	637
2	1138	186
2	1138	518
2	1140	82
2	1141	890
2	1142	303
2	1142	631
2	1143	456
2	1144	384
2	1145	377
2	1145	440
2	1145	534
2	1147	34
2	1147	327
2	1147	504
2	1148	335
2	1149	272
2	1149	599
2	1153	262
2	1153	417
2	1155	102
2	1156	280
2	1158	499
2	1159	564
2	1160	768
2	1161	196
2	1161	218
2	1161	591
2	1163	209
2	1163	606
2	1163	742
2	1164	190
2	1164	215
2	1165	153
2	1165	323
2	1165	345
2	1165	732
2	1166	988
2	1167	747
2	1167	933
2	1168	886
2	1168	907
2	1170	652
2	1170	655
2	1170	704
2	1173	569
2	1178	1000
2	1179	77
2	1179	605
2	1179	922
2	1181	66
2	1182	671
2	1184	392
2	1186	479
2	1187	31
2	1188	171
2	1189	18
2	1189	307
2	1189	624
2	1191	7
2	1191	427
2	1192	753
2	1193	41
2	1193	315
2	1194	244
2	1194	623
2	1195	292
2	1196	93
2	1196	245
2	1196	275
2	1197	799
2	1198	214
2	1198	500
2	1199	173
2	1199	286
2	1199	824
2	1200	808
2	1201	459
2	1201	466
2	1201	748
2	1202	469
2	1202	675
2	1202	778
2	1202	968
2	1204	758
2	1204	787
2	1206	253
2	1211	558
2	1212	739
2	1215	246
2	1216	9
2	1218	415
2	1218	614
2	1218	711
2	1219	965
2	1221	485
2	1222	372
2	1224	19
2	1224	24
2	1226	162
2	1226	358
2	1227	481
2	1227	650
2	1228	88
2	1228	205
2	1229	98
2	1229	434
2	1231	170
2	1231	325
2	1231	678
2	1232	789
2	1233	285
2	1233	712
2	1233	984
2	1234	210
2	1234	429
2	1234	484
2	1234	628
2	1234	730
2	1235	668
2	1236	493
2	1236	723
2	1237	175
2	1237	626
2	1238	108
2	1238	586
2	1238	807
2	1238	873
2	1240	278
2	1240	455
2	1241	634
2	1241	686
2	1242	833
2	1243	266
2	1243	622
2	1244	329
2	1245	784
2	1246	497
2	1247	318
2	1247	368
2	1247	662
2	1250	381
2	1250	492
2	1250	706
2	1250	746
2	1251	188
2	1252	112
2	1252	204
2	1254	899
2	1255	241
2	1255	357
2	1255	696
2	1258	531
2	1258	579
2	1260	546
2	1261	349
2	1262	563
2	1263	507
2	1266	141
2	1269	192
2	1269	299
2	1269	356
2	1271	35
2	1271	529
2	1271	895
2	1272	296
2	1272	436
2	1272	764
2	1272	777
2	1274	452
2	1277	27
2	1277	454
2	1278	39
2	1278	92
2	1278	608
2	1279	140
2	1279	199
2	1280	302
2	1280	885
2	1281	468
2	1283	183
2	1286	437
2	1288	683
2	1288	716
2	1289	45
2	1289	115
2	1289	230
2	1290	132
2	1290	402
2	1290	461
2	1290	528
2	1291	604
2	1292	620
2	1294	121
2	1294	648
2	1296	511
2	1296	516
2	1296	562
2	1297	64
2	1297	113
2	1297	216
2	1297	390
2	1297	438
2	1297	757
2	1298	201
2	1298	242
2	1298	364
2	1298	385
2	1299	319
2	1299	642
2	1300	689
2	1300	919
2	1301	612
2	1301	666
2	1302	89
2	1302	322
2	1302	903
2	1304	411
2	1304	432
2	1305	95
2	1305	229
2	1305	330
2	1305	389
2	1306	443
2	1307	373
2	1307	539
2	1309	353
2	1310	269
2	1312	152
2	1312	473
2	1313	52
2	1314	67
2	1314	744
2	1315	413
2	1316	43
2	1316	163
2	1317	6
2	1317	908
2	1317	936
2	1319	15
2	1320	470
2	1320	747
2	1321	60
2	1321	298
2	1321	715
2	1322	265
2	1322	337
2	1322	640
2	1324	76
2	1325	166
2	1325	913
2	1325	985
2	1328	530
2	1329	752
2	1330	153
2	1330	986
2	1334	110
2	1334	350
2	1337	581
2	1338	213
2	1341	157
2	1345	961
2	1346	47
2	1346	527
2	1349	106
2	1349	136
2	1351	854
2	1352	663
2	1353	200
2	1353	280
2	1353	426
2	1354	532
2	1355	700
2	1356	839
2	1358	149
2	1358	464
2	1359	61
2	1359	521
2	1360	643
2	1361	240
2	1361	831
2	1361	999
2	1362	489
2	1362	775
2	1365	708
2	1367	800
2	1368	293
2	1368	544
2	1371	193
2	1371	327
2	1372	790
2	1372	975
2	1373	765
2	1373	783
2	1374	271
2	1374	341
2	1375	501
2	1375	540
2	1376	688
2	1380	256
2	1381	460
2	1381	578
2	1383	654
2	1385	142
2	1385	258
2	1388	362
2	1388	943
2	1389	399
2	1389	551
2	1391	182
2	1391	220
2	1393	525
2	1393	571
2	1393	705
2	1393	833
2	1395	346
2	1396	69
2	1397	205
2	1398	185
2	1398	295
2	1398	340
2	1400	471
2	1400	507
2	1401	305
2	1401	978
2	1402	773
2	1405	809
2	1406	279
2	1406	374
2	1406	522
2	1406	741
2	1406	877
2	1407	476
2	1408	99
2	1408	972
2	1409	303
2	1409	409
2	1410	208
2	1410	509
2	1412	158
2	1413	189
2	1413	985
2	1415	556
2	1415	675
2	1416	76
2	1417	274
2	1417	304
2	1418	453
2	1419	77
2	1419	129
2	1419	537
2	1422	506
2	1423	813
2	1424	491
2	1424	929
2	1426	178
2	1427	28
2	1427	726
2	1428	483
2	1429	442
2	1430	329
2	1430	515
2	1432	552
2	1434	600
2	1436	427
2	1437	610
2	1438	348
2	1440	563
2	1441	155
2	1441	440
2	1441	512
2	1442	137
2	1443	170
2	1444	252
2	1444	257
2	1445	686
2	1445	861
2	1447	164
2	1448	308
2	1450	41
2	1451	47
2	1451	103
2	1451	360
2	1452	70
2	1454	245
2	1454	633
2	1454	740
2	1455	165
2	1455	545
2	1455	712
2	1456	366
2	1457	809
2	1458	526
2	1459	549
2	1459	638
2	1460	458
2	1460	794
2	1462	488
2	1463	650
2	1464	406
2	1464	910
2	1465	846
2	1467	349
2	1467	849
2	1467	940
2	1468	529
2	1469	83
2	1469	325
2	1470	31
2	1470	759
2	1473	253
2	1473	967
2	1475	393
2	1477	238
2	1477	839
2	1481	643
2	1482	36
2	1482	504
2	1483	8
2	1483	391
2	1484	94
2	1490	582
2	1491	120
2	1491	389
2	1492	24
2	1493	568
2	1494	355
2	1494	495
2	1494	535
2	1494	591
2	1495	676
2	1496	758
2	1498	924
2	1502	300
2	1502	496
2	1502	671
2	1503	237
2	1505	232
2	1505	359
2	1505	487
2	1505	994
2	1506	284
2	1506	603
2	1507	743
2	1509	62
2	1511	371
2	1511	957
2	1513	162
2	1514	276
2	1514	292
2	1516	230
2	1516	316
2	1517	131
2	1517	894
2	1519	744
2	1521	247
2	1521	719
2	1524	645
2	1525	674
2	1526	378
2	1526	395
2	1527	92
2	1527	125
2	1528	113
2	1528	246
2	1530	105
2	1530	322
2	1530	820
2	1530	868
2	1534	57
2	1534	519
2	1535	476
2	1535	523
2	1537	657
2	1537	724
2	1537	987
2	1540	49
2	1541	369
2	1541	592
2	1542	687
2	1543	34
2	1543	386
2	1543	456
2	1544	63
2	1545	466
2	1545	485
2	1547	951
2	1548	209
2	1548	673
2	1550	914
2	1551	100
2	1551	667
2	1551	807
2	1552	195
2	1552	800
2	1554	93
2	1554	482
2	1555	454
2	1556	160
2	1557	475
2	1557	707
2	1559	80
2	1559	642
2	1561	37
2	1562	45
2	1562	235
2	1562	299
2	1562	352
2	1563	30
2	1564	777
2	1564	963
2	1565	78
2	1565	224
2	1566	357
2	1567	771
2	1568	69
2	1568	289
2	1568	792
2	1571	239
2	1572	757
2	1576	543
2	1576	567
2	1577	72
2	1577	491
2	1577	806
2	1578	290
2	1580	56
2	1580	251
2	1581	679
2	1581	898
2	1582	799
2	1583	161
2	1585	96
2	1585	754
2	1589	158
2	1591	178
2	1593	786
2	1594	940
2	1596	449
2	1597	713
2	1598	628
2	1599	108
2	1599	703
2	1601	718
2	1602	342
2	1602	682
2	1604	132
2	1605	222
2	1606	206
2	1606	617
2	1607	208
2	1608	582
2	1609	691
2	1611	67
2	1613	778
2	1613	815
2	1614	347
2	1615	969
2	1617	106
2	1619	147
2	1621	228
2	1622	773
2	1624	68
2	1624	197
2	1626	564
2	1628	546
2	1629	196
2	1629	244
2	1629	502
2	1629	600
2	1629	865
2	1630	126
2	1632	340
2	1632	451
2	1633	903
2	1634	494
2	1635	24
2	1636	241
2	1637	669
2	1638	42
2	1638	343
2	1639	493
2	1639	624
2	1641	189
2	1647	404
2	1647	702
2	1648	310
2	1648	943
2	1650	598
2	1651	40
2	1651	137
2	1652	450
2	1653	436
2	1653	597
2	1654	784
2	1655	578
2	1656	653
2	1657	447
2	1657	575
2	1657	616
2	1658	664
2	1658	895
2	1658	961
2	1661	247
2	1662	205
2	1662	917
2	1664	630
2	1665	306
2	1666	58
2	1666	84
2	1666	721
2	1667	634
2	1668	483
2	1670	751
2	1672	377
2	1673	22
2	1673	32
2	1673	124
2	1673	379
2	1673	544
2	1673	729
2	1674	576
2	1674	587
2	1675	87
2	1675	776
2	1677	420
2	1678	18
2	1678	240
2	1678	455
2	1679	62
2	1679	261
2	1680	159
2	1680	648
2	1681	27
2	1682	399
2	1684	474
2	1685	324
2	1685	709
2	1686	94
2	1687	747
2	1689	397
2	1689	586
2	1689	711
2	1689	763
2	1690	226
2	1691	794
2	1692	59
2	1692	559
2	1696	385
2	1696	563
2	1696	868
2	1697	214
2	1698	123
2	1698	652
2	1698	757
2	1699	591
2	1701	73
2	1702	41
2	1702	408
2	1702	479
2	1706	293
2	1707	200
2	1708	229
2	1710	508
2	1711	82
2	1711	83
2	1712	944
2	1713	531
2	1713	659
2	1715	523
2	1715	536
2	1716	798
2	1717	116
2	1717	345
2	1720	155
2	1722	361
2	1722	392
2	1724	183
2	1724	533
2	1725	770
2	1726	319
2	1726	522
2	1726	548
2	1727	154
2	1727	274
2	1727	297
2	1728	987
2	1729	355
2	1729	359
2	1729	743
2	1729	823
2	1734	462
2	1736	138
2	1736	496
2	1737	127
2	1738	118
2	1738	442
2	1738	535
2	1739	443
2	1740	438
2	1741	105
2	1741	108
2	1741	362
2	1741	594
2	1741	865
2	1741	881
2	1742	572
2	1746	433
2	1746	526
2	1747	302
2	1747	329
2	1747	394
2	1747	581
2	1747	853
2	1748	160
2	1748	923
2	1748	930
2	1749	390
2	1749	417
2	1750	727
2	1750	750
2	1750	928
2	1751	321
2	1753	336
2	1754	313
2	1755	975
2	1756	162
2	1756	626
2	1757	71
2	1758	110
2	1759	220
2	1760	383
2	1760	542
2	1760	766
2	1762	821
2	1763	403
2	1764	254
2	1764	826
2	1764	879
2	1765	705
2	1767	693
2	1769	946
2	1770	107
2	1772	17
2	1772	350
2	1773	283
2	1774	194
2	1774	960
2	1775	77
2	1778	391
2	1779	197
2	1780	668
2	1782	13
2	1782	788
2	1783	641
2	1784	655
2	1787	61
2	1787	584
2	1788	208
2	1788	755
2	1789	987
2	1790	56
2	1791	150
2	1792	732
2	1793	845
2	1794	742
2	1795	279
2	1796	360
2	1796	631
2	1798	133
2	1798	897
2	1800	821
2	1801	26
2	1802	29
2	1802	490
2	1802	566
2	1802	948
2	1803	654
2	1804	556
2	1804	617
2	1805	887
2	1807	199
2	1807	454
2	1807	838
2	1808	819
2	1809	449
2	1810	991
2	1811	286
2	1812	295
2	1812	458
2	1817	10
2	1819	124
2	1819	269
2	1819	471
2	1819	576
2	1821	649
2	1821	979
2	1822	113
2	1822	335
2	1823	157
2	1823	250
2	1823	658
2	1823	663
2	1824	253
2	1824	884
2	1826	82
2	1826	598
2	1826	735
2	1827	219
2	1827	266
2	1827	327
2	1827	405
2	1827	674
2	1829	613
2	1832	614
2	1833	276
2	1835	545
2	1836	47
2	1837	125
2	1838	325
2	1839	973
2	1841	170
2	1844	224
2	1848	801
2	1848	915
2	1849	877
2	1849	954
2	1851	464
2	1852	159
2	1852	216
2	1852	582
2	1853	767
2	1853	962
2	1855	972
2	1856	553
2	1858	367
2	1858	368
2	1859	67
2	1859	309
2	1861	932
2	1861	993
2	1862	114
2	1862	707
2	1863	1
2	1864	178
2	1865	272
2	1865	422
2	1865	769
2	1865	991
2	1868	411
2	1868	608
2	1869	212
2	1870	130
2	1870	388
2	1870	392
2	1871	650
2	1872	85
2	1872	599
2	1872	647
2	1875	15
2	1876	64
2	1877	610
2	1878	385
2	1878	789
2	1880	104
2	1880	621
2	1882	532
2	1884	659
2	1886	66
2	1886	629
2	1887	483
2	1887	510
2	1887	921
2	1889	142
2	1889	169
2	1891	283
2	1891	468
2	1892	342
2	1892	768
2	1893	672
2	1893	680
2	1894	528
2	1897	353
2	1897	441
2	1897	525
2	1897	645
2	1897	738
2	1899	345
2	1899	935
2	1901	410
2	1901	580
2	1902	313
2	1902	746
2	1905	303
2	1905	781
2	1907	543
2	1908	191
2	1909	627
2	1910	127
2	1910	312
2	1911	2
2	1911	691
2	1912	144
2	1914	700
2	1916	501
2	1916	780
2	1917	586
2	1918	826
2	1923	406
2	1923	596
2	1925	874
2	1926	246
2	1929	675
2	1931	81
2	1931	304
2	1932	382
2	1935	173
2	1935	465
2	1937	290
2	1937	828
2	1938	263
2	1939	631
2	1940	322
2	1941	919
2	1942	73
2	1942	615
2	1942	812
2	1943	693
2	1943	793
2	1945	110
2	1946	445
2	1949	463
2	1949	581
2	1950	692
2	1951	9
2	1952	524
2	1952	817
2	1954	395
2	1958	83
2	1958	232
2	1959	597
2	1961	362
2	1963	386
2	1964	389
2	1964	710
2	1964	794
2	1965	317
2	1966	538
2	1968	600
2	1969	648
2	1969	697
2	1969	761
2	1971	361
2	1971	572
2	1974	677
2	1976	288
2	1976	455
2	1977	754
2	1978	296
2	1978	514
2	1978	890
2	1979	39
2	1979	611
2	1981	505
2	1981	643
2	1981	958
2	1982	200
2	1982	977
2	1983	186
2	1985	516
2	1986	46
2	1986	564
2	1986	642
2	1989	5
2	1990	231
2	1990	437
2	1991	763
2	1993	401
2	1993	420
2	1993	736
2	1994	555
2	1995	43
2	1995	95
2	1996	991
2	1997	217
2	1998	301
2	1999	495
2	2001	527
2	2001	782
2	2002	87
2	2002	494
2	2002	755
2	2004	363
2	2004	499
2	2004	753
2	2005	100
2	2005	349
2	2006	540
2	2006	653
2	2006	932
2	2008	517
2	2009	460
2	2009	595
2	2010	10
2	2010	451
2	2010	893
2	2011	280
2	2012	139
2	2012	279
2	2012	394
2	2012	438
2	2013	52
2	2015	250
2	2015	585
2	2016	743
2	2017	63
2	2017	109
2	2017	472
2	2017	483
2	2018	102
2	2018	160
2	2019	61
2	2020	458
2	2021	515
2	2021	548
2	2022	390
2	2023	295
2	2023	776
2	2025	168
2	2025	941
2	2026	773
2	2027	526
2	2029	11
2	2031	267
2	2031	594
2	2032	17
2	2034	34
2	2034	533
2	2034	861
2	2035	220
2	2036	309
2	2036	707
2	2037	118
2	2037	133
2	2038	461
2	2039	351
2	2040	185
2	2041	190
2	2045	134
2	2045	712
2	2046	625
2	2048	108
2	2048	507
2	2048	570
2	2048	695
2	2049	27
2	2049	904
2	2051	300
2	2051	346
2	2054	193
2	2054	741
2	2056	94
2	2056	172
2	2056	260
2	2057	787
2	2058	31
2	2058	335
2	2058	350
2	2062	12
2	2062	378
2	2063	254
2	2063	497
2	2064	551
2	2065	175
2	2066	423
2	2066	680
2	2067	914
2	2068	7
2	2069	89
2	2069	120
2	2069	443
2	2070	278
2	2071	3
2	2071	96
2	2071	539
2	2072	20
2	2072	285
2	2072	919
2	2073	932
2	2074	337
2	2074	413
2	2074	545
2	2074	630
2	2075	523
2	2076	652
2	2077	259
2	2079	153
2	2080	477
2	2082	256
2	2083	156
2	2084	464
2	2084	467
2	2084	745
2	2086	604
2	2087	911
2	2091	44
2	2091	441
2	2093	899
2	2095	518
2	2096	255
2	2097	392
2	2098	422
2	2099	812
2	2100	374
2	2101	64
2	2103	731
2	2104	148
2	2105	127
2	2106	147
2	2106	853
2	2108	473
2	2108	733
2	2110	627
2	2112	14
2	2112	574
2	2114	289
2	2114	641
2	2115	738
2	2116	357
2	2116	510
2	2118	730
2	2121	114
2	2121	436
2	2122	77
2	2122	123
2	2122	354
2	2122	379
2	2123	128
2	2126	593
2	2128	953
2	2129	53
2	2130	101
2	2130	835
2	2132	788
2	2133	311
2	2134	992
2	2137	262
2	2140	576
2	2141	836
2	2143	19
2	2143	758
2	2143	808
2	2145	456
2	2146	72
2	2147	195
2	2148	227
2	2149	398
2	2152	543
2	2152	654
2	2152	691
2	2153	839
2	2154	653
2	2154	744
2	2155	328
2	2155	704
2	2156	673
2	2156	748
2	2158	797
2	2158	929
2	2160	303
2	2161	772
2	2163	223
2	2163	918
2	2165	290
2	2165	774
2	2166	904
2	2167	155
2	2170	345
2	2172	165
2	2174	877
2	2175	713
2	2177	470
2	2177	612
2	2178	39
2	2178	307
2	2178	536
2	2178	658
2	2179	483
2	2180	972
2	2181	718
2	2185	205
2	2185	847
2	2186	248
2	2187	55
2	2187	640
2	2189	888
2	2191	273
2	2191	300
2	2191	445
2	2193	578
2	2193	588
2	2194	142
2	2195	302
2	2195	359
2	2197	404
2	2198	86
2	2198	672
2	2198	948
2	2199	622
2	2200	305
2	2200	783
2	2202	791
2	2203	564
2	2204	225
2	2204	321
2	2206	610
2	2208	316
2	2210	696
2	2210	852
2	2213	729
2	2214	267
2	2216	571
2	2219	798
2	2220	57
2	2220	355
2	2222	71
2	2222	814
2	2223	710
2	2223	905
2	2224	69
2	2224	414
2	2225	480
2	2228	120
2	2228	434
2	2229	313
2	2229	408
2	2230	214
2	2231	383
2	2234	719
2	2234	940
2	2235	496
2	2235	690
2	2240	329
2	2241	346
2	2241	636
2	2242	461
2	2242	618
2	2242	801
2	2242	911
2	2244	351
2	2245	172
2	2245	472
2	2247	549
2	2247	656
2	2248	471
2	2249	429
2	2250	37
2	2251	512
2	2252	56
2	2252	474
2	2253	288
2	2253	560
2	2254	382
2	2255	701
2	2256	95
2	2256	723
2	2257	270
2	2257	609
2	2259	769
2	2260	344
2	2260	900
2	2262	966
2	2264	59
2	2266	400
2	2268	387
2	2269	358
2	2269	699
2	2270	586
2	2272	356
2	2273	663
2	2274	237
2	2275	856
2	2277	541
2	2278	653
2	2280	641
2	2281	575
2	2283	423
2	2285	222
2	2287	180
2	2288	644
2	2289	542
2	2290	223
2	2290	504
2	2291	420
2	2294	478
2	2295	428
2	2297	215
2	2297	804
2	2299	132
2	2300	72
2	2300	241
2	2301	23
2	2301	614
2	2301	734
2	2302	4
2	2303	124
2	2304	207
2	2305	187
2	2306	607
2	2308	274
2	2308	317
2	2309	399
2	2311	231
2	2311	417
2	2311	585
2	2312	42
2	2312	140
2	2312	421
2	2313	250
2	2313	500
2	2315	743
2	2316	498
2	2316	757
2	2316	790
2	2317	296
2	2318	287
2	2318	823
2	2320	685
2	2321	513
2	2322	927
2	2323	566
2	2323	733
2	2325	97
2	2325	217
2	2325	659
2	2326	322
2	2330	181
2	2331	17
2	2331	397
2	2333	582
2	2336	6
2	2336	20
2	2337	466
2	2338	499
2	2339	528
2	2339	788
2	2343	80
2	2345	236
2	2346	343
2	2346	762
2	2347	271
2	2347	323
2	2347	540
2	2348	161
2	2349	38
2	2350	735
2	2352	375
2	2354	409
2	2355	662
2	2356	170
2	2356	604
2	2357	22
2	2358	809
2	2358	950
2	2359	366
2	2360	675
2	2361	148
2	2362	965
2	2363	470
2	2363	725
2	2365	227
2	2365	779
2	2366	262
2	2366	571
2	2367	452
2	2368	93
2	2369	795
2	2370	292
2	2371	693
2	2372	188
2	2373	505
2	2374	315
2	2374	771
2	2375	108
2	2375	454
2	2375	654
2	2376	190
2	2376	717
2	2377	87
2	2379	229
2	2380	92
2	2380	551
2	2381	16
2	2381	36
2	2381	319
2	2382	88
2	2382	139
2	2384	151
2	2384	291
2	2385	221
2	2386	365
2	2386	583
2	2387	765
2	2388	115
2	2388	212
2	2389	66
2	2389	388
2	2389	509
2	2389	792
2	2389	841
2	2390	191
2	2390	338
2	2390	404
2	2392	15
2	2392	339
2	2392	977
2	2393	240
2	2394	374
2	2395	927
2	2396	791
2	2397	569
2	2397	673
2	2398	286
2	2399	194
2	2399	564
2	2399	853
2	2399	902
2	2400	307
2	2403	195
2	2403	407
2	2404	156
2	2405	401
2	2405	523
2	2405	844
2	2407	594
2	2408	102
2	2408	547
2	2410	442
2	2411	380
2	2411	647
2	2411	739
2	2411	770
2	2411	873
2	2412	855
2	2413	557
2	2415	119
2	2416	134
2	2416	570
2	2417	258
2	2418	904
2	2419	27
2	2419	220
2	2419	918
2	2420	716
2	2421	799
2	2422	696
2	2423	310
2	2424	289
2	2425	117
2	2427	519
2	2429	511
2	2430	303
2	2430	684
2	2431	260
2	2433	141
2	2433	652
2	2435	418
2	2435	925
2	2436	415
2	2437	49
2	2437	226
2	2437	353
2	2437	587
2	2438	300
2	2440	180
2	2440	254
2	2440	653
2	2441	26
2	2443	379
2	2443	798
2	2444	233
2	2444	355
2	2446	17
2	2446	464
2	2448	486
2	2449	3
2	2451	165
2	2452	337
2	2452	563
2	2453	238
2	2453	531
2	2454	278
2	2454	701
2	2454	953
2	2455	400
2	2456	206
2	2456	947
2	2458	513
2	2459	429
2	2459	472
2	2459	691
2	2461	628
2	2462	606
2	2463	85
2	2463	608
2	2465	360
2	2467	208
2	2467	948
2	2469	83
2	2469	120
2	2469	131
2	2469	358
2	2469	532
2	2469	803
2	2470	516
2	2470	611
2	2470	986
2	2472	135
2	2473	34
2	2473	128
2	2473	154
2	2474	458
2	2475	280
2	2475	562
2	2475	568
2	2475	782
2	2476	434
2	2476	642
2	2477	818
2	2478	129
2	2478	138
2	2478	203
2	2480	760
2	2480	888
2	2482	371
2	2482	521
2	2482	580
2	2483	245
2	2483	846
2	2484	67
2	2484	390
2	2484	586
2	2485	517
2	2486	686
2	2487	164
2	2487	244
2	2487	306
2	2487	344
2	2487	998
2	2488	702
2	2490	186
2	2490	264
2	2491	480
2	2491	644
2	2493	455
2	2495	228
2	2495	555
2	2496	566
2	2497	784
2	2499	157
2	2499	535
2	2499	613
2	2499	688
2	2499	699
2	2499	886
2	2500	341
2	2500	657
2	2501	858
2	2502	456
2	2503	544
2	2505	270
2	2506	167
2	2506	367
2	2506	376
2	2507	23
2	2508	428
2	2509	45
2	2509	527
2	2512	163
2	2512	187
2	2514	364
2	2514	372
2	2515	534
2	2517	623
2	2518	171
2	2519	201
2	2523	145
2	2523	986
2	2526	250
2	2526	351
2	2526	493
2	2526	965
2	2531	559
2	2533	465
2	2534	496
2	2534	520
2	2534	627
2	2534	884
2	2537	74
2	2537	592
2	2538	660
2	2539	468
2	2540	9
2	2540	343
2	2541	484
2	2544	301
2	2545	752
2	2546	931
2	2547	334
2	2548	829
2	2549	615
2	2549	678
2	2550	2
2	2550	605
2	2550	620
2	2551	96
2	2551	109
2	2553	61
2	2553	795
2	2554	185
2	2556	635
2	2557	98
2	2558	362
2	2558	422
2	2558	560
2	2558	824
2	2558	1000
2	2559	261
2	2559	734
2	2559	805
2	2560	601
2	2561	395
2	2562	59
2	2562	834
2	2563	44
2	2563	469
2	2563	766
2	2565	394
2	2566	413
2	2566	856
2	2568	475
2	2568	783
2	2569	454
2	2570	728
2	2571	101
2	2571	612
2	2571	636
2	2572	349
2	2575	911
2	2576	6
2	2577	494
2	2579	253
2	2581	81
2	2581	88
2	2581	208
2	2582	347
2	2583	634
2	2583	656
2	2585	442
2	2587	230
2	2587	443
2	2588	235
2	2593	297
2	2594	169
2	2595	222
2	2595	418
2	2595	828
2	2595	992
2	2597	693
2	2599	763
2	2600	40
2	2601	182
2	2601	320
2	2602	246
2	2602	410
2	2602	460
2	2602	767
2	2603	136
2	2603	240
2	2603	794
2	2604	34
2	2605	252
2	2606	944
2	2611	420
2	2611	570
2	2613	255
2	2613	786
2	2614	319
2	2615	421
2	2615	516
2	2615	541
2	2615	590
2	2616	31
2	2619	286
2	2619	675
2	2620	987
2	2621	353
2	2622	720
2	2622	721
2	2623	162
2	2624	89
2	2624	141
2	2625	139
2	2628	392
2	2629	57
2	2629	895
2	2630	127
2	2630	239
2	2631	746
2	2632	47
2	2632	867
2	2633	470
2	2634	270
2	2634	462
2	2635	206
2	2635	226
2	2636	335
2	2637	27
2	2637	295
2	2638	326
2	2638	540
2	2638	771
2	2643	80
2	2643	156
2	2643	174
2	2643	556
2	2643	726
2	2643	899
2	2644	254
2	2644	715
2	2646	132
2	2646	476
2	2651	402
2	2652	168
2	2652	707
2	2653	968
2	2654	631
2	2654	841
2	2655	909
2	2656	184
2	2658	288
2	2659	345
2	2660	53
2	2660	912
2	2661	155
2	2661	566
2	2662	170
2	2662	639
2	2662	761
2	2663	401
2	2664	41
2	2664	737
2	2665	712
2	2665	754
2	2666	225
2	2666	533
2	2667	123
2	2667	250
2	2667	437
2	2670	126
2	2671	963
2	2672	77
2	2672	506
2	2676	670
2	2679	777
2	2680	120
2	2680	623
2	2681	362
2	2682	274
2	2683	738
2	2688	596
2	2688	611
2	2688	624
2	2689	742
2	2690	29
2	2690	305
2	2690	354
2	2691	386
2	2692	48
2	2693	867
2	2695	369
2	2696	140
2	2699	76
2	2699	338
2	2699	586
2	2700	348
2	2701	176
2	2703	488
2	2703	512
2	2704	128
2	2705	600
2	2706	172
2	2707	97
2	2707	773
2	2708	99
2	2708	527
2	2708	614
2	2709	365
2	2712	400
2	2713	336
2	2713	405
2	2713	578
2	2713	698
2	2715	679
2	2718	313
2	2721	243
2	2721	472
2	2721	475
2	2721	752
2	2722	395
2	2723	485
2	2723	584
2	2723	891
2	2724	445
2	2726	604
2	2729	314
2	2729	496
2	2730	110
2	2730	664
2	2731	166
2	2731	543
2	2733	518
2	2734	337
2	2734	532
2	2736	638
2	2737	179
2	2738	745
2	2741	129
2	2741	636
2	2742	529
2	2744	271
2	2744	286
2	2745	855
2	2746	487
2	2746	551
2	2752	579
2	2752	863
2	2753	453
2	2754	234
2	2754	591
2	2754	766
2	2755	558
2	2755	702
2	2759	433
2	2759	444
2	2761	94
2	2761	415
2	2761	580
2	2762	382
2	2765	42
2	2767	209
2	2768	332
2	2769	196
2	2771	497
2	2772	709
2	2774	205
2	2775	740
2	2776	458
2	2777	114
2	2780	203
2	2780	640
2	2781	598
2	2782	192
2	2782	309
2	2783	727
2	2784	291
2	2786	304
2	2787	390
2	2788	424
2	2790	65
2	2790	220
2	2790	991
2	2792	635
2	2793	298
2	2794	940
2	2796	359
2	2797	85
2	2797	300
2	2797	321
2	2800	920
2	2800	965
2	2801	404
2	2802	749
2	2802	866
2	2803	75
2	2806	399
2	2807	762
2	2808	374
2	2808	750
2	2810	393
2	2811	127
2	2813	54
2	2813	422
2	2816	869
2	2817	26
2	2817	326
2	2818	418
2	2818	539
2	2819	371
2	2820	34
2	2820	251
2	2820	888
2	2824	307
2	2824	334
2	2824	582
2	2825	11
2	2825	25
2	2825	212
2	2826	593
2	2827	105
2	2828	258
2	2829	265
2	2834	331
2	2835	30
2	2838	117
2	2839	289
2	2839	581
2	2840	207
2	2841	18
2	2842	284
2	2843	375
2	2843	841
2	2845	228
2	2845	317
2	2845	695
2	2847	534
2	2848	222
2	2850	473
2	2850	795
2	2851	302
2	2853	624
2	2854	232
2	2854	535
2	2858	588
2	2858	692
2	2862	252
2	2862	629
2	2863	339
2	2863	562
2	2864	438
2	2866	259
2	2866	320
2	2866	509
2	2866	804
2	2868	151
2	2870	349
2	2871	478
2	2871	516
2	2871	672
2	2872	305
2	2872	462
2	2873	147
2	2873	459
2	2875	495
2	2875	707
2	2876	37
2	2876	223
2	2877	441
2	2877	736
2	2878	256
2	2878	273
2	2878	625
2	2880	80
2	2880	776
2	2881	194
2	2882	431
2	2882	647
2	2883	27
2	2884	240
2	2885	843
2	2886	268
2	2888	725
2	2890	594
2	2890	934
2	2891	765
2	2892	299
2	2892	715
2	2894	689
2	2895	679
2	2897	170
2	2897	250
2	2898	297
2	2899	528
2	2899	626
2	2900	257
2	2902	294
2	2902	409
2	2903	8
2	2903	571
2	2904	142
2	2904	468
2	2905	517
2	2906	57
2	2906	366
2	2906	511
2	2907	421
2	2908	72
2	2908	656
2	2908	988
2	2909	60
2	2909	835
2	2910	116
2	2910	572
2	2910	796
2	2911	178
2	2911	592
2	2912	156
2	2913	311
2	2917	777
2	2921	451
2	2922	620
2	2924	96
2	2925	470
2	2928	7
2	2929	130
2	2930	533
2	2932	993
2	2935	195
2	2936	542
2	2938	56
2	2938	193
2	2939	935
2	2940	181
2	2941	213
2	2941	548
2	2943	357
2	2944	330
2	2945	402
2	2945	787
2	2946	61
2	2948	815
2	2951	417
2	2952	758
2	2954	889
2	2955	676
2	2955	739
2	2959	102
2	2959	200
2	2960	733
2	2961	998
2	2962	631
2	2963	75
2	2963	411
2	2964	420
2	2964	775
2	2965	41
2	2966	175
2	2966	418
2	2968	424
2	2971	70
2	2972	439
2	2972	616
2	2974	536
2	2976	216
2	2976	308
2	2977	638
2	2978	103
2	2978	596
2	2981	110
2	2981	360
2	2984	403
2	2987	558
2	2990	760
2	2991	442
2	2993	632
2	2993	767
2	2996	48
2	2997	290
2	2997	464
2	2999	244
2	2999	565
2	3001	520
2	3002	69
2	3002	111
2	3002	144
2	3002	276
2	3004	390
2	3004	485
2	3004	515
2	3004	580
2	3006	36
2	3007	378
2	3007	788
2	3008	155
2	3009	605
2	3010	239
2	3010	377
2	3011	394
2	3011	696
2	3012	940
2	3013	49
2	3013	607
2	3014	699
2	3015	5
2	3015	370
2	3015	955
2	3018	169
2	3019	158
2	3019	266
2	3019	433
2	3019	633
2	3022	374
2	3025	137
2	3025	218
2	3025	341
2	3026	10
2	3027	776
2	3027	963
2	3029	481
2	3030	364
2	3030	414
2	3030	493
2	3031	698
2	3032	746
2	3033	946
2	3037	275
2	3039	465
2	3039	998
2	3040	71
2	3042	98
2	3042	421
2	3045	861
2	3046	299
2	3047	832
2	3049	602
2	3051	660
2	3053	47
2	3054	678
2	3056	188
2	3056	460
2	3056	858
2	3057	152
2	3059	659
2	3060	491
2	3060	701
2	3061	711
2	3061	891
2	3062	661
2	3062	744
2	3063	563
2	3064	337
2	3066	926
2	3071	178
2	3071	547
2	3072	166
2	3073	809
2	3076	904
2	3077	534
2	3077	875
2	3077	899
2	3080	564
2	3082	91
2	3082	653
2	3082	950
2	3083	542
2	3084	522
2	3087	425
2	3088	771
2	3089	30
2	3089	108
2	3091	864
2	3092	116
2	3092	410
2	3092	703
2	3092	931
2	3092	951
2	3093	409
2	3094	743
2	3095	675
2	3098	248
2	3098	512
2	3099	486
2	3100	384
2	3102	474
2	3103	552
2	3103	671
2	3103	811
2	3104	105
2	3104	372
2	3105	541
2	3107	554
2	3107	599
2	3108	899
2	3109	471
2	3111	586
2	3113	578
2	3113	683
2	3114	291
2	3114	574
2	3114	614
2	3116	973
2	3117	100
2	3118	251
2	3119	334
2	3121	976
2	3123	199
2	3123	730
2	3123	814
2	3124	705
2	3126	268
2	3127	84
2	3127	567
2	3129	432
2	3131	114
2	3131	411
2	3131	440
2	3131	595
2	3135	183
2	3135	969
2	3137	231
2	3137	947
2	3138	75
2	3138	690
2	3138	849
2	3139	127
2	3140	395
2	3144	338
2	3144	700
2	3144	782
2	3146	565
2	3148	346
2	3148	518
2	3148	530
2	3148	693
2	3148	752
2	3148	958
2	3149	538
2	3150	20
2	3151	261
2	3152	176
2	3152	606
2	3153	528
2	3153	713
2	3155	240
2	3156	621
2	3161	651
2	3161	891
2	3162	282
2	3162	755
2	3163	206
2	3163	898
2	3166	652
2	3168	184
2	3170	781
2	3171	647
2	3172	479
2	3172	613
2	3174	600
2	3174	880
2	3175	157
2	3175	187
2	3175	458
2	3175	532
2	3176	163
2	3177	164
2	3178	569
2	3179	323
2	3179	361
2	3179	726
2	3180	198
2	3180	907
2	3181	301
2	3181	482
2	3181	640
2	3182	190
2	3182	584
2	3184	169
2	3184	351
2	3184	424
2	3186	260
2	3187	345
2	3188	85
2	3189	714
2	3190	104
2	3190	931
2	3191	186
2	3194	756
2	3195	102
2	3196	798
2	3197	313
2	3198	326
2	3201	635
2	3202	874
2	3203	119
2	3203	927
2	3205	175
2	3206	392
2	3207	514
2	3210	124
2	3210	789
2	3211	886
2	3212	480
2	3213	45
2	3213	66
2	3214	300
2	3214	663
2	3218	128
2	3220	89
2	3220	355
2	3220	587
2	3222	643
2	3223	61
2	3223	478
2	3225	180
2	3226	168
2	3226	403
2	3227	545
2	3227	619
2	3228	42
2	3228	495
2	3228	898
2	3232	791
2	3232	944
2	3233	533
2	3233	590
2	3233	634
2	3235	670
2	3237	559
2	3240	258
2	3241	408
2	3242	37
2	3243	542
2	3246	30
2	3246	597
2	3248	160
2	3249	242
2	3249	586
2	3249	692
2	3250	654
2	3252	348
2	3252	707
2	3254	145
2	3254	822
2	3255	91
2	3255	708
2	3256	238
2	3257	247
2	3257	759
2	3257	779
2	3260	327
2	3260	336
2	3260	697
2	3262	671
2	3264	747
2	3264	748
2	3264	883
2	3266	158
2	3266	418
2	3267	27
2	3267	289
2	3268	221
2	3269	246
2	3270	23
2	3270	34
2	3272	70
2	3272	961
2	3277	370
2	3278	266
2	3279	764
2	3280	549
2	3281	604
2	3283	115
2	3284	297
2	3288	585
2	3290	73
2	3290	434
2	3291	159
2	3292	277
2	3293	105
2	3293	319
2	3293	452
2	3293	521
2	3295	576
2	3297	90
2	3297	686
2	3297	793
2	3298	578
2	3299	170
2	3299	374
2	3301	476
2	3301	915
2	3302	226
2	3302	333
2	3303	421
2	3303	918
2	3304	251
2	3304	729
2	3305	689
2	3305	902
2	3306	146
2	3306	616
2	3306	703
2	3307	570
2	3307	787
2	3308	518
2	3309	778
2	3310	446
2	3311	62
2	3311	339
2	3312	384
2	3312	429
2	3314	548
2	3315	252
2	3315	772
2	3316	97
2	3318	133
2	3319	208
2	3320	474
2	3320	591
2	3322	107
2	3324	369
2	3324	809
2	3326	108
2	3327	782
2	3328	774
2	3329	240
2	3329	415
2	3330	84
2	3330	425
2	3333	593
2	3333	706
2	3335	253
2	3336	304
2	3336	614
2	3336	754
2	3337	402
2	3337	742
2	3338	431
2	3339	131
2	3339	172
2	3340	193
2	3340	244
2	3340	270
2	3340	786
2	3340	984
2	3341	719
2	3342	176
2	3342	283
2	3342	285
2	3344	138
2	3344	661
2	3344	877
2	3345	610
2	3345	943
2	3346	95
2	3346	985
2	3347	395
2	3347	685
2	3348	269
2	3348	666
2	3349	185
2	3350	303
2	3350	324
2	3352	803
2	3355	422
2	3356	658
2	3358	605
2	3360	241
2	3360	306
2	3360	489
2	3360	656
2	3361	798
2	3362	194
2	3363	361
2	3365	80
2	3365	439
2	3367	375
2	3367	404
2	3368	142
2	3368	515
2	3368	516
2	3368	842
2	3369	627
2	3369	694
2	3370	314
2	3374	118
2	3374	230
2	3375	31
2	3377	189
2	3377	268
2	3382	567
2	3384	401
2	3386	217
2	3386	566
2	3386	735
2	3393	662
2	3394	75
2	3395	37
2	3395	720
2	3395	890
2	3396	392
2	3397	554
2	3397	643
2	3398	858
2	3399	273
2	3400	569
2	3401	373
2	3402	629
2	3403	475
2	3405	311
2	3407	81
2	3407	246
2	3408	150
2	3411	136
2	3413	640
2	3417	788
2	3417	957
2	3419	733
2	3421	44
2	3421	641
2	3422	218
2	3422	413
2	3422	631
2	3423	295
2	3424	391
2	3424	454
2	3424	459
2	3424	568
2	3425	117
2	3426	758
2	3426	956
2	3427	272
2	3427	667
2	3428	450
2	3428	963
2	3429	238
2	3431	264
2	3431	290
2	3431	582
2	3431	916
2	3432	796
2	3433	23
2	3433	216
2	3434	982
2	3435	50
2	3435	523
2	3436	556
2	3439	409
2	3440	109
2	3441	594
2	3442	222
2	3444	195
2	3444	223
2	3446	116
2	3446	229
2	3451	58
2	3452	24
2	3454	856
2	3457	171
2	3457	231
2	3457	780
2	3459	298
2	3460	376
2	3461	174
2	3461	402
2	3462	491
2	3462	690
2	3464	26
2	3465	532
2	3466	771
2	3467	163
2	3467	331
2	3468	761
2	3469	699
2	3469	743
2	3470	765
2	3471	85
2	3471	263
2	3471	882
2	3472	623
2	3472	701
2	3473	703
2	3474	653
2	3476	10
2	3476	893
2	3478	284
2	3479	153
2	3480	36
2	3480	659
2	3481	323
2	3481	598
2	3481	658
2	3485	219
2	3486	482
2	3487	985
2	3488	141
2	3488	737
2	3489	91
2	3489	359
2	3489	425
2	3490	170
2	3492	526
2	3493	1
2	3494	521
2	3494	636
2	3494	705
2	3494	785
2	3498	534
2	3498	797
2	3499	332
2	3499	959
2	3501	930
2	3502	140
2	3502	663
2	3503	564
2	3504	38
2	3506	973
2	3507	366
2	3507	506
2	3508	738
2	3510	72
2	3510	301
2	3510	432
2	3510	732
2	3511	46
2	3511	545
2	3513	742
2	3514	546
2	3515	154
2	3515	207
2	3515	717
2	3517	278
2	3518	260
2	3519	422
2	3521	552
2	3522	302
2	3524	626
2	3525	565
2	3526	856
2	3529	510
2	3529	957
2	3530	360
2	3531	22
2	3531	175
2	3532	89
2	3532	393
2	3532	411
2	3535	30
2	3535	547
2	3535	947
2	3536	132
2	3537	345
2	3539	810
2	3541	103
2	3541	434
2	3542	755
2	3543	926
2	3546	590
2	3547	83
2	3547	88
2	3549	748
2	3549	814
2	3552	652
2	3552	721
2	3553	41
2	3553	333
2	3555	42
2	3555	324
2	3556	790
2	3557	232
2	3557	536
2	3557	644
2	3558	221
2	3558	464
2	3560	569
2	3560	670
2	3561	439
2	3564	182
2	3567	101
2	3567	201
2	3567	756
2	3568	15
2	3568	570
2	3568	931
2	3569	310
2	3569	335
2	3569	588
2	3570	193
2	3570	948
2	3571	387
2	3571	395
2	3572	147
2	3572	690
2	3573	139
2	3573	327
2	3577	151
2	3577	556
2	3578	860
2	3579	795
2	3580	660
2	3581	20
2	3581	136
2	3583	305
2	3583	328
2	3583	413
2	3584	336
2	3585	215
2	3585	282
2	3586	79
2	3586	250
2	3587	493
2	3588	1000
2	3589	509
2	3590	349
2	3590	355
2	3591	591
2	3591	940
2	3594	406
2	3596	32
2	3597	419
2	3597	533
2	3597	869
2	3598	59
2	3601	500
2	3602	998
2	3603	530
2	3603	557
2	3604	51
2	3604	145
2	3606	61
2	3606	401
2	3606	426
2	3607	679
2	3610	925
2	3611	25
2	3611	97
2	3611	555
2	3612	37
2	3612	273
2	3612	286
2	3613	844
2	3614	551
2	3614	775
2	3615	104
2	3615	632
2	3617	458
2	3618	242
2	3619	6
2	3619	654
2	3620	638
2	3622	727
2	3624	203
2	3625	142
2	3625	954
2	3626	807
2	3627	356
2	3629	24
2	3629	195
2	3630	277
2	3630	528
2	3630	760
2	3631	691
2	3631	794
2	3632	452
2	3633	237
2	3633	700
2	3634	73
2	3634	494
2	3634	891
2	3636	539
2	3638	706
2	3640	681
2	3641	453
2	3645	720
2	3646	601
2	3646	710
2	3646	774
2	3647	894
2	3652	192
2	3652	508
2	3653	307
2	3653	855
2	3654	928
2	3655	252
2	3656	937
2	3658	345
2	3658	612
2	3659	118
2	3659	659
2	3660	167
2	3660	473
2	3660	977
2	3661	308
2	3663	56
2	3663	293
2	3664	108
2	3664	162
2	3664	171
2	3665	80
2	3665	554
2	3665	714
2	3666	99
2	3666	289
2	3666	614
2	3667	11
2	3667	697
2	3668	116
2	3668	146
2	3668	400
2	3669	576
2	3669	891
2	3670	786
2	3671	67
2	3671	824
2	3671	944
2	3672	227
2	3673	399
2	3676	184
2	3676	392
2	3676	742
2	3677	707
2	3679	271
2	3679	364
2	3680	55
2	3681	389
2	3682	973
2	3684	536
2	3685	281
2	3687	805
2	3688	507
2	3690	60
2	3690	330
2	3691	656
2	3692	274
2	3692	338
2	3692	640
2	3693	208
2	3693	449
2	3693	983
2	3694	418
2	3694	809
2	3695	804
2	3696	520
2	3696	747
2	3696	901
2	3697	265
2	3697	438
2	3697	540
2	3698	214
2	3699	94
2	3701	353
2	3704	41
2	3706	207
2	3706	692
2	3707	180
2	3709	633
2	3709	703
2	3711	84
2	3712	166
2	3713	581
2	3714	287
2	3716	950
2	3717	696
2	3717	882
2	3719	440
2	3719	455
2	3719	952
2	3721	549
2	3722	963
2	3722	995
2	3723	821
2	3724	17
2	3724	393
2	3725	368
2	3725	678
2	3726	504
2	3727	332
2	3729	209
2	3729	797
2	3731	32
2	3733	322
2	3734	495
2	3734	506
2	3734	613
2	3734	752
2	3736	746
2	3737	833
2	3738	600
2	3739	220
2	3740	73
2	3740	575
2	3740	665
2	3743	77
2	3743	793
2	3745	367
2	3746	294
2	3747	240
2	3747	335
2	3747	973
2	3748	514
2	3748	555
2	3754	468
2	3755	378
2	3755	448
2	3755	776
2	3757	174
2	3758	425
2	3758	487
2	3759	410
2	3760	442
2	3760	497
2	3761	655
2	3763	386
2	3764	552
2	3765	817
2	3768	327
2	3768	804
2	3769	860
2	3770	132
2	3770	701
2	3771	653
2	3771	753
2	3772	47
2	3773	871
2	3777	783
2	3779	717
2	3779	942
2	3780	561
2	3781	110
2	3781	464
2	3781	985
2	3783	384
2	3784	624
2	3785	245
2	3785	486
2	3786	609
2	3790	578
2	3791	273
2	3791	343
2	3792	311
2	3792	342
2	3793	383
2	3795	23
2	3795	63
2	3795	950
2	3796	317
2	3798	537
2	3799	90
2	3799	275
2	3799	369
2	3799	809
2	3800	49
2	3801	995
2	3803	634
2	3806	277
2	3806	921
2	3807	565
2	3808	618
2	3809	494
2	3810	69
2	3810	572
2	3812	14
2	3812	128
2	3812	649
2	3813	259
2	3814	9
2	3816	733
2	3817	884
2	3818	325
2	3818	511
2	3818	722
2	3820	189
2	3821	212
2	3823	331
2	3823	433
2	3824	192
2	3825	206
2	3825	392
2	3827	299
2	3827	380
2	3828	521
2	3829	170
2	3830	508
2	3830	695
2	3832	628
2	3834	685
2	3834	891
2	3835	759
2	3835	923
2	3836	278
2	3837	435
2	3837	518
2	3838	457
2	3838	807
2	3840	228
2	3840	608
2	3842	556
2	3843	18
2	3843	875
2	3845	24
2	3846	680
2	3846	724
2	3847	180
2	3847	421
2	3848	385
2	3850	236
2	3850	459
2	3851	71
2	3851	119
2	3851	682
2	3851	730
2	3852	465
2	3852	482
2	3853	451
2	3855	138
2	3855	169
2	3855	616
2	3855	652
2	3859	629
2	3860	252
2	3861	41
2	3861	460
2	3861	919
2	3862	109
2	3864	319
2	3864	718
2	3865	107
2	3865	262
2	3866	665
2	3867	349
2	3867	500
2	3868	266
2	3868	749
2	3869	117
2	3869	223
2	3869	270
2	3869	272
2	3870	593
2	3872	405
2	3873	422
2	3873	449
2	3876	222
2	3876	483
2	3876	796
2	3876	830
2	3877	74
2	3877	487
2	3878	124
2	3878	726
2	3881	52
2	3882	345
2	3882	743
2	3883	30
2	3884	621
2	3885	302
2	3885	409
2	3886	264
2	3887	446
2	3888	27
2	3888	760
2	3890	88
2	3891	943
2	3892	3
2	3892	196
2	3893	246
2	3893	312
2	3895	241
2	3896	204
2	3899	951
2	3900	134
2	3902	381
2	3902	418
2	3902	845
2	3903	539
2	3905	931
2	3906	341
2	3907	4
2	3908	956
2	3909	477
2	3909	574
2	3909	859
2	3910	692
2	3911	720
2	3913	481
2	3913	824
2	3915	512
2	3915	864
2	3916	416
2	3916	471
2	3917	366
2	3917	557
2	3917	592
2	3919	308
2	3920	104
2	3922	464
2	3932	973
2	3933	75
2	3933	712
2	3933	919
2	3935	176
2	3936	56
2	3936	66
2	3936	795
2	3936	881
2	3938	234
2	3939	700
2	3941	541
2	3942	825
2	3943	663
2	3943	683
2	3944	361
2	3945	528
2	3947	690
2	3948	447
2	3949	79
2	3949	147
2	3950	17
2	3950	688
2	3950	741
2	3950	778
2	3950	841
2	3950	848
2	3952	326
2	3953	32
2	3953	488
2	3953	699
2	3954	420
2	3958	123
2	3959	336
2	3960	305
2	3960	893
2	3961	798
2	3962	410
2	3964	82
2	3964	827
2	3965	489
2	3966	394
2	3968	524
2	3969	15
2	3970	126
2	3970	864
2	3971	377
2	3973	13
2	3973	812
2	3974	461
2	3974	568
2	3975	431
2	3975	598
2	3976	552
2	3978	578
2	3978	767
2	3980	22
2	3980	575
2	3980	689
2	3981	860
2	3982	83
2	3983	36
2	3984	130
2	3985	184
2	3988	1
2	3990	189
2	3990	367
2	3990	711
2	3993	51
2	3993	131
2	3993	395
2	3994	355
2	3995	180
2	3997	432
2	3999	476
2	4001	532
2	4001	772
2	4003	877
2	4004	658
2	4004	669
2	4005	137
2	4006	995
2	4009	360
2	4010	239
2	4013	547
2	4014	976
2	4015	465
2	4016	780
2	4016	800
2	4018	213
2	4019	198
2	4019	742
2	4019	845
2	4020	875
2	4021	5
2	4021	142
2	4022	701
2	4023	106
2	4024	209
2	4024	826
2	4026	148
2	4026	248
2	4026	371
2	4026	590
2	4026	613
2	4028	654
2	4030	962
2	4031	384
2	4031	928
2	4033	61
2	4033	555
2	4034	146
2	4035	317
2	4035	724
2	4035	856
2	4036	8
2	4036	693
2	4036	990
2	4037	640
2	4038	412
2	4038	589
2	4039	246
2	4039	285
2	4040	835
2	4040	964
2	4041	38
2	4041	72
2	4041	411
2	4043	157
2	4044	249
2	4044	775
2	4045	74
2	4046	601
2	4047	107
2	4047	595
2	4049	276
2	4049	675
2	4051	498
2	4051	794
2	4052	457
2	4053	291
2	4053	876
2	4055	60
2	4055	270
2	4056	133
2	4057	749
2	4058	330
2	4058	621
2	4060	49
2	4060	86
2	4061	452
2	4063	603
2	4065	678
2	4065	868
2	4066	546
2	4067	313
2	4068	318
2	4068	441
2	4069	556
2	4071	31
2	4072	18
2	4072	311
2	4073	271
2	4073	400
2	4075	312
2	4075	334
2	4075	542
2	4077	24
2	4077	47
2	4077	186
2	4078	677
2	4079	419
2	4080	255
2	4081	758
2	4082	112
2	4082	179
2	4082	652
2	4083	668
2	4083	706
2	4084	967
2	4086	42
2	4088	113
2	4090	269
2	4091	12
2	4091	576
2	4092	442
2	4092	984
2	4095	39
2	4095	324
2	4096	544
2	4097	582
2	4097	726
2	4098	178
2	4100	605
2	4101	297
2	4102	127
2	4102	414
2	4102	523
2	4103	863
2	4106	160
2	4106	397
2	4106	787
2	4107	698
2	4108	110
2	4110	529
2	4111	247
2	4111	964
2	4112	347
2	4113	195
2	4113	208
2	4113	694
2	4114	141
2	4114	280
2	4114	736
2	4115	399
2	4118	97
2	4119	530
2	4119	722
2	4119	761
2	4119	988
2	4120	136
2	4121	211
2	4121	663
2	4121	763
2	4121	974
2	4122	565
2	4123	322
2	4123	416
2	4123	549
2	4125	379
2	4125	445
2	4125	558
2	4127	170
2	4127	302
2	4128	76
2	4133	739
2	4136	432
2	4137	156
2	4137	169
2	4137	559
2	4138	210
2	4138	355
2	4139	350
2	4141	968
2	4143	94
2	4143	180
2	4143	294
2	4145	295
2	4145	600
2	4146	842
2	4147	174
2	4151	188
2	4151	407
2	4151	908
2	4153	102
2	4153	424
2	4153	624
2	4153	826
2	4155	647
2	4155	721
2	4158	415
2	4159	224
2	4160	29
2	4160	43
2	4161	40
2	4161	77
2	4161	103
2	4161	639
2	4162	221
2	4162	960
2	4163	515
2	4163	645
2	4164	580
2	4165	362
2	4165	512
2	4166	163
2	4168	88
2	4168	121
2	4168	513
2	4168	635
2	4168	751
2	4169	408
2	4170	236
2	4171	741
2	4172	165
2	4175	534
2	4175	578
2	4175	686
2	4177	621
2	4178	282
2	4178	450
2	4178	610
2	4178	644
2	4178	845
2	4179	374
2	4179	440
2	4180	502
2	4181	244
2	4183	437
2	4183	486
2	4194	492
2	4194	607
2	4197	504
2	4197	744
2	4198	757
2	4200	381
2	4205	819
2	4206	116
2	4206	908
2	4207	67
2	4209	25
2	4209	125
2	4211	632
2	4213	538
2	4214	214
2	4214	616
2	4214	861
2	4215	216
2	4216	959
2	4217	796
2	4222	732
2	4223	572
2	4225	135
2	4225	505
2	4226	641
2	4226	727
2	4227	484
2	4229	254
2	4231	242
2	4232	554
2	4233	157
2	4236	111
2	4236	648
2	4237	32
2	4238	664
2	4239	367
2	4240	175
2	4240	681
2	4242	501
2	4242	553
2	4243	657
2	4244	836
2	4246	591
2	4249	4
2	4250	68
2	4250	737
2	4252	195
2	4252	519
2	4253	37
2	4253	835
2	4254	376
2	4254	708
2	4255	447
2	4256	337
2	4257	676
2	4258	431
2	4259	950
2	4263	508
2	4265	53
2	4266	139
2	4266	389
2	4267	199
2	4267	863
2	4268	58
2	4269	36
2	4269	258
2	4269	377
2	4270	201
2	4270	893
2	4271	70
2	4271	688
2	4272	178
2	4272	243
2	4272	345
2	4273	222
2	4275	406
2	4275	521
2	4275	603
2	4276	581
2	4277	837
2	4278	186
2	4278	275
2	4281	174
2	4281	470
2	4281	748
2	4282	225
2	4285	666
2	4285	839
2	4286	503
2	4288	548
2	4289	363
2	4289	380
2	4289	468
2	4290	787
2	4290	845
2	4292	523
2	4292	728
2	4293	620
2	4295	387
2	4296	56
2	4297	583
2	4298	351
2	4299	880
2	4300	159
2	4300	560
2	4301	739
2	4301	878
2	4303	716
2	4303	754
2	4305	421
2	4307	156
2	4308	527
2	4309	145
2	4309	393
2	4311	594
2	4311	753
2	4311	941
2	4312	212
2	4312	391
2	4315	653
2	4316	573
2	4316	758
2	4317	267
2	4317	565
2	4317	761
2	4319	980
2	4322	451
2	4323	31
2	4323	91
2	4323	413
2	4324	93
2	4325	14
2	4325	397
2	4325	436
2	4325	588
2	4326	59
2	4327	257
2	4330	151
2	4330	239
2	4330	307
2	4330	656
2	4331	194
2	4334	38
2	4334	400
2	4334	738
2	4334	765
2	4335	120
2	4335	415
2	4336	772
2	4336	875
2	4336	948
2	4337	707
2	4338	951
2	4339	26
2	4340	782
2	4341	336
2	4341	490
2	4342	636
2	4343	224
2	4343	354
2	4345	101
2	4345	986
2	4348	420
2	4349	366
2	4350	99
2	4351	289
2	4352	11
2	4353	536
2	4354	238
2	4355	86
2	4355	264
2	4355	764
2	4357	437
2	4361	146
2	4361	533
2	4361	777
2	4361	888
2	4364	12
2	4365	226
2	4366	63
2	4369	370
2	4373	614
2	4373	811
2	4374	314
2	4375	89
2	4376	730
2	4379	114
2	4379	431
2	4379	461
2	4380	352
2	4380	378
2	4380	568
2	4381	216
2	4381	323
2	4381	641
2	4381	793
2	4382	341
2	4383	619
2	4384	179
2	4384	994
2	4385	481
2	4388	361
2	4388	403
2	4388	877
2	4389	22
2	4389	205
2	4390	729
2	4391	76
2	4392	73
2	4392	845
2	4393	993
2	4394	81
2	4394	215
2	4394	823
2	4396	512
2	4396	634
2	4400	148
2	4402	726
2	4403	291
2	4404	372
2	4404	624
2	4406	128
2	4406	277
2	4407	813
2	4407	926
2	4408	57
2	4408	865
2	4410	266
2	4411	232
2	4411	343
2	4411	453
2	4411	927
2	4412	566
2	4413	245
2	4413	552
2	4414	817
2	4415	170
2	4415	189
2	4416	498
2	4417	83
2	4417	116
2	4417	675
2	4418	52
2	4418	695
2	4420	258
2	4421	312
2	4421	705
2	4421	798
2	4422	270
2	4422	530
2	4423	174
2	4423	254
2	4424	427
2	4425	8
2	4425	703
2	4426	259
2	4427	41
2	4428	980
2	4429	77
2	4430	9
2	4430	642
2	4430	650
2	4432	442
2	4433	495
2	4434	604
2	4435	178
2	4436	469
2	4436	517
2	4436	720
2	4437	149
2	4437	440
2	4438	396
2	4438	767
2	4439	528
2	4439	590
2	4439	857
2	4440	717
2	4440	893
2	4441	168
2	4442	708
2	4443	30
2	4444	157
2	4445	510
2	4445	625
2	4445	666
2	4445	719
2	4446	34
2	4447	252
2	4447	492
2	4447	997
2	4449	355
2	4450	91
2	4452	684
2	4453	375
2	4455	204
2	4455	249
2	4456	628
2	4457	334
2	4457	414
2	4457	618
2	4457	835
2	4458	733
2	4459	438
2	4461	674
2	4462	220
2	4464	133
2	4464	853
2	4465	346
2	4465	870
2	4466	491
2	4466	541
2	4467	537
2	4467	782
2	4469	385
2	4469	863
2	4473	137
2	4475	15
2	4475	732
2	4476	150
2	4476	233
2	4477	807
2	4478	919
2	4479	328
2	4479	416
2	4480	357
2	4481	383
2	4481	982
2	4482	466
2	4482	692
2	4483	206
2	4483	477
2	4484	374
2	4484	551
2	4485	445
2	4486	130
2	4486	497
2	4486	736
2	4487	44
2	4487	347
2	4488	938
2	4490	17
2	4490	177
2	4490	665
2	4490	917
2	4491	404
2	4491	889
2	4493	163
2	4493	909
2	4495	190
2	4496	276
2	4496	317
2	4499	243
2	4500	875
2	4501	542
2	4501	639
2	4503	187
2	4503	344
2	4503	580
2	4504	65
2	4505	331
2	4505	448
2	4505	756
2	4508	656
2	4508	690
2	4509	224
2	4509	237
2	4510	626
2	4511	908
2	4512	622
2	4513	2
2	4514	965
2	4515	326
2	4516	968
2	4517	332
2	4520	991
2	4522	560
2	4526	287
2	4530	253
2	4531	234
2	4531	465
2	4531	808
2	4531	988
2	4533	185
2	4535	143
2	4535	443
2	4537	955
2	4538	219
2	4538	635
2	4539	302
2	4540	794
2	4541	694
2	4542	583
2	4542	718
2	4543	863
2	4546	890
2	4547	562
2	4549	330
2	4550	147
2	4550	329
2	4550	538
2	4550	915
2	4552	802
2	4553	202
2	4554	593
2	4555	27
2	4555	564
2	4555	856
2	4555	892
2	4556	25
2	4556	247
2	4557	675
2	4559	71
2	4559	727
2	4560	265
2	4560	514
2	4560	993
2	4562	617
2	4562	937
2	4563	105
2	4563	386
2	4564	261
2	4564	601
2	4565	241
2	4566	997
2	4568	621
2	4569	324
2	4570	819
2	4570	846
2	4574	780
2	4575	701
2	4576	677
2	4576	737
2	4577	919
2	4579	123
2	4579	391
2	4580	672
2	4582	857
2	4583	427
2	4585	56
2	4585	304
2	4585	322
2	4585	748
2	4586	37
2	4586	700
2	4588	533
2	4588	546
2	4589	619
2	4589	775
2	4592	257
2	4592	761
2	4592	878
2	4594	877
2	4595	384
2	4595	683
2	4596	227
2	4596	298
2	4597	170
2	4599	51
2	4599	558
2	4599	704
2	4599	965
2	4600	313
2	4605	236
2	4607	343
2	4609	126
2	4610	510
2	4611	46
2	4611	439
2	4611	463
2	4612	602
2	4612	636
2	4613	907
2	4614	725
2	4615	218
2	4616	724
2	4617	482
2	4617	938
2	4618	67
2	4618	296
2	4619	693
2	4620	86
2	4620	217
2	4621	90
2	4621	372
2	4624	20
2	4624	667
2	4626	771
2	4626	917
2	4627	532
2	4627	719
2	4628	901
2	4629	183
2	4629	671
2	4630	507
2	4630	604
2	4631	23
2	4631	497
2	4632	110
2	4636	149
2	4639	279
2	4639	338
2	4642	423
2	4643	140
2	4646	269
2	4648	547
2	4649	310
2	4650	160
2	4651	308
2	4652	565
2	4655	201
2	4655	486
2	4655	868
2	4656	263
2	4656	799
2	4656	828
2	4658	108
2	4658	681
2	4658	801
2	4659	78
2	4659	282
2	4659	503
2	4659	504
2	4663	869
2	4666	235
2	4667	36
2	4668	662
2	4668	711
2	4670	50
2	4672	74
2	4672	442
2	4672	712
2	4676	11
2	4677	144
2	4678	171
2	4678	674
2	4683	303
2	4683	555
2	4684	550
2	4685	462
2	4686	351
2	4688	570
2	4690	244
2	4692	151
2	4692	841
2	4693	759
2	4694	15
2	4694	252
2	4695	177
2	4697	35
2	4697	618
2	4697	857
2	4698	165
2	4698	783
2	4700	106
2	4701	402
2	4701	952
2	4702	69
2	4702	137
2	4703	70
2	4703	881
2	4704	211
2	4704	511
2	4705	905
2	4707	92
2	4709	131
2	4709	919
2	4711	895
2	4712	750
2	4715	731
2	4716	375
2	4717	112
2	4717	728
2	4719	553
2	4719	572
2	4720	959
2	4722	597
2	4722	943
2	4723	61
2	4723	644
2	4726	418
2	4727	104
2	4727	945
2	4728	312
2	4729	714
2	4729	723
2	4730	772
2	4732	551
2	4733	247
2	4734	207
2	4734	410
2	4735	752
2	4737	327
2	4737	333
2	4737	573
2	4737	626
2	4737	734
2	4738	373
2	4739	376
2	4739	878
2	4740	528
2	4740	946
2	4741	241
2	4741	496
2	4741	684
2	4741	893
2	4743	197
2	4743	514
2	4744	505
2	4745	489
2	4746	589
2	4746	793
2	4747	113
2	4747	903
2	4747	996
2	4748	359
2	4748	413
2	4750	521
2	4752	45
2	4753	248
2	4754	926
2	4759	796
2	4761	331
2	4762	602
2	4763	634
2	4763	708
2	4764	21
2	4764	138
2	4764	290
2	4765	957
2	4766	891
2	4767	190
2	4767	193
2	4767	395
2	4769	118
2	4769	510
2	4770	94
2	4770	736
2	4771	206
2	4771	221
2	4772	226
2	4774	64
2	4774	371
2	4774	406
2	4776	88
2	4777	49
2	4779	761
2	4780	948
2	4781	577
2	4781	587
2	4782	249
2	4782	387
2	4782	898
2	4783	799
2	4784	143
2	4787	592
2	4788	416
2	4790	93
2	4790	946
2	4796	199
2	4796	277
2	4798	329
2	4798	907
2	4799	437
2	4800	384
2	4800	635
2	4801	673
2	4802	466
2	4808	62
2	4808	321
2	4809	22
2	4809	460
2	4810	579
2	4811	260
2	4811	758
2	4812	203
2	4813	200
2	4813	995
2	4816	242
2	4816	445
2	4818	36
2	4818	857
2	4820	871
2	4822	541
2	4823	50
2	4823	876
2	4826	680
2	4826	783
2	4827	218
2	4830	469
2	4830	507
2	4830	593
2	4833	222
2	4834	428
2	4835	257
2	4836	71
2	4836	471
2	4836	769
2	4836	801
2	4841	84
2	4841	509
2	4842	701
2	4844	19
2	4844	262
2	4847	298
2	4847	911
2	4848	235
2	4849	692
2	4850	314
2	4851	175
2	4851	598
2	4853	789
2	4855	446
2	4856	470
2	4857	630
2	4859	291
2	4859	340
2	4859	409
2	4860	127
2	4860	479
2	4862	24
2	4862	422
2	4863	768
2	4864	103
2	4864	233
2	4864	436
2	4864	941
2	4865	488
2	4866	10
2	4868	99
2	4869	41
2	4869	281
2	4869	765
2	4869	988
2	4870	308
2	4870	473
2	4870	807
2	4871	97
2	4871	254
2	4872	67
2	4872	606
2	4872	735
2	4873	276
2	4874	287
2	4875	34
2	4875	681
2	4875	782
2	4878	766
2	4879	313
2	4879	453
2	4881	369
2	4882	461
2	4882	710
2	4884	894
2	4885	737
2	4886	130
2	4886	426
2	4886	698
2	4887	654
2	4889	47
2	4889	626
2	4890	368
2	4890	893
2	4891	720
2	4893	124
2	4894	307
2	4894	390
2	4895	686
2	4897	90
2	4898	393
2	4899	743
2	4900	523
2	4901	306
2	4901	855
2	4902	889
2	4902	914
2	4903	415
2	4903	481
2	4903	721
2	4904	209
2	4904	220
2	4904	734
2	4906	69
2	4906	125
2	4906	465
2	4906	892
2	4907	544
2	4907	547
2	4908	745
2	4909	560
2	4910	289
2	4910	798
2	4911	187
2	4911	215
2	4911	294
2	4911	322
2	4912	584
2	4912	955
2	4915	274
2	4916	305
2	4917	227
2	4917	550
2	4918	79
2	4918	312
2	4918	373
2	4918	524
2	4918	882
2	4920	133
2	4920	153
2	4920	275
2	4922	613
2	4922	739
2	4923	431
2	4924	239
2	4926	263
2	4926	864
2	4927	225
2	4928	394
2	4929	410
2	4930	122
2	4931	828
2	4932	539
2	4932	823
2	4932	872
2	4933	563
2	4935	636
2	4935	842
2	4936	6
2	4939	16
2	4939	478
2	4939	815
2	4940	83
2	4940	350
2	4941	499
2	4942	423
2	4942	454
2	4944	117
2	4945	672
2	4946	310
2	4947	80
2	4947	389
2	4947	645
2	4948	328
2	4949	44
2	4950	46
2	4950	826
2	4951	147
2	4951	627
2	4953	715
2	4954	68
2	4954	232
2	4955	3
2	4955	230
2	4957	212
2	4957	992
2	4959	428
2	4960	521
2	4960	688
2	4961	23
2	4962	264
2	4962	712
2	4963	838
2	4965	578
2	4966	282
2	4967	351
2	4967	506
2	4969	182
2	4969	975
2	4970	607
2	4970	724
2	4972	969
2	4973	907
2	4975	652
2	4975	700
2	4975	863
2	4976	612
2	4976	973
2	4979	184
2	4980	362
2	4980	646
2	4981	151
2	4981	731
2	4983	191
2	4983	411
2	4984	622
2	4985	564
2	4985	953
2	4987	472
2	4987	795
2	4987	802
2	4988	74
2	4989	197
2	4989	561
2	4989	562
2	4989	958
2	4989	993
2	4991	748
2	4992	107
2	4992	648
2	4993	221
2	4993	335
2	4993	776
2	4994	406
2	4995	302
2	4996	339
2	4996	843
2	5000	194
