2	-1	0
2	1	253
2	1	347
2	2	83
2	2	692
2	3	75
2	4	728
2	5	235
2	5	879
2	6	213
2	9	669
2	10	351
2	10	716
2	11	143
2	11	552
2	11	602
2	11	646
2	12	525
2	13	76
2	13	153
2	14	294
2	16	105
2	16	482
2	18	298
2	18	659
2	19	529
2	21	755
2	21	783
2	22	62
2	22	268
2	23	480
2	24	229
2	24	338
2	24	406
2	24	410
2	24	527
2	25	18
2	25	84
2	25	204
2	25	816
2	26	882
2	27	729
2	28	762
2	30	357
2	33	691
2	34	983
2	35	277
2	36	502
2	38	247
2	38	478
2	38	484
2	38	801
2	39	631
2	40	935
2	41	637
2	42	331
2	42	601
2	43	293
2	43	505
2	45	226
2	45	493
2	47	197
2	47	260
2	48	95
2	49	146
2	49	937
2	51	574
2	51	597
2	53	123
2	53	306
2	54	361
2	56	336
2	56	732
2	57	53
2	57	288
2	57	460
2	57	941
2	58	102
2	58	286
2	59	122
2	59	271
2	59	615
2	60	73
2	60	446
2	60	645
2	61	932
2	61	974
2	65	474
2	65	495
2	65	902
2	67	210
2	67	313
2	68	4
2	68	261
2	70	551
2	70	695
2	70	758
2	72	71
2	72	254
2	74	809
2	75	40
2	75	297
2	75	393
2	75	953
2	76	507
2	76	689
2	76	887
2	78	399
2	78	719
2	79	679
2	81	7
2	81	223
2	81	674
2	83	607
2	83	769
2	84	273
2	84	459
2	86	775
2	88	267
2	89	340
2	90	188
2	91	2
2	92	365
2	94	487
2	94	638
2	95	160
2	95	348
2	95	846
2	96	784
2	98	593
2	100	616
2	101	94
2	101	359
2	102	652
2	103	36
2	103	398
2	104	409
2	105	304
2	108	17
2	108	417
2	108	807
2	109	227
2	111	423
2	113	43
2	115	421
2	116	81
2	117	789
2	118	886
2	118	906
2	119	342
2	119	780
2	122	166
2	125	236
2	127	128
2	128	489
2	128	765
2	130	795
2	131	89
2	131	292
2	131	367
2	132	546
2	136	745
2	136	931
2	137	364
2	138	403
2	138	420
2	138	514
2	140	658
2	141	661
2	142	710
2	142	832
2	143	96
2	143	189
2	143	513
2	143	677
2	145	481
2	145	539
2	145	606
2	145	735
2	147	786
2	147	910
2	148	874
2	150	544
2	152	156
2	153	242
2	153	408
2	153	416
2	153	478
2	153	558
2	153	639
2	155	720
2	156	543
2	156	989
2	158	690
2	159	35
2	159	718
2	161	383
2	161	891
2	162	465
2	163	87
2	163	136
2	163	467
2	163	706
2	164	133
2	164	289
2	165	619
2	167	499
2	167	603
2	168	278
2	170	251
2	172	530
2	174	570
2	174	680
2	174	688
2	175	161
2	179	681
2	181	576
2	181	867
2	182	599
2	183	326
2	183	412
2	185	987
2	186	22
2	186	45
2	187	176
2	188	354
2	189	746
2	190	125
2	190	834
2	191	380
2	191	817
2	193	892
2	194	214
2	195	777
2	195	793
2	197	349
2	198	585
2	200	59
2	200	433
2	200	456
2	200	675
2	202	589
2	205	352
2	206	623
2	207	550
2	207	843
2	208	229
2	208	962
2	209	629
2	209	751
2	210	429
2	211	42
2	211	532
2	213	259
2	213	536
2	214	329
2	214	952
2	215	699
2	216	526
2	218	622
2	220	435
2	220	515
2	220	934
2	221	392
2	222	276
2	222	613
2	223	13
2	224	178
2	225	728
2	227	181
2	227	405
2	228	127
2	228	235
2	230	68
2	231	363
2	231	381
2	231	776
2	233	302
2	234	62
2	234	65
2	234	220
2	235	667
2	236	741
2	237	358
2	237	488
2	238	375
2	239	9
2	239	131
2	240	440
2	242	146
2	242	755
2	242	758
2	243	137
2	243	371
2	244	313
2	244	457
2	245	651
2	247	810
2	247	821
2	248	226
2	248	789
2	249	642
2	250	925
2	254	686
2	255	666
2	256	384
2	256	808
2	259	604
2	260	560
2	260	968
2	261	388
2	262	145
2	264	15
2	266	503
2	267	158
2	269	51
2	269	82
2	270	217
2	270	341
2	270	593
2	271	163
2	271	961
2	274	494
2	275	140
2	276	6
2	276	325
2	277	12
2	278	590
2	278	730
2	278	823
2	278	989
2	281	113
2	281	626
2	281	715
2	282	389
2	283	49
2	283	678
2	285	14
2	285	350
2	285	554
2	285	819
2	285	836
2	286	138
2	286	238
2	286	308
2	287	625
2	288	261
2	288	297
2	289	840
2	290	782
2	292	361
2	292	414
2	292	538
2	292	917
2	293	451
2	295	454
2	295	738
2	296	209
2	297	679
2	300	83
2	301	266
2	302	552
2	303	286
2	303	934
2	305	171
2	306	510
2	308	84
2	308	397
2	308	712
2	309	4
2	309	551
2	309	772
2	309	979
2	311	31
2	311	66
2	313	16
2	313	93
2	313	688
2	313	881
2	313	985
2	314	90
2	314	337
2	318	393
2	318	627
2	318	697
2	320	596
2	321	558
2	322	981
2	323	761
2	324	870
2	325	221
2	325	946
2	326	592
2	329	204
2	330	647
2	332	124
2	333	817
2	334	103
2	337	184
2	337	214
2	340	141
2	341	466
2	342	109
2	344	399
2	345	335
2	346	11
2	346	923
2	347	663
2	347	781
2	348	102
2	348	443
2	349	506
2	350	630
2	352	343
2	353	311
2	353	529
2	355	64
2	355	86
2	355	463
2	357	95
2	357	657
2	357	677
2	358	55
2	358	272
2	359	587
2	360	208
2	360	492
2	360	542
2	360	674
2	363	114
2	363	696
2	365	216
2	366	726
2	366	929
2	368	56
2	368	154
2	369	281
2	369	578
2	370	374
2	372	153
2	372	294
2	372	668
2	374	57
2	374	894
2	375	533
2	377	288
2	379	110
2	379	968
2	380	483
2	380	638
2	381	186
2	381	339
2	381	360
2	381	560
2	382	38
2	382	961
2	384	733
2	385	230
2	387	108
2	389	640
2	389	720
2	390	239
2	390	255
2	391	575
2	391	637
2	391	691
2	392	469
2	392	585
2	392	631
2	392	887
2	393	135
2	394	250
2	395	419
2	395	431
2	396	501
2	397	245
2	397	793
2	397	904
2	398	636
2	398	642
2	398	699
2	399	21
2	399	531
2	402	427
2	402	693
2	402	859
2	402	944
2	404	514
2	404	717
2	404	934
2	405	669
2	409	568
2	410	206
2	413	195
2	413	609
2	414	41
2	414	408
2	414	490
2	414	751
2	416	635
2	417	486
2	418	544
2	419	681
2	419	708
2	421	199
2	421	523
2	424	188
2	424	355
2	424	413
2	424	480
2	425	9
2	425	684
2	427	752
2	428	243
2	429	372
2	429	520
2	431	786
2	436	610
2	436	762
2	436	804
2	436	994
2	437	182
2	437	710
2	438	608
2	439	213
2	440	32
2	440	123
2	440	132
2	440	246
2	440	645
2	442	971
2	443	20
2	443	274
2	443	356
2	443	444
2	443	461
2	443	474
2	443	565
2	444	524
2	444	574
2	444	766
2	445	121
2	445	522
2	445	945
2	446	488
2	447	278
2	447	292
2	447	864
2	448	353
2	448	986
2	449	715
2	449	746
2	450	528
2	452	809
2	454	168
2	454	365
2	455	178
2	455	358
2	455	370
2	455	449
2	455	502
2	457	249
2	457	396
2	460	254
2	461	448
2	462	29
2	462	664
2	463	473
2	464	338
2	464	401
2	465	207
2	465	773
2	467	379
2	467	552
2	467	998
2	468	647
2	468	997
2	469	738
2	469	992
2	470	24
2	470	27
2	470	953
2	471	387
2	471	516
2	472	100
2	472	301
2	473	620
2	474	323
2	474	556
2	475	417
2	475	559
2	475	633
2	478	218
2	479	33
2	479	537
2	481	194
2	481	283
2	482	736
2	483	91
2	484	404
2	487	208
2	488	400
2	489	73
2	491	525
2	491	615
2	493	380
2	495	106
2	495	113
2	496	382
2	497	200
2	497	801
2	498	430
2	499	839
2	500	348
2	500	467
2	501	203
2	501	342
2	507	256
2	508	441
2	508	658
2	509	68
2	509	258
2	509	811
2	510	154
2	510	156
2	516	231
2	518	50
2	518	984
2	519	857
2	524	894
2	524	996
2	525	110
2	528	170
2	529	521
2	530	161
2	530	402
2	530	722
2	531	310
2	531	532
2	534	807
2	535	622
2	536	25
2	536	719
2	538	99
2	540	407
2	541	295
2	541	435
2	542	422
2	542	553
2	544	232
2	546	472
2	546	814
2	547	104
2	547	877
2	548	336
2	548	897
2	550	354
2	550	363
2	550	941
2	551	450
2	551	828
2	552	169
2	554	239
2	554	626
2	554	781
2	555	43
2	555	790
2	555	972
2	558	432
2	559	88
2	559	725
2	564	621
2	564	905
2	565	420
2	566	46
2	566	48
2	567	611
2	567	768
2	568	351
2	570	398
2	570	527
2	571	176
2	572	454
2	574	255
2	575	171
2	575	588
2	576	323
2	577	129
2	578	53
2	578	541
2	579	433
2	580	663
2	581	214
2	582	306
2	583	406
2	583	976
2	584	291
2	585	226
2	585	651
2	585	707
2	588	172
2	589	491
2	589	624
2	591	158
2	591	849
2	592	37
2	592	765
2	593	199
2	593	375
2	593	568
2	594	287
2	595	178
2	595	285
2	595	327
2	595	419
2	596	452
2	598	35
2	598	388
2	600	466
2	600	569
2	602	627
2	604	206
2	606	668
2	613	320
2	613	607
2	614	766
2	615	296
2	615	446
2	616	676
2	616	909
2	618	304
2	619	584
2	620	213
2	620	505
2	621	121
2	621	160
2	624	557
2	624	586
2	624	934
2	625	19
2	625	67
2	625	658
2	627	776
2	628	190
2	631	372
2	636	836
2	638	2
2	639	59
2	639	878
2	640	257
2	641	261
2	641	485
2	642	606
2	647	44
2	647	701
2	649	101
2	650	515
2	652	189
2	653	518
2	654	675
2	656	753
2	657	81
2	659	262
2	659	824
2	660	640
2	661	603
2	662	217
2	662	552
2	663	750
2	664	550
2	666	674
2	667	297
2	670	350
2	670	589
2	671	210
2	671	361
2	671	482
2	672	250
2	674	148
2	674	513
2	674	556
2	674	940
2	675	965
2	677	882
2	678	346
2	678	705
2	680	278
2	681	63
2	681	793
2	681	944
2	682	93
2	682	655
2	682	755
2	683	508
2	683	736
2	684	333
2	686	543
2	686	625
2	686	715
2	687	15
2	687	360
2	687	463
2	687	808
2	688	533
2	688	754
2	688	892
2	690	140
2	690	421
2	690	490
2	691	294
2	691	592
2	693	995
2	694	439
2	694	623
2	694	939
2	696	219
2	699	578
2	700	330
2	700	571
2	700	734
2	700	738
2	701	237
2	701	760
2	702	664
2	705	413
2	708	174
2	708	481
2	708	510
2	710	703
2	711	176
2	711	347
2	713	108
2	714	12
2	714	500
2	714	677
2	715	216
2	716	112
2	716	211
2	716	212
2	719	292
2	720	560
2	721	16
2	723	170
2	723	534
2	723	631
2	726	561
2	727	316
2	727	639
2	727	721
2	729	526
2	730	501
2	733	165
2	734	55
2	734	177
2	734	208
2	734	562
2	734	730
2	734	761
2	735	188
2	736	335
2	736	406
2	737	184
2	738	163
2	738	319
2	740	409
2	742	243
2	742	420
2	743	303
2	744	976
2	746	616
2	746	871
2	748	523
2	751	869
2	753	90
2	754	487
2	757	698
2	759	249
2	761	114
2	761	717
2	765	747
2	766	9
2	766	310
2	767	87
2	767	647
2	769	83
2	769	834
2	771	426
2	772	511
2	774	37
2	774	64
2	778	978
2	780	192
2	780	201
2	782	67
2	782	444
2	784	3
2	784	229
2	784	395
2	784	478
2	784	953
2	786	680
2	787	724
2	788	24
2	788	340
2	789	304
2	789	946
2	792	66
2	793	542
2	793	581
2	794	70
2	795	789
2	796	549
2	798	838
2	799	151
2	799	309
2	799	450
2	800	157
2	800	366
2	800	823
2	801	130
2	801	682
2	802	797
2	803	569
2	804	808
2	805	182
2	805	205
2	805	768
2	805	769
2	807	694
2	809	246
2	809	365
2	809	438
2	810	82
2	812	799
2	813	30
2	814	180
2	814	233
2	815	766
2	821	401
2	821	678
2	823	139
2	824	147
2	825	468
2	827	353
2	829	35
2	829	274
2	829	427
2	830	161
2	831	800
2	834	773
2	835	22
2	835	570
2	836	281
2	836	733
2	837	658
2	838	462
2	839	132
2	839	575
2	840	301
2	840	612
2	840	805
2	842	536
2	843	5
2	843	197
2	843	214
2	846	767
2	847	252
2	848	6
2	848	605
2	849	579
2	851	387
2	852	887
2	852	961
2	853	296
2	853	322
2	853	337
2	855	206
2	856	636
2	856	941
2	858	227
2	858	315
2	861	758
2	862	997
2	864	102
2	864	221
2	866	39
2	866	145
2	866	307
2	868	285
2	868	600
2	869	78
2	870	276
2	870	676
2	870	770
2	871	667
2	872	54
2	872	376
2	872	430
2	872	524
2	872	645
2	873	61
2	874	416
2	874	432
2	875	40
2	876	248
2	877	454
2	878	423
2	879	566
2	879	759
2	881	508
2	882	253
2	883	374
2	887	764
2	888	656
2	889	352
2	889	631
2	890	522
2	891	236
2	891	618
2	893	18
2	893	164
2	893	220
2	893	778
2	895	651
2	898	832
2	901	386
2	902	25
2	902	69
2	902	268
2	902	878
2	903	45
2	904	345
2	905	117
2	906	264
2	906	321
2	906	481
2	908	119
2	908	948
2	909	42
2	909	375
2	910	72
2	910	314
2	911	873
2	912	74
2	913	449
2	914	457
2	914	896
2	916	183
2	916	726
2	921	191
2	921	377
2	922	282
2	923	148
2	923	776
2	924	957
2	927	573
2	928	311
2	929	362
2	929	466
2	929	681
2	932	691
2	935	251
2	936	598
2	938	459
2	938	703
2	939	671
2	940	565
2	940	839
2	940	958
2	941	306
2	943	734
2	944	641
2	945	127
2	945	646
2	946	165
2	946	732
2	947	235
2	948	218
2	948	257
2	948	762
2	949	874
2	950	334
2	950	716
2	950	792
2	951	486
2	952	391
2	953	442
2	953	753
2	955	725
2	957	294
2	957	571
2	959	319
2	959	511
2	959	665
2	960	300
2	961	171
2	961	388
2	961	463
2	961	623
2	964	526
2	965	520
2	966	48
2	966	91
2	966	365
2	967	763
2	968	413
2	969	830
2	970	383
2	970	440
2	970	737
2	970	771
2	971	639
2	973	494
2	974	399
2	974	650
2	975	343
2	976	110
2	977	414
2	978	499
2	978	710
2	978	987
2	979	92
2	979	347
2	979	404
2	979	610
2	980	299
2	980	584
2	981	136
2	981	278
2	981	714
2	982	249
2	982	666
2	982	823
2	982	957
2	985	372
2	986	16
2	986	910
2	988	333
2	991	376
2	991	963
2	993	19
2	995	664
2	996	980
2	997	640
2	1000	14
2	1000	886
2	1003	101
2	1003	364
2	1003	580
2	1005	286
2	1007	755
2	1008	144
2	1009	428
2	1010	984
2	1011	491
2	1011	560
2	1016	154
2	1016	778
2	1017	240
2	1017	356
2	1019	748
2	1020	811
2	1022	731
2	1022	738
2	1022	945
2	1024	815
2	1025	529
2	1026	244
2	1026	507
2	1027	196
2	1028	654
2	1028	750
2	1029	358
2	1029	453
2	1029	586
2	1029	1000
2	1030	514
2	1031	425
2	1034	85
2	1034	266
2	1035	284
2	1035	680
2	1036	366
2	1037	324
2	1040	57
2	1040	226
2	1040	504
2	1041	668
2	1041	670
2	1042	600
2	1044	338
2	1045	605
2	1046	46
2	1046	406
2	1046	578
2	1046	796
2	1047	512
2	1047	682
2	1049	559
2	1051	448
2	1051	555
2	1053	545
2	1053	907
2	1054	52
2	1055	146
2	1056	11
2	1056	471
2	1056	729
2	1057	162
2	1057	188
2	1058	712
2	1059	183
2	1059	186
2	1060	791
2	1061	704
2	1061	815
2	1062	109
2	1062	159
2	1065	203
2	1066	925
2	1069	846
2	1070	515
2	1070	793
2	1071	323
2	1071	698
2	1074	412
2	1075	495
2	1076	120
2	1076	812
2	1077	420
2	1078	130
2	1078	215
2	1079	339
2	1079	487
2	1079	582
2	1080	961
2	1081	36
2	1081	373
2	1085	177
2	1085	223
2	1086	915
2	1087	217
2	1089	632
2	1093	214
2	1093	510
2	1093	518
2	1096	903
2	1098	721
2	1099	374
2	1103	206
2	1104	871
2	1105	467
2	1105	524
2	1108	607
2	1109	307
2	1110	681
2	1111	24
2	1112	79
2	1112	219
2	1113	642
2	1113	724
2	1113	781
2	1114	361
2	1114	736
2	1114	808
2	1114	899
2	1115	451
2	1115	753
2	1116	381
2	1117	60
2	1118	47
2	1119	770
2	1120	710
2	1121	137
2	1121	302
2	1122	107
2	1125	758
2	1126	673
2	1128	974
2	1129	88
2	1129	845
2	1130	125
2	1130	331
2	1131	716
2	1132	160
2	1132	890
2	1133	189
2	1133	291
2	1133	437
2	1135	134
2	1140	677
2	1141	198
2	1141	426
2	1141	685
2	1143	154
2	1144	370
2	1146	313
2	1146	427
2	1146	707
2	1146	864
2	1147	485
2	1147	662
2	1148	739
2	1151	526
2	1152	416
2	1153	213
2	1153	687
2	1154	91
2	1154	264
2	1154	482
2	1154	630
2	1154	925
2	1157	106
2	1157	294
2	1157	333
2	1157	457
2	1157	489
2	1157	733
2	1158	50
2	1158	620
2	1158	735
2	1159	58
2	1159	424
2	1161	468
2	1161	953
2	1162	490
2	1163	171
2	1165	21
2	1165	441
2	1165	538
2	1166	805
2	1168	82
2	1168	505
2	1168	534
2	1169	14
2	1169	200
2	1170	754
2	1172	258
2	1172	657
2	1175	688
2	1176	742
2	1176	795
2	1182	955
2	1183	156
2	1183	950
2	1184	516
2	1184	780
2	1184	855
2	1187	2
2	1187	737
2	1187	918
2	1190	638
2	1191	474
2	1191	785
2	1192	48
2	1192	569
2	1194	418
2	1194	551
2	1195	344
2	1195	429
2	1195	782
2	1196	852
2	1197	249
2	1198	335
2	1199	542
2	1199	713
2	1201	212
2	1201	503
2	1201	639
2	1202	718
2	1203	17
2	1204	440
2	1204	598
2	1204	647
2	1205	989
2	1207	259
2	1209	425
2	1209	689
2	1210	348
2	1211	310
2	1212	281
2	1217	178
2	1218	745
2	1219	394
2	1219	798
2	1220	536
2	1222	723
2	1224	287
2	1225	402
2	1228	115
2	1228	243
2	1229	133
2	1230	327
2	1231	501
2	1231	557
2	1233	494
2	1233	720
2	1234	492
2	1234	573
2	1234	900
2	1239	682
2	1240	98
2	1241	532
2	1241	565
2	1241	658
2	1241	680
2	1242	813
2	1243	308
2	1243	814
2	1244	69
2	1244	525
2	1245	404
2	1245	493
2	1246	55
2	1247	72
2	1247	250
2	1249	873
2	1252	42
2	1252	351
2	1252	751
2	1252	945
2	1254	649
2	1255	674
2	1255	828
2	1255	849
2	1257	641
2	1257	768
2	1258	401
2	1259	87
2	1259	252
2	1259	408
2	1259	752
2	1259	910
2	1260	257
2	1260	510
2	1262	222
2	1262	306
2	1262	352
2	1263	30
2	1263	375
2	1264	275
2	1264	318
2	1264	473
2	1266	604
2	1266	630
2	1266	664
2	1266	769
2	1268	913
2	1269	787
2	1273	187
2	1273	842
2	1273	893
2	1274	699
2	1274	728
2	1275	89
2	1276	331
2	1276	465
2	1277	75
2	1278	323
2	1280	191
2	1280	803
2	1281	453
2	1282	744
2	1283	449
2	1283	601
2	1283	709
2	1284	255
2	1284	644
2	1285	340
2	1285	423
2	1286	356
2	1286	419
2	1287	610
2	1288	303
2	1288	854
2	1290	305
2	1290	338
2	1290	890
2	1291	558
2	1292	792
2	1293	902
2	1293	915
2	1295	151
2	1295	337
2	1295	476
2	1297	358
2	1297	703
2	1298	952
2	1299	545
2	1300	293
2	1300	357
2	1300	607
2	1301	86
2	1303	242
2	1303	824
2	1304	62
2	1304	396
2	1305	524
2	1306	387
2	1306	547
2	1307	666
2	1308	593
2	1312	95
2	1312	249
2	1314	33
2	1315	244
2	1315	270
2	1316	336
2	1317	460
2	1319	618
2	1319	772
2	1319	951
2	1320	800
2	1321	388
2	1321	441
2	1321	779
2	1322	127
2	1322	446
2	1326	999
2	1327	621
2	1327	905
2	1328	620
2	1329	676
2	1330	778
2	1331	947
2	1333	1
2	1333	8
2	1336	234
2	1336	854
2	1340	218
2	1341	101
2	1341	276
2	1342	475
2	1342	894
2	1344	84
2	1345	481
2	1345	684
2	1345	704
2	1345	740
2	1346	445
2	1347	483
2	1349	343
2	1349	495
2	1350	543
2	1351	373
2	1352	361
2	1353	142
2	1353	253
2	1353	659
2	1355	426
2	1355	906
2	1356	324
2	1357	942
2	1358	626
2	1358	628
2	1359	688
2	1361	246
2	1361	499
2	1363	76
2	1363	299
2	1364	202
2	1364	268
2	1366	273
2	1368	414
2	1370	311
2	1370	370
2	1370	391
2	1370	563
2	1371	585
2	1372	354
2	1373	974
2	1374	459
2	1374	603
2	1375	568
2	1376	655
2	1376	930
2	1377	880
2	1379	605
2	1380	422
2	1380	432
2	1380	639
2	1381	271
2	1381	376
2	1382	23
2	1384	467
2	1385	10
2	1385	26
2	1385	600
2	1386	564
2	1387	130
2	1389	44
2	1391	4
2	1391	629
2	1392	952
2	1393	347
2	1393	507
2	1394	42
2	1394	345
2	1397	962
2	1399	258
2	1399	562
2	1399	686
2	1399	756
2	1401	31
2	1402	15
2	1402	520
2	1403	717
2	1405	315
2	1406	153
2	1406	339
2	1406	431
2	1406	443
2	1408	627
2	1408	697
2	1410	611
2	1411	291
2	1411	364
2	1411	796
2	1413	163
2	1413	694
2	1415	455
2	1415	633
2	1415	674
2	1415	909
2	1416	927
2	1417	198
2	1417	761
2	1418	46
2	1418	68
2	1419	182
2	1419	513
2	1420	777
2	1421	586
2	1421	753
2	1422	675
2	1423	169
2	1423	544
2	1423	709
2	1423	899
2	1426	22
2	1426	255
2	1426	932
2	1427	516
2	1428	880
2	1429	256
2	1429	368
2	1429	632
2	1430	16
2	1430	711
2	1430	964
2	1431	131
2	1431	464
2	1432	786
2	1436	295
2	1436	741
2	1437	278
2	1437	933
2	1437	956
2	1438	780
2	1439	293
2	1439	433
2	1441	496
2	1441	634
2	1442	63
2	1442	183
2	1446	349
2	1447	221
2	1447	405
2	1449	108
2	1452	289
2	1452	751
2	1454	408
2	1455	195
2	1455	359
2	1455	379
2	1457	667
2	1458	602
2	1459	488
2	1460	340
2	1462	215
2	1462	416
2	1463	69
2	1465	88
2	1465	664
2	1466	128
2	1467	243
2	1467	649
2	1468	297
2	1469	27
2	1469	178
2	1469	501
2	1470	119
2	1471	333
2	1472	853
2	1474	352
2	1474	374
2	1474	849
2	1475	608
2	1475	612
2	1475	873
2	1476	463
2	1476	480
2	1476	700
2	1478	393
2	1479	307
2	1482	957
2	1483	378
2	1483	890
2	1484	397
2	1486	247
2	1487	236
2	1487	986
2	1488	817
2	1489	72
2	1489	167
2	1489	395
2	1489	917
2	1492	485
2	1493	384
2	1495	300
2	1495	394
2	1495	594
2	1495	656
2	1497	353
2	1497	418
2	1498	445
2	1498	790
2	1499	89
2	1501	858
2	1506	219
2	1506	324
2	1506	676
2	1509	739
2	1509	981
2	1510	670
2	1510	689
2	1511	118
2	1511	927
2	1511	947
2	1512	279
2	1513	47
2	1513	65
2	1513	270
2	1514	233
2	1514	398
2	1515	222
2	1515	543
2	1516	389
2	1516	431
2	1517	642
2	1518	229
2	1518	718
2	1519	360
2	1521	814
2	1523	275
2	1525	158
2	1525	535
2	1527	111
2	1528	471
2	1530	323
2	1531	141
2	1534	91
2	1534	209
2	1535	736
2	1536	75
2	1536	149
2	1537	559
2	1538	269
2	1538	660
2	1538	754
2	1539	113
2	1540	132
2	1540	580
2	1542	283
2	1543	557
2	1543	938
2	1545	287
2	1548	720
2	1549	459
2	1549	691
2	1550	539
2	1551	224
2	1551	753
2	1552	448
2	1552	451
2	1554	173
2	1556	139
2	1556	721
2	1557	351
2	1557	364
2	1557	540
2	1559	294
2	1560	153
2	1560	216
2	1561	48
2	1561	156
2	1563	509
2	1564	456
2	1565	709
2	1566	206
2	1567	499
2	1567	903
2	1568	9
2	1568	296
2	1568	928
2	1569	169
2	1569	470
2	1569	579
2	1569	910
2	1570	758
2	1571	708
2	1572	18
2	1572	338
2	1573	285
2	1574	710
2	1575	84
2	1576	213
2	1576	546
2	1577	571
2	1577	957
2	1578	106
2	1578	663
2	1579	140
2	1579	148
2	1580	798
2	1581	186
2	1581	504
2	1581	745
2	1582	596
2	1584	401
2	1586	51
2	1586	560
2	1588	177
2	1588	370
2	1589	331
2	1592	728
2	1593	101
2	1593	405
2	1593	421
2	1593	799
2	1595	497
2	1597	7
2	1597	43
2	1597	420
2	1597	711
2	1598	792
2	1600	795
2	1601	42
2	1601	507
2	1601	760
2	1602	432
2	1604	898
2	1606	187
2	1608	220
2	1610	449
2	1611	72
2	1612	326
2	1612	341
2	1612	365
2	1614	615
2	1615	666
2	1617	92
2	1617	630
2	1619	102
2	1619	681
2	1619	773
2	1622	411
2	1622	556
2	1623	86
2	1624	989
2	1626	95
2	1626	463
2	1627	523
2	1628	486
2	1628	511
2	1628	590
2	1630	105
2	1630	678
2	1631	508
2	1632	166
2	1633	3
2	1634	181
2	1634	230
2	1635	648
2	1636	783
2	1637	273
2	1637	372
2	1637	883
2	1639	382
2	1640	52
2	1640	160
2	1640	305
2	1640	374
2	1641	807
2	1642	16
2	1643	565
2	1644	228
2	1644	337
2	1644	577
2	1645	622
2	1646	645
2	1648	472
2	1648	756
2	1650	70
2	1652	953
2	1656	988
2	1657	881
2	1659	363
2	1660	176
2	1660	702
2	1661	500
2	1662	490
2	1663	155
2	1663	587
2	1665	277
2	1665	308
2	1665	316
2	1665	327
2	1666	319
2	1667	32
2	1667	274
2	1667	512
2	1667	636
2	1668	356
2	1669	690
2	1669	924
2	1670	217
2	1670	598
2	1670	610
2	1670	693
2	1672	713
2	1673	375
2	1674	242
2	1675	417
2	1676	371
2	1677	151
2	1677	851
2	1679	116
2	1680	488
2	1681	292
2	1682	65
2	1682	747
2	1683	550
2	1685	157
2	1686	790
2	1688	221
2	1688	535
2	1688	949
2	1689	241
2	1689	347
2	1692	144
2	1692	184
2	1692	923
2	1693	398
2	1693	742
2	1693	878
2	1694	541
2	1694	914
2	1695	442
2	1696	172
2	1697	731
2	1697	977
2	1698	407
2	1700	438
2	1701	354
2	1701	563
2	1702	150
2	1702	950
2	1703	162
2	1705	311
2	1706	424
2	1706	787
2	1708	82
2	1708	638
2	1708	738
2	1709	169
2	1709	839
2	1710	253
2	1710	320
2	1713	743
2	1714	665
2	1716	495
2	1717	680
2	1718	200
2	1718	339
2	1719	803
2	1720	104
2	1721	262
2	1721	346
2	1725	45
2	1725	564
2	1726	286
2	1727	124
2	1728	480
2	1730	238
2	1730	387
2	1731	8
2	1731	385
2	1731	419
2	1733	272
2	1737	42
2	1738	489
2	1740	260
2	1740	671
2	1741	127
2	1742	55
2	1743	216
2	1744	357
2	1744	920
2	1744	975
2	1745	115
2	1746	641
2	1747	54
2	1747	522
2	1747	631
2	1747	739
2	1747	970
2	1748	376
2	1748	594
2	1748	913
2	1749	131
2	1750	448
2	1752	154
2	1754	141
2	1754	534
2	1754	637
2	1755	708
2	1756	699
2	1756	814
2	1758	317
2	1759	619
2	1760	149
2	1761	59
2	1761	497
2	1762	574
2	1763	62
2	1763	344
2	1763	774
2	1763	925
2	1765	885
2	1767	192
2	1767	302
2	1767	558
2	1769	244
2	1769	968
2	1770	126
2	1770	890
2	1771	908
2	1772	443
2	1774	950
2	1775	199
2	1776	303
2	1778	687
2	1778	703
2	1778	753
2	1781	203
2	1782	240
2	1782	663
2	1782	684
2	1782	936
2	1784	194
2	1784	538
2	1785	518
2	1786	556
2	1789	239
2	1789	698
2	1789	837
2	1790	282
2	1791	156
2	1792	962
2	1793	152
2	1793	927
2	1794	392
2	1795	412
2	1795	583
2	1796	92
2	1796	686
2	1798	800
2	1799	1
2	1799	280
2	1799	979
2	1801	649
2	1802	279
2	1803	559
2	1805	788
2	1806	511
2	1808	623
2	1808	707
2	1810	647
2	1811	140
2	1811	773
2	1814	436
2	1815	90
2	1815	235
2	1818	246
2	1818	836
2	1818	966
2	1820	499
2	1820	508
2	1820	591
2	1821	329
2	1822	310
2	1823	513
2	1823	651
2	1823	782
2	1824	451
2	1826	601
2	1828	182
2	1828	947
2	1830	170
2	1830	370
2	1830	407
2	1831	408
2	1832	653
2	1833	437
2	1834	426
2	1836	904
2	1837	359
2	1837	645
2	1838	322
2	1839	295
2	1841	296
2	1845	40
2	1845	738
2	1846	44
2	1846	389
2	1847	256
2	1847	346
2	1847	779
2	1847	903
2	1848	49
2	1849	261
2	1849	609
2	1849	675
2	1849	727
2	1854	643
2	1859	991
2	1860	876
2	1863	93
2	1863	652
2	1864	890
2	1865	63
2	1865	210
2	1865	500
2	1868	300
2	1869	581
2	1869	989
2	1872	285
2	1872	355
2	1873	187
2	1873	416
2	1873	962
2	1874	215
2	1876	172
2	1877	427
2	1879	268
2	1880	728
2	1885	82
2	1886	961
2	1888	39
2	1888	258
2	1888	823
2	1889	569
2	1891	237
2	1891	421
2	1892	309
2	1893	233
2	1893	473
2	1895	442
2	1895	752
2	1896	273
2	1896	695
2	1897	123
2	1897	197
2	1898	245
2	1899	371
2	1899	809
2	1900	816
2	1900	897
2	1901	597
2	1901	681
2	1902	306
2	1904	234
2	1905	628
2	1906	424
2	1907	169
2	1908	685
2	1909	584
2	1909	756
2	1909	821
2	1910	56
2	1912	385
2	1913	843
2	1914	15
2	1916	921
2	1917	677
2	1917	746
2	1918	807
2	1919	168
2	1919	403
2	1921	720
2	1922	109
2	1922	488
2	1923	545
2	1924	617
2	1925	398
2	1925	959
2	1928	74
2	1928	142
2	1928	633
2	1929	490
2	1929	732
2	1931	50
2	1931	570
2	1932	173
2	1932	191
2	1932	769
2	1933	886
2	1934	391
2	1934	910
2	1935	793
2	1935	841
2	1936	43
2	1936	98
2	1936	547
2	1937	329
2	1938	331
2	1938	691
2	1939	900
2	1940	36
2	1941	211
2	1941	293
2	1941	606
2	1941	671
2	1944	37
2	1945	1
2	1945	35
2	1945	808
2	1947	515
2	1949	153
2	1949	221
2	1949	825
2	1951	536
2	1952	324
2	1952	818
2	1953	707
2	1953	724
2	1954	506
2	1954	614
2	1955	21
2	1955	208
2	1955	351
2	1957	103
2	1958	414
2	1959	603
2	1959	960
2	1960	365
2	1961	262
2	1962	154
2	1962	648
2	1965	501
2	1966	91
2	1966	243
2	1967	314
2	1967	523
2	1968	232
2	1968	786
2	1969	280
2	1970	284
2	1971	484
2	1974	510
2	1976	80
2	1976	184
2	1976	412
2	1976	459
2	1977	657
2	1978	479
2	1978	672
2	1980	31
2	1981	258
2	1981	593
2	1982	538
2	1982	854
2	1983	383
2	1984	518
2	1985	158
2	1985	759
2	1985	997
2	1986	235
2	1986	310
2	1986	492
2	1987	955
2	1990	111
2	1990	190
2	1990	316
2	1990	700
2	1991	114
2	1991	615
2	1991	884
2	1991	898
2	1992	558
2	1992	988
2	1995	509
2	1996	135
2	1996	364
2	1999	128
2	1999	783
2	2000	84
2	2000	277
2	2000	972
2	2003	579
2	2008	51
2	2009	139
2	2010	938
2	2011	127
2	2011	336
2	2011	495
2	2011	574
2	2012	774
2	2013	925
2	2014	299
2	2014	450
2	2014	997
2	2015	155
2	2015	466
2	2016	247
2	2017	529
2	2017	598
2	2017	702
2	2017	853
2	2018	218
2	2018	413
2	2018	738
2	2019	455
2	2020	6
2	2020	45
2	2020	151
2	2021	226
2	2022	850
2	2022	887
2	2023	102
2	2023	692
2	2024	257
2	2025	124
2	2025	328
2	2026	279
2	2027	322
2	2027	469
2	2028	126
2	2028	452
2	2029	666
2	2030	426
2	2033	93
2	2033	176
2	2034	813
2	2035	742
2	2036	181
2	2037	256
2	2039	504
2	2040	533
2	2041	104
2	2041	144
2	2043	835
2	2044	94
2	2045	97
2	2045	410
2	2045	693
2	2046	447
2	2049	436
2	2049	725
2	2051	735
2	2052	79
2	2052	546
2	2052	730
2	2053	953
2	2054	101
2	2054	865
2	2055	445
2	2055	540
2	2055	638
2	2056	188
2	2056	679
2	2057	150
2	2057	650
2	2059	148
2	2059	588
2	2060	311
2	2060	397
2	2060	722
2	2061	49
2	2061	141
2	2061	335
2	2061	916
2	2063	46
2	2063	273
2	2065	542
2	2066	283
2	2067	268
2	2067	743
2	2068	406
2	2069	425
2	2069	800
2	2070	186
2	2071	407
2	2073	503
2	2073	591
2	2073	634
2	2073	882
2	2073	899
2	2074	993
2	2076	532
2	2076	561
2	2079	526
2	2079	637
2	2080	377
2	2081	29
2	2081	787
2	2083	766
2	2084	261
2	2085	914
2	2086	793
2	2087	81
2	2087	100
2	2087	665
2	2091	359
2	2091	541
2	2091	589
2	2092	630
2	2096	375
2	2098	64
2	2100	965
2	2102	463
2	2103	194
2	2104	41
2	2107	643
2	2107	734
2	2112	39
2	2112	386
2	2113	17
2	2114	207
2	2114	534
2	2114	710
2	2115	170
2	2116	220
2	2116	233
2	2117	781
2	2119	473
2	2122	982
2	2123	165
2	2125	274
2	2125	287
2	2125	905
2	2126	443
2	2127	607
2	2127	654
2	2128	453
2	2128	608
2	2128	624
2	2129	48
2	2129	88
2	2129	326
2	2130	993
2	2131	145
2	2131	716
2	2133	433
2	2134	468
2	2135	185
2	2136	222
2	2137	688
2	2137	729
2	2140	159
2	2140	163
2	2142	76
2	2142	343
2	2142	751
2	2142	785
2	2143	472
2	2143	763
2	2147	327
2	2147	527
2	2148	640
2	2149	575
2	2149	676
2	2149	767
2	2149	799
2	2151	210
2	2151	824
2	2154	19
2	2154	440
2	2158	82
2	2159	344
2	2161	31
2	2163	415
2	2163	798
2	2164	330
2	2165	351
2	2166	14
2	2166	294
2	2169	580
2	2171	297
2	2173	187
2	2175	997
2	2176	318
2	2177	242
2	2178	448
2	2179	241
2	2179	535
2	2180	376
2	2180	726
2	2181	733
2	2182	855
2	2184	226
2	2185	356
2	2185	447
2	2187	583
2	2187	750
2	2190	439
2	2191	354
2	2191	507
2	2191	522
2	2193	557
2	2193	868
2	2194	479
2	2195	116
2	2196	663
2	2197	308
2	2198	301
2	2203	300
2	2204	313
2	2204	936
2	2206	361
2	2206	672
2	2207	450
2	2207	552
2	2208	962
2	2209	219
2	2209	291
2	2211	945
2	2214	188
2	2215	217
2	2216	278
2	2217	648
2	2217	674
2	2218	515
2	2219	680
2	2220	594
2	2223	117
2	2223	399
2	2224	286
2	2224	864
2	2225	706
2	2225	743
2	2225	827
2	2226	329
2	2226	704
2	2227	383
2	2227	566
2	2227	896
2	2227	964
2	2228	898
2	2229	537
2	2230	332
2	2230	374
2	2231	246
2	2232	744
2	2233	653
2	2233	866
2	2236	55
2	2238	727
2	2239	345
2	2239	411
2	2240	372
2	2241	394
2	2242	298
2	2242	757
2	2242	837
2	2243	198
2	2245	752
2	2245	794
2	2246	679
2	2247	551
2	2248	534
2	2249	215
2	2250	649
2	2250	665
2	2250	681
2	2252	6
2	2252	139
2	2252	140
2	2252	722
2	2255	342
2	2256	323
2	2256	395
2	2258	776
2	2259	126
2	2259	157
2	2259	274
2	2260	402
2	2261	487
2	2261	563
2	2261	892
2	2262	42
2	2263	123
2	2264	28
2	2266	783
2	2267	69
2	2267	389
2	2268	16
2	2268	86
2	2268	262
2	2268	671
2	2268	773
2	2269	603
2	2274	71
2	2274	173
2	2274	178
2	2275	782
2	2276	160
2	2276	338
2	2276	570
2	2277	1
2	2277	22
2	2278	486
2	2278	993
2	2279	50
2	2279	484
2	2280	48
2	2282	211
2	2282	419
2	2283	777
2	2286	353
2	2287	92
2	2288	243
2	2288	250
2	2289	538
2	2289	553
2	2290	137
2	2290	468
2	2291	365
2	2293	20
2	2293	542
2	2294	867
2	2295	413
2	2295	496
2	2296	584
2	2296	840
2	2297	70
2	2297	740
2	2300	506
2	2300	720
2	2301	414
2	2302	75
2	2304	615
2	2305	136
2	2305	224
2	2305	230
2	2305	949
2	2306	35
2	2307	213
2	2307	879
2	2308	578
2	2308	724
2	2311	193
2	2311	911
2	2312	912
2	2313	233
2	2313	781
2	2313	904
2	2314	412
2	2315	335
2	2315	336
2	2315	577
2	2315	717
2	2315	845
2	2317	251
2	2317	358
2	2319	985
2	2320	830
2	2321	150
2	2322	285
2	2322	357
2	2322	754
2	2323	432
2	2324	491
2	2324	948
2	2325	30
2	2325	607
2	2325	780
2	2326	963
2	2327	598
2	2327	667
2	2329	436
2	2330	115
2	2330	241
2	2330	508
2	2331	268
2	2331	469
2	2331	749
2	2332	364
2	2334	36
2	2335	404
2	2338	95
2	2338	168
2	2339	212
2	2339	483
2	2340	18
2	2340	369
2	2341	564
2	2345	471
2	2345	591
2	2346	165
2	2346	691
2	2347	560
2	2347	595
2	2347	986
2	2348	437
2	2349	264
2	2349	519
2	2350	352
2	2351	543
2	2352	885
2	2353	799
2	2354	100
2	2356	176
2	2359	300
2	2359	348
2	2361	11
2	2361	423
2	2361	707
2	2362	225
2	2363	204
2	2364	410
2	2364	976
2	2365	57
2	2365	153
2	2366	186
2	2366	964
2	2367	247
2	2367	289
2	2368	242
2	2368	500
2	2369	10
2	2369	99
2	2369	897
2	2370	629
2	2370	651
2	2371	996
2	2372	485
2	2372	743
2	2374	328
2	2374	586
2	2375	827
2	2376	210
2	2376	340
2	2378	501
2	2378	572
2	2378	686
2	2379	354
2	2381	596
2	2382	116
2	2382	973
2	2384	156
2	2384	258
2	2385	383
2	2385	710
2	2387	830
2	2388	672
2	2389	171
2	2389	343
2	2389	555
2	2390	779
2	2393	119
2	2394	166
2	2394	444
2	2394	643
2	2395	280
2	2396	295
2	2396	620
2	2396	658
2	2397	214
2	2398	558
2	2398	948
2	2400	638
2	2403	368
2	2408	297
2	2408	478
2	2408	870
2	2409	218
2	2411	144
2	2414	172
2	2414	597
2	2414	599
2	2415	145
2	2417	275
2	2417	407
2	2417	694
2	2418	209
2	2418	271
2	2419	755
2	2420	753
2	2420	846
2	2421	7
2	2421	769
2	2422	380
2	2423	662
2	2424	77
2	2425	187
2	2426	82
2	2426	661
2	2427	316
2	2427	318
2	2427	687
2	2430	63
2	2431	797
2	2434	311
2	2435	409
2	2438	324
2	2439	480
2	2440	628
2	2441	41
2	2444	162
2	2444	236
2	2447	110
2	2447	388
2	2447	536
2	2448	177
2	2449	428
2	2450	290
2	2452	196
2	2452	286
2	2452	464
2	2453	547
2	2453	808
2	2454	85
2	2454	296
2	2455	323
2	2456	537
2	2456	654
2	2457	785
2	2458	346
2	2458	445
2	2458	482
2	2459	971
2	2462	122
2	2462	663
2	2463	272
2	2463	936
2	2464	21
2	2467	439
2	2468	882
2	2468	975
2	2470	129
2	2471	366
2	2472	53
2	2472	715
2	2472	720
2	2472	790
2	2473	395
2	2473	460
2	2474	147
2	2474	195
2	2476	502
2	2477	433
2	2479	143
2	2479	438
2	2480	70
2	2480	751
2	2480	893
2	2480	977
2	2481	766
2	2482	260
2	2482	312
2	2482	362
2	2482	877
2	2483	96
2	2483	695
2	2483	762
2	2484	490
2	2484	664
2	2485	549
2	2485	637
2	2485	724
2	2486	532
2	2489	567
2	2492	73
2	2492	237
2	2496	698
2	2496	869
2	2502	659
2	2502	775
2	2504	997
2	2506	264
2	2509	634
2	2512	221
2	2513	18
2	2513	155
2	2515	126
2	2517	292
2	2517	735
2	2517	885
2	2518	660
2	2519	151
2	2521	858
2	2523	238
2	2524	319
2	2524	326
2	2524	386
2	2525	711
2	2526	868
2	2527	344
2	2529	256
2	2531	5
2	2531	666
2	2532	212
2	2532	248
2	2532	334
2	2533	356
2	2534	72
2	2534	321
2	2535	6
2	2535	152
2	2536	17
2	2536	62
2	2536	266
2	2536	269
2	2536	524
2	2536	723
2	2536	778
2	2537	658
2	2538	713
2	2539	60
2	2539	139
2	2539	493
2	2539	551
2	2541	23
2	2541	780
2	2543	639
2	2546	131
2	2546	253
2	2547	249
2	2548	245
2	2548	556
2	2549	58
2	2549	586
2	2550	475
2	2551	419
2	2552	529
2	2552	534
2	2553	4
2	2553	523
2	2553	628
2	2554	227
2	2554	577
2	2555	254
2	2556	339
2	2557	164
2	2559	160
2	2559	760
2	2560	333
2	2560	690
2	2561	500
2	2562	170
2	2562	749
2	2563	303
2	2564	606
2	2564	748
2	2565	824
2	2567	781
2	2571	56
2	2572	488
2	2573	792
2	2573	882
2	2574	363
2	2579	511
2	2579	910
2	2581	767
2	2583	872
2	2585	424
2	2587	742
2	2589	180
2	2591	25
2	2593	103
2	2593	123
2	2594	102
2	2594	391
2	2594	914
2	2595	252
2	2597	999
2	2598	350
2	2598	800
2	2599	684
2	2602	34
2	2602	403
2	2606	572
2	2607	369
2	2610	604
2	2610	653
2	2610	719
2	2611	427
2	2611	803
2	2612	69
2	2613	615
2	2614	535
2	2614	784
2	2615	179
2	2615	243
2	2615	395
2	2617	176
2	2618	328
2	2619	183
2	2620	539
2	2620	641
2	2622	226
2	2624	605
2	2624	975
2	2628	35
2	2629	431
2	2632	317
2	2632	613
2	2633	188
2	2634	279
2	2634	571
2	2634	592
2	2636	388
2	2638	214
2	2640	703
2	2643	213
2	2644	640
2	2645	100
2	2645	960
2	2646	361
2	2647	859
2	2648	219
2	2649	129
2	2649	696
2	2650	573
2	2650	747
2	2651	251
2	2653	946
2	2654	461
2	2655	679
2	2656	190
2	2656	429
2	2656	438
2	2657	178
2	2657	561
2	2658	517
2	2658	553
2	2658	570
2	2661	257
2	2662	670
2	2664	37
2	2664	455
2	2664	620
2	2665	173
2	2665	565
2	2666	53
2	2666	299
2	2667	120
2	2668	30
2	2669	803
2	2670	668
2	2671	386
2	2671	958
2	2672	498
2	2673	407
2	2674	629
2	2675	144
2	2676	125
2	2677	585
2	2679	378
2	2679	736
2	2680	1
2	2680	54
2	2680	401
2	2681	116
2	2682	963
2	2685	705
2	2685	828
2	2687	772
2	2688	411
2	2689	3
2	2690	158
2	2691	108
2	2693	154
2	2693	294
2	2693	548
2	2694	40
2	2694	258
2	2694	466
2	2694	710
2	2696	389
2	2696	674
2	2697	332
2	2697	380
2	2697	432
2	2697	472
2	2698	312
2	2698	485
2	2699	692
2	2702	988
2	2703	175
2	2703	530
2	2703	659
2	2705	324
2	2705	558
2	2706	121
2	2706	374
2	2706	448
2	2706	716
2	2707	901
2	2710	118
2	2710	767
2	2711	57
2	2711	77
2	2711	541
2	2711	625
2	2712	329
2	2712	408
2	2712	831
2	2712	892
2	2715	340
2	2716	64
2	2716	618
2	2717	50
2	2718	691
2	2719	331
2	2721	296
2	2721	803
2	2723	259
2	2724	685
2	2724	687
2	2725	437
2	2725	519
2	2727	141
2	2728	169
2	2728	581
2	2728	793
2	2729	166
2	2731	271
2	2731	383
2	2732	21
2	2732	119
2	2732	295
2	2732	946
2	2733	459
2	2734	142
2	2734	145
2	2736	171
2	2737	26
2	2738	240
2	2738	421
2	2738	676
2	2739	72
2	2739	372
2	2739	606
2	2739	902
2	2741	356
2	2741	445
2	2743	771
2	2743	878
2	2749	94
2	2749	400
2	2750	161
2	2750	725
2	2751	761
2	2751	797
2	2753	780
2	2754	8
2	2754	415
2	2758	737
2	2763	786
2	2763	810
2	2764	779
2	2765	603
2	2765	912
2	2766	27
2	2766	798
2	2768	122
2	2769	47
2	2769	879
2	2770	55
2	2770	242
2	2772	510
2	2774	399
2	2775	110
2	2777	566
2	2779	260
2	2779	268
2	2779	310
2	2779	328
2	2780	508
2	2780	616
2	2780	966
2	2781	236
2	2781	243
2	2782	923
2	2783	308
2	2783	342
2	2785	140
2	2785	431
2	2785	639
2	2785	699
2	2786	19
2	2788	272
2	2788	319
2	2789	201
2	2789	628
2	2790	452
2	2792	488
2	2793	385
2	2793	634
2	2794	172
2	2796	5
2	2797	224
2	2797	353
2	2800	609
2	2801	323
2	2801	728
2	2804	126
2	2804	711
2	2807	729
2	2808	981
2	2810	675
2	2811	212
2	2811	337
2	2812	147
2	2812	923
2	2813	665
2	2816	52
2	2816	562
2	2816	658
2	2816	799
2	2817	232
2	2817	766
2	2819	835
2	2819	853
2	2823	413
2	2823	584
2	2823	678
2	2824	436
2	2824	579
2	2825	39
2	2828	234
2	2828	745
2	2829	53
2	2829	250
2	2829	834
2	2830	735
2	2832	239
2	2832	470
2	2835	237
2	2835	789
2	2836	177
2	2836	286
2	2836	361
2	2836	856
2	2836	989
2	2837	362
2	2837	511
2	2839	78
2	2840	463
2	2843	444
2	2844	120
2	2844	407
2	2845	20
2	2845	884
2	2847	346
2	2847	860
2	2855	720
2	2857	613
2	2857	726
2	2858	409
2	2859	649
2	2860	899
2	2861	753
2	2862	595
2	2862	749
2	2862	792
2	2862	896
2	2863	679
2	2864	377
2	2865	80
2	2865	671
2	2865	744
2	2865	943
2	2868	357
2	2869	262
2	2870	86
2	2870	667
2	2870	736
2	2872	803
2	2873	410
2	2874	288
2	2874	814
2	2875	680
2	2876	637
2	2877	184
2	2880	209
2	2880	575
2	2881	263
2	2881	378
2	2881	813
2	2882	424
2	2883	489
2	2883	927
2	2885	88
2	2885	838
2	2886	707
2	2888	788
2	2889	176
2	2889	292
2	2890	233
2	2893	496
2	2894	44
2	2895	105
2	2895	393
2	2898	7
2	2898	287
2	2899	591
2	2899	981
2	2900	251
2	2900	580
2	2901	62
2	2901	207
2	2902	241
2	2902	247
2	2905	466
2	2905	933
2	2905	953
2	2906	222
2	2906	818
2	2906	905
2	2909	135
2	2909	276
2	2909	683
2	2912	985
2	2913	115
2	2913	480
2	2914	339
2	2915	773
2	2916	760
2	2916	814
2	2918	91
2	2918	588
2	2919	312
2	2921	714
2	2924	55
2	2925	195
2	2927	29
2	2928	355
2	2929	383
2	2932	583
2	2933	308
2	2934	196
2	2934	967
2	2935	235
2	2937	918
2	2938	433
2	2938	605
2	2940	340
2	2943	46
2	2945	83
2	2945	907
2	2946	23
2	2947	274
2	2948	462
2	2948	490
2	2949	103
2	2949	132
2	2949	791
2	2951	3
2	2951	214
2	2952	59
2	2952	352
2	2953	630
2	2953	758
2	2954	699
2	2956	123
2	2956	616
2	2957	304
2	2957	483
2	2958	2
2	2958	92
2	2958	273
2	2958	347
2	2959	211
2	2959	284
2	2960	740
2	2962	112
2	2962	650
2	2963	185
2	2964	52
2	2964	978
2	2965	217
2	2966	161
2	2966	329
2	2966	823
2	2967	70
2	2967	334
2	2967	859
2	2968	38
2	2968	464
2	2969	402
2	2969	628
2	2971	545
2	2973	979
2	2974	120
2	2974	293
2	2975	739
2	2979	64
2	2979	558
2	2981	439
2	2981	711
2	2982	152
2	2982	543
2	2983	11
2	2985	517
2	2985	896
2	2986	656
2	2988	118
2	2988	702
2	2990	619
2	2995	585
2	3000	301
2	3001	150
2	3002	582
2	3002	722
2	3004	18
2	3004	487
2	3004	523
2	3005	783
2	3006	820
2	3008	8
2	3008	544
2	3010	302
2	3012	138
2	3012	636
2	3013	419
2	3014	97
2	3014	163
2	3016	54
2	3016	285
2	3016	299
2	3017	551
2	3017	659
2	3017	803
2	3018	750
2	3019	984
2	3020	41
2	3021	114
2	3022	521
2	3023	202
2	3024	429
2	3026	127
2	3027	104
2	3028	50
2	3028	497
2	3029	498
2	3029	526
2	3029	576
2	3033	866
2	3034	960
2	3036	442
2	3036	977
2	3037	84
2	3038	113
2	3038	508
2	3038	530
2	3039	627
2	3039	698
2	3040	130
2	3042	314
2	3042	486
2	3042	893
2	3044	520
2	3044	943
2	3045	182
2	3045	313
2	3045	318
2	3046	323
2	3046	424
2	3046	441
2	3047	290
2	3047	797
2	3047	910
2	3050	190
2	3050	733
2	3051	344
2	3051	687
2	3051	881
2	3052	405
2	3053	53
2	3054	162
2	3055	591
2	3056	412
2	3056	430
2	3059	919
2	3061	68
2	3062	353
2	3062	539
2	3063	425
2	3067	99
2	3067	993
2	3068	136
2	3068	734
2	3069	349
2	3070	25
2	3070	447
2	3072	300
2	3074	103
2	3075	690
2	3075	826
2	3078	249
2	3079	287
2	3079	997
2	3080	200
2	3080	600
2	3081	502
2	3081	578
2	3085	194
2	3085	252
2	3086	611
2	3087	482
2	3089	124
2	3089	922
2	3090	532
2	3091	725
2	3094	148
2	3094	518
2	3095	685
2	3098	732
2	3099	877
2	3099	998
2	3100	370
2	3100	746
2	3101	10
2	3101	866
2	3101	973
2	3104	380
2	3105	6
2	3105	178
2	3105	489
2	3107	272
2	3107	351
2	3107	629
2	3109	444
2	3110	117
2	3111	753
2	3112	7
2	3112	981
2	3113	360
2	3114	485
2	3114	715
2	3115	293
2	3116	454
2	3117	493
2	3118	294
2	3118	513
2	3121	78
2	3121	279
2	3122	67
2	3124	941
2	3126	555
2	3126	628
2	3127	203
2	3129	227
2	3129	731
2	3130	146
2	3130	296
2	3131	122
2	3131	712
2	3132	73
2	3132	918
2	3133	354
2	3136	261
2	3136	878
2	3137	407
2	3137	850
2	3138	307
2	3138	308
2	3138	418
2	3138	423
2	3138	675
2	3140	818
2	3141	45
2	3141	663
2	3143	719
2	3143	925
2	3144	939
2	3146	282
2	3147	369
2	3147	991
2	3148	231
2	3148	243
2	3148	301
2	3148	332
2	3148	422
2	3148	899
2	3149	41
2	3151	267
2	3151	466
2	3154	20
2	3154	356
2	3154	694
2	3156	66
2	3156	695
2	3157	507
2	3157	620
2	3157	691
2	3158	70
2	3162	781
2	3162	838
2	3163	64
2	3163	408
2	3163	581
2	3164	697
2	3164	930
2	3167	544
2	3168	358
2	3169	570
2	3170	845
2	3171	62
2	3172	212
2	3172	431
2	3172	488
2	3173	281
2	3174	204
2	3176	153
2	3178	138
2	3178	766
2	3178	801
2	3180	791
2	3181	340
2	3183	113
2	3183	130
2	3188	309
2	3190	553
2	3192	723
2	3192	885
2	3194	500
2	3194	614
2	3195	809
2	3196	662
2	3196	786
2	3197	42
2	3197	303
2	3198	143
2	3199	198
2	3200	152
2	3200	525
2	3201	638
2	3202	967
2	3203	652
2	3204	96
2	3205	372
2	3206	211
2	3207	184
2	3207	248
2	3208	395
2	3208	491
2	3209	683
2	3210	476
2	3212	669
2	3213	818
2	3214	87
2	3215	825
2	3216	941
2	3217	983
2	3219	104
2	3219	684
2	3219	729
2	3220	739
2	3221	257
2	3221	592
2	3223	191
2	3225	709
2	3225	859
2	3226	5
2	3228	733
2	3229	14
2	3229	249
2	3230	371
2	3231	377
2	3231	460
2	3232	470
2	3232	635
2	3234	619
2	3234	714
2	3235	382
2	3235	979
2	3236	929
2	3237	568
2	3238	362
2	3238	690
2	3238	754
2	3239	259
2	3239	492
2	3240	693
2	3241	315
2	3242	456
2	3245	337
2	3245	582
2	3246	24
2	3249	280
2	3249	713
2	3250	759
2	3255	168
2	3255	910
2	3258	432
2	3259	480
2	3259	807
2	3260	50
2	3260	673
2	3262	145
2	3265	6
2	3265	350
2	3265	583
2	3265	665
2	3266	577
2	3267	503
2	3267	624
2	3269	607
2	3271	222
2	3271	334
2	3272	23
2	3272	201
2	3272	584
2	3273	324
2	3274	578
2	3277	148
2	3279	4
2	3281	439
2	3284	610
2	3284	987
2	3285	552
2	3285	637
2	3286	566
2	3286	956
2	3287	336
2	3287	538
2	3288	289
2	3288	524
2	3289	311
2	3290	115
2	3291	788
2	3293	203
2	3295	413
2	3295	833
2	3297	173
2	3297	718
2	3297	720
2	3298	490
2	3298	527
2	3299	339
2	3300	301
2	3300	494
2	3302	215
2	3302	766
2	3303	770
2	3304	270
2	3305	940
2	3307	685
2	3312	242
2	3313	526
2	3313	550
2	3313	857
2	3314	785
2	3316	347
2	3318	405
2	3318	569
2	3319	960
2	3320	616
2	3323	853
2	3324	778
2	3325	79
2	3326	246
2	3327	65
2	3328	756
2	3331	11
2	3334	376
2	3334	428
2	3334	603
2	3335	995
2	3336	216
2	3336	645
2	3337	449
2	3337	716
2	3338	149
2	3338	544
2	3339	328
2	3339	875
2	3341	252
2	3342	262
2	3345	549
2	3346	338
2	3346	621
2	3346	692
2	3346	745
2	3347	496
2	3348	973
2	3349	40
2	3349	196
2	3350	49
2	3350	374
2	3350	782
2	3351	911
2	3353	298
2	3357	546
2	3359	489
2	3359	636
2	3359	796
2	3359	902
2	3361	383
2	3361	831
2	3362	462
2	3363	509
2	3365	75
2	3365	260
2	3365	302
2	3367	559
2	3367	608
2	3368	102
2	3368	678
2	3369	688
2	3370	360
2	3370	513
2	3371	682
2	3371	726
2	3371	733
2	3372	304
2	3373	320
2	3374	181
2	3374	613
2	3375	451
2	3375	823
2	3376	469
2	3377	256
2	3379	592
2	3380	278
2	3380	514
2	3381	522
2	3381	920
2	3384	90
2	3384	154
2	3385	596
2	3386	807
2	3387	470
2	3387	639
2	3388	389
2	3389	253
2	3390	55
2	3390	934
2	3392	384
2	3392	473
2	3393	228
2	3393	633
2	3393	850
2	3394	165
2	3396	71
2	3396	78
2	3397	235
2	3398	199
2	3398	393
2	3398	574
2	3398	931
2	3401	182
2	3402	103
2	3402	506
2	3402	923
2	3403	421
2	3404	219
2	3404	775
2	3404	789
2	3405	541
2	3406	431
2	3407	243
2	3407	572
2	3408	693
2	3408	705
2	3409	707
2	3410	104
2	3411	356
2	3411	618
2	3412	690
2	3412	883
2	3413	137
2	3416	177
2	3416	429
2	3418	209
2	3418	408
2	3419	474
2	3421	444
2	3423	533
2	3425	66
2	3428	443
2	3428	742
2	3431	423
2	3431	694
2	3432	995
2	3433	677
2	3434	218
2	3434	644
2	3439	573
2	3439	579
2	3439	615
2	3440	263
2	3442	283
2	3442	390
2	3442	424
2	3442	620
2	3442	764
2	3443	264
2	3443	363
2	3444	422
2	3444	475
2	3444	749
2	3446	561
2	3447	929
2	3448	664
2	3449	159
2	3449	589
2	3451	299
2	3455	801
2	3456	109
2	3457	536
2	3457	631
2	3457	680
2	3458	516
2	3460	240
2	3460	454
2	3460	495
2	3460	686
2	3461	583
2	3463	45
2	3463	82
2	3464	835
2	3468	710
2	3469	587
2	3469	928
2	3470	226
2	3471	825
2	3472	748
2	3474	794
2	3476	302
2	3476	461
2	3477	119
2	3478	232
2	3478	274
2	3479	420
2	3480	729
2	3483	464
2	3483	722
2	3483	732
2	3483	790
2	3484	114
2	3485	739
2	3485	850
2	3486	481
2	3486	701
2	3487	81
2	3487	211
2	3490	795
2	3491	966
2	3492	603
2	3492	767
2	3494	79
2	3494	400
2	3494	434
2	3494	743
2	3495	245
2	3495	753
2	3498	249
2	3498	630
2	3500	184
2	3500	760
2	3501	490
2	3502	22
2	3502	415
2	3502	455
2	3511	566
2	3512	416
2	3513	281
2	3515	47
2	3515	906
2	3517	191
2	3519	755
2	3520	602
2	3520	647
2	3521	213
2	3521	459
2	3521	888
2	3522	460
2	3523	657
2	3523	678
2	3525	34
2	3525	187
2	3525	382
2	3525	736
2	3526	255
2	3527	326
2	3529	352
2	3530	372
2	3533	244
2	3533	252
2	3533	362
2	3534	231
2	3535	284
2	3535	981
2	3536	467
2	3539	62
2	3539	303
2	3540	322
2	3541	175
2	3543	370
2	3544	582
2	3545	869
2	3550	371
2	3551	770
2	3552	60
2	3552	243
2	3552	328
2	3553	801
2	3553	908
2	3554	519
2	3555	465
2	3555	535
2	3556	517
2	3559	839
2	3561	99
2	3561	975
2	3562	551
2	3565	987
2	3566	136
2	3568	272
2	3569	742
2	3570	470
2	3570	670
2	3575	103
2	3576	201
2	3576	247
2	3578	275
2	3578	334
2	3579	30
2	3580	321
2	3580	834
2	3581	507
2	3581	793
2	3583	110
2	3583	220
2	3583	658
2	3584	16
2	3584	180
2	3585	44
2	3585	414
2	3585	892
2	3586	280
2	3587	293
2	3588	186
2	3588	672
2	3590	335
2	3590	846
2	3590	905
2	3591	491
2	3592	363
2	3593	151
2	3593	938
2	3594	304
2	3594	511
2	3594	558
2	3596	534
2	3596	623
2	3596	996
2	3598	117
2	3598	262
2	3599	150
2	3599	365
2	3601	724
2	3602	469
2	3603	576
2	3604	874
2	3605	135
2	3605	168
2	3607	48
2	3608	601
2	3609	320
2	3609	880
2	3611	285
2	3612	282
2	3613	259
2	3613	495
2	3614	189
2	3614	683
2	3615	5
2	3615	451
2	3616	312
2	3616	642
2	3617	636
2	3617	710
2	3618	638
2	3618	803
2	3620	68
2	3620	204
2	3621	289
2	3623	131
2	3624	564
2	3625	713
2	3627	50
2	3627	598
2	3629	509
2	3629	712
2	3630	32
2	3630	172
2	3630	499
2	3630	783
2	3632	343
2	3632	772
2	3634	763
2	3634	876
2	3635	759
2	3636	112
2	3637	787
2	3637	788
2	3637	951
2	3639	750
2	3640	39
2	3640	323
2	3641	288
2	3641	418
2	3642	43
2	3643	330
2	3645	27
2	3646	2
2	3646	185
2	3648	950
2	3649	140
2	3651	230
2	3653	18
2	3654	123
2	3654	337
2	3654	426
2	3656	514
2	3656	834
2	3657	707
2	3658	183
2	3658	554
2	3658	748
2	3659	38
2	3659	561
2	3660	893
2	3660	944
2	3661	208
2	3661	424
2	3661	614
2	3662	138
2	3662	203
2	3663	207
2	3664	286
2	3664	432
2	3665	528
2	3668	12
2	3668	820
2	3668	869
2	3669	15
2	3669	537
2	3669	697
2	3670	411
2	3670	963
2	3675	73
2	3675	352
2	3676	952
2	3677	276
2	3677	442
2	3677	578
2	3678	127
2	3678	439
2	3678	454
2	3680	711
2	3681	368
2	3683	914
2	3684	218
2	3684	253
2	3684	922
2	3686	156
2	3689	716
2	3690	765
2	3691	257
2	3693	476
2	3693	538
2	3695	464
2	3696	329
2	3696	984
2	3697	278
2	3697	958
2	3699	47
2	3699	786
2	3699	982
2	3701	250
2	3701	251
2	3701	852
2	3702	599
2	3703	405
2	3704	228
2	3704	485
2	3705	565
2	3705	822
2	3706	6
2	3706	40
2	3707	798
2	3708	961
2	3708	990
2	3709	757
2	3711	241
2	3711	539
2	3712	29
2	3712	796
2	3712	924
2	3713	979
2	3716	779
2	3717	433
2	3718	193
2	3718	664
2	3718	703
2	3718	895
2	3721	806
2	3721	960
2	3723	70
2	3724	704
2	3727	111
2	3730	224
2	3731	488
2	3734	67
2	3734	350
2	3734	510
2	3735	17
2	3735	849
2	3736	93
2	3736	141
2	3736	404
2	3737	21
2	3739	64
2	3739	97
2	3739	394
2	3739	534
2	3741	768
2	3742	742
2	3743	333
2	3744	222
2	3745	407
2	3745	968
2	3746	388
2	3749	900
2	3752	507
2	3755	661
2	3755	751
2	3756	665
2	3758	191
2	3758	321
2	3759	245
2	3759	844
2	3761	148
2	3762	610
2	3763	486
2	3764	419
2	3764	652
2	3764	694
2	3767	270
2	3767	881
2	3768	320
2	3769	623
2	3769	656
2	3771	495
2	3772	358
2	3773	61
2	3775	674
2	3776	299
2	3776	374
2	3776	425
2	3776	445
2	3776	550
2	3776	593
2	3776	616
2	3777	659
2	3777	824
2	3778	146
2	3778	346
2	3779	23
2	3781	160
2	3781	800
2	3782	351
2	3782	678
2	3783	83
2	3783	265
2	3783	745
2	3783	983
2	3784	174
2	3784	477
2	3784	560
2	3784	588
2	3785	263
2	3786	75
2	3786	92
2	3786	103
2	3786	233
2	3786	657
2	3788	416
2	3788	692
2	3789	219
2	3790	785
2	3790	931
2	3791	470
2	3791	713
2	3792	577
2	3794	341
2	3796	179
2	3799	122
2	3799	936
2	3800	996
2	3801	125
2	3801	533
2	3802	551
2	3803	167
2	3804	963
2	3807	690
2	3808	430
2	3808	576
2	3809	843
2	3811	618
2	3812	517
2	3815	261
2	3816	142
2	3817	302
2	3818	686
2	3819	417
2	3821	630
2	3822	423
2	3822	798
2	3824	19
2	3824	94
2	3824	603
2	3825	426
2	3825	801
2	3828	777
2	3829	297
2	3831	144
2	3831	180
2	3831	464
2	3832	307
2	3833	992
2	3834	216
2	3834	601
2	3834	879
2	3839	42
2	3839	395
2	3841	140
2	3841	412
2	3841	643
2	3842	66
2	3845	519
2	3846	331
2	3846	759
2	3847	468
2	3847	482
2	3847	584
2	3848	518
2	3849	863
2	3849	900
2	3850	716
2	3852	633
2	3853	15
2	3858	14
2	3861	975
2	3863	896
2	3864	613
2	3864	776
2	3866	145
2	3866	525
2	3867	458
2	3867	459
2	3869	669
2	3870	7
2	3870	699
2	3871	139
2	3871	792
2	3872	548
2	3874	439
2	3874	673
2	3876	715
2	3877	766
2	3878	497
2	3878	688
2	3878	802
2	3880	434
2	3881	976
2	3882	992
2	3883	381
2	3883	717
2	3883	775
2	3884	161
2	3884	605
2	3884	808
2	3885	384
2	3885	491
2	3885	695
2	3886	114
2	3886	532
2	3886	793
2	3887	811
2	3888	651
2	3889	13
2	3889	648
2	3890	1
2	3890	51
2	3890	202
2	3891	369
2	3891	655
2	3892	509
2	3893	18
2	3893	435
2	3895	116
2	3895	241
2	3895	348
2	3895	800
2	3895	932
2	3896	360
2	3896	773
2	3896	782
2	3897	355
2	3898	672
2	3900	96
2	3900	854
2	3901	209
2	3901	629
2	3901	744
2	3901	788
2	3902	2
2	3902	675
2	3903	44
2	3903	632
2	3903	641
2	3904	995
2	3905	706
2	3906	318
2	3907	87
2	3907	291
2	3909	182
2	3909	541
2	3910	292
2	3911	35
2	3911	310
2	3913	39
2	3914	637
2	3915	339
2	3917	175
2	3917	753
2	3919	124
2	3920	104
2	3920	569
2	3922	243
2	3922	816
2	3924	479
2	3925	6
2	3926	386
2	3926	769
2	3928	478
2	3928	635
2	3929	546
2	3930	472
2	3930	740
2	3932	5
2	3932	668
2	3935	410
2	3936	280
2	3936	700
2	3936	762
2	3937	206
2	3937	232
2	3937	349
2	3939	211
2	3940	515
2	3941	721
2	3942	387
2	3942	711
2	3943	79
2	3943	630
2	3946	102
2	3946	188
2	3946	450
2	3949	154
2	3949	750
2	3950	822
2	3950	994
2	3951	441
2	3953	55
2	3954	476
2	3955	407
2	3957	207
2	3957	474
2	3959	446
2	3961	560
2	3961	976
2	3962	288
2	3962	424
2	3964	248
2	3965	142
2	3966	23
2	3967	852
2	3968	311
2	3968	941
2	3969	110
2	3969	178
2	3969	943
2	3970	82
2	3970	172
2	3971	352
2	3972	285
2	3972	845
2	3976	393
2	3977	823
2	3978	696
2	3979	294
2	3981	460
2	3981	566
2	3983	665
2	3983	795
2	3988	213
2	3988	398
2	3988	718
2	3989	455
2	3989	855
2	3990	34
2	3994	545
2	3995	610
2	3998	91
2	3999	185
2	3999	831
2	4000	32
2	4000	767
2	4003	226
2	4003	516
2	4004	889
2	4005	645
2	4007	68
2	4009	404
2	4010	218
2	4010	369
2	4012	314
2	4012	555
2	4013	996
2	4014	269
2	4014	428
2	4015	817
2	4016	371
2	4017	105
2	4019	205
2	4020	594
2	4021	459
2	4021	563
2	4021	917
2	4022	691
2	4023	153
2	4024	408
2	4025	449
2	4025	574
2	4025	857
2	4025	992
2	4026	299
2	4027	313
2	4029	577
2	4029	584
2	4029	892
2	4030	25
2	4031	177
2	4031	192
2	4031	978
2	4032	657
2	4033	171
2	4033	377
2	4033	565
2	4034	495
2	4035	69
2	4035	488
2	4035	853
2	4036	867
2	4036	968
2	4037	152
2	4037	774
2	4039	236
2	4041	384
2	4041	469
2	4043	279
2	4045	219
2	4045	370
2	4045	392
2	4045	786
2	4046	618
2	4046	890
2	4047	363
2	4048	511
2	4049	78
2	4049	858
2	4050	321
2	4050	338
2	4052	901
2	4053	62
2	4053	646
2	4054	747
2	4055	941
2	4056	107
2	4056	128
2	4056	912
2	4057	274
2	4058	724
2	4059	697
2	4060	420
2	4060	638
2	4062	97
2	4062	748
2	4063	542
2	4063	575
2	4063	678
2	4063	780
2	4063	973
2	4066	257
2	4066	811
2	4067	37
2	4067	90
2	4067	787
2	4068	150
2	4068	217
2	4069	129
2	4069	337
2	4069	688
2	4069	861
2	4070	549
2	4073	195
2	4075	667
2	4075	815
2	4076	567
2	4078	885
2	4079	19
2	4079	681
2	4081	112
2	4081	798
2	4081	986
2	4083	73
2	4083	733
2	4084	41
2	4087	286
2	4087	917
2	4089	423
2	4090	140
2	4091	164
2	4093	130
2	4093	166
2	4093	752
2	4095	265
2	4096	539
2	4096	661
2	4096	865
2	4097	751
2	4098	93
2	4098	365
2	4099	324
2	4100	995
2	4101	260
2	4101	624
2	4105	117
2	4107	35
2	4107	101
2	4109	892
2	4109	961
2	4110	766
2	4110	951
2	4111	734
2	4111	999
2	4113	388
2	4113	507
2	4113	762
2	4114	149
2	4114	597
2	4115	332
2	4115	482
2	4116	550
2	4117	568
2	4117	705
2	4119	86
2	4120	436
2	4121	641
2	4121	755
2	4124	398
2	4124	529
2	4124	534
2	4124	822
2	4125	990
2	4126	395
2	4126	760
2	4127	33
2	4127	553
2	4129	303
2	4131	174
2	4131	228
2	4135	502
2	4135	717
2	4137	241
2	4138	231
2	4138	457
2	4139	39
2	4139	214
2	4139	764
2	4140	225
2	4141	385
2	4142	189
2	4142	608
2	4143	296
2	4143	607
2	4144	60
2	4144	248
2	4145	151
2	4146	202
2	4146	442
2	4147	725
2	4152	501
2	4152	605
2	4153	757
2	4154	187
2	4154	307
2	4155	703
2	4156	790
2	4159	551
2	4160	197
2	4162	159
2	4162	537
2	4163	153
2	4163	474
2	4163	485
2	4165	770
2	4166	738
2	4166	853
2	4166	855
2	4167	300
2	4168	62
2	4170	447
2	4170	889
2	4171	26
2	4171	80
2	4172	160
2	4173	65
2	4173	851
2	4176	145
2	4176	430
2	4177	273
2	4177	382
2	4177	453
2	4178	349
2	4178	629
2	4179	785
2	4180	254
2	4180	304
2	4182	824
2	4183	371
2	4184	441
2	4185	64
2	4185	416
2	4186	116
2	4187	99
2	4187	910
2	4187	947
2	4188	115
2	4188	298
2	4188	794
2	4189	649
2	4189	845
2	4190	639
2	4191	161
2	4191	535
2	4197	617
2	4198	405
2	4199	188
2	4199	811
2	4202	85
2	4202	506
2	4205	451
2	4205	631
2	4207	245
2	4207	355
2	4208	88
2	4208	139
2	4209	325
2	4210	471
2	4210	931
2	4212	397
2	4212	564
2	4213	370
2	4213	379
2	4214	530
2	4215	691
2	4217	63
2	4217	341
2	4217	590
2	4219	326
2	4219	544
2	4221	109
2	4221	572
2	4223	391
2	4223	623
2	4223	659
2	4224	328
2	4224	348
2	4226	566
2	4227	344
2	4227	380
2	4228	376
2	4229	695
2	4230	948
2	4231	119
2	4232	635
2	4232	891
2	4234	157
2	4234	426
2	4235	420
2	4237	384
2	4238	315
2	4238	750
2	4239	759
2	4240	720
2	4241	763
2	4242	322
2	4243	8
2	4244	251
2	4247	488
2	4248	472
2	4249	569
2	4250	158
2	4251	83
2	4251	181
2	4251	377
2	4253	98
2	4257	514
2	4259	230
2	4259	492
2	4260	799
2	4261	226
2	4262	351
2	4263	832
2	4263	901
2	4265	359
2	4265	662
2	4266	40
2	4267	672
2	4268	327
2	4269	123
2	4273	299
2	4273	729
2	4274	61
2	4274	269
2	4274	321
2	4275	163
2	4276	271
2	4276	913
2	4277	147
2	4277	265
2	4278	576
2	4279	55
2	4279	202
2	4280	894
2	4282	473
2	4283	805
2	4284	404
2	4284	879
2	4285	135
2	4285	171
2	4286	309
2	4287	383
2	4288	169
2	4289	571
2	4290	137
2	4293	38
2	4295	203
2	4295	869
2	4296	329
2	4296	422
2	4296	446
2	4297	737
2	4299	7
2	4299	415
2	4299	417
2	4300	419
2	4303	87
2	4303	931
2	4303	979
2	4305	57
2	4306	730
2	4307	277
2	4307	358
2	4308	259
2	4308	270
2	4308	916
2	4309	835
2	4310	812
2	4312	286
2	4317	719
2	4318	532
2	4318	567
2	4319	435
2	4322	395
2	4322	848
2	4323	336
2	4325	298
2	4326	94
2	4328	728
2	4329	517
2	4331	573
2	4331	611
2	4333	296
2	4334	37
2	4334	557
2	4334	562
2	4338	382
2	4340	164
2	4340	192
2	4340	824
2	4341	30
2	4343	73
2	4343	91
2	4345	495
2	4346	60
2	4346	766
2	4348	310
2	4348	429
2	4349	834
2	4350	350
2	4350	575
2	4351	239
2	4351	701
2	4352	505
2	4354	687
2	4354	994
2	4358	63
2	4358	307
2	4358	462
2	4359	86
2	4362	833
2	4363	394
2	4368	313
2	4368	796
2	4369	69
2	4370	432
2	4370	840
2	4371	745
2	4371	967
2	4374	363
2	4375	139
2	4376	175
2	4376	381
2	4378	16
2	4380	574
2	4381	9
2	4382	50
2	4382	199
2	4382	456
2	4382	644
2	4382	853
2	4383	201
2	4383	699
2	4383	747
2	4384	406
2	4385	819
2	4387	509
2	4390	34
2	4391	111
2	4392	248
2	4393	1
2	4394	474
2	4394	726
2	4394	814
2	4395	250
2	4395	625
2	4396	166
2	4396	758
2	4397	471
2	4399	190
2	4399	621
2	4400	156
2	4401	144
2	4401	964
2	4402	153
2	4402	303
2	4403	43
2	4403	168
2	4403	650
2	4404	302
2	4405	279
2	4405	545
2	4405	697
2	4405	898
2	4406	683
2	4409	266
2	4409	741
2	4410	87
2	4413	14
2	4414	676
2	4414	925
2	4415	561
2	4415	739
2	4417	461
2	4418	36
2	4418	364
2	4420	204
2	4420	345
2	4421	174
2	4421	443
2	4421	487
2	4422	140
2	4422	312
2	4422	504
2	4424	501
2	4424	563
2	4425	956
2	4426	475
2	4428	628
2	4430	965
2	4431	59
2	4431	167
2	4433	540
2	4436	757
2	4439	12
2	4439	452
2	4441	213
2	4443	287
2	4443	872
2	4444	602
2	4445	47
2	4448	93
2	4449	197
2	4449	655
2	4450	243
2	4450	390
2	4451	280
2	4451	580
2	4453	585
2	4454	33
2	4454	629
2	4455	101
2	4456	663
2	4456	666
2	4456	743
2	4458	746
2	4460	790
2	4460	991
2	4461	786
2	4465	282
2	4467	953
2	4468	32
2	4468	922
2	4469	118
2	4469	593
2	4470	6
2	4472	582
2	4474	238
2	4475	491
2	4477	354
2	4480	116
2	4482	548
2	4483	418
2	4483	723
2	4484	227
2	4484	503
2	4486	550
2	4488	601
2	4490	301
2	4490	734
2	4491	53
2	4491	74
2	4492	881
2	4493	328
2	4493	891
2	4494	398
2	4495	267
2	4495	804
2	4495	946
2	4497	885
2	4503	737
2	4506	641
2	4507	409
2	4508	321
2	4510	356
2	4511	394
2	4511	463
2	4511	668
2	4511	695
2	4512	730
2	4515	157
2	4517	253
2	4519	49
2	4519	705
2	4519	773
2	4520	109
2	4521	285
2	4521	692
2	4522	453
2	4522	829
2	4523	415
2	4523	603
2	4525	83
2	4526	429
2	4526	642
2	4528	126
2	4529	578
2	4529	673
2	4529	682
2	4530	700
2	4532	392
2	4532	633
2	4532	722
2	4533	170
2	4535	322
2	4538	711
2	4539	393
2	4539	426
2	4539	693
2	4540	221
2	4541	347
2	4544	214
2	4545	100
2	4546	375
2	4547	549
2	4547	618
2	4547	654
2	4549	294
2	4552	39
2	4552	382
2	4552	388
2	4553	146
2	4553	917
2	4554	864
2	4557	25
2	4557	84
2	4558	625
2	4560	263
2	4563	343
2	4563	370
2	4564	701
2	4565	523
2	4566	421
2	4569	2
2	4570	259
2	4570	402
2	4571	384
2	4572	125
2	4572	775
2	4572	878
2	4573	456
2	4575	277
2	4576	342
2	4577	80
2	4578	953
2	4581	365
2	4581	599
2	4582	298
2	4582	680
2	4582	887
2	4583	108
2	4583	577
2	4585	162
2	4585	646
2	4585	956
2	4586	98
2	4587	205
2	4587	206
2	4587	526
2	4587	648
2	4588	15
2	4588	364
2	4588	994
2	4589	761
2	4589	789
2	4590	40
2	4591	466
2	4592	624
2	4594	10
2	4594	571
2	4594	651
2	4595	223
2	4596	362
2	4596	449
2	4597	140
2	4598	4
2	4599	822
2	4600	302
2	4600	731
2	4602	236
2	4602	316
2	4602	422
2	4603	243
2	4606	525
2	4607	151
2	4607	299
2	4607	604
2	4607	728
2	4608	105
2	4608	753
2	4608	967
2	4609	160
2	4609	405
2	4610	297
2	4611	489
2	4613	800
2	4614	742
2	4615	938
2	4616	191
2	4616	961
2	4618	47
2	4618	215
2	4618	643
2	4619	378
2	4619	551
2	4620	750
2	4621	13
2	4621	532
2	4621	658
2	4621	980
2	4623	517
2	4624	119
2	4626	181
2	4628	225
2	4629	335
2	4629	536
2	4630	340
2	4631	42
2	4632	833
2	4633	165
2	4634	301
2	4634	428
2	4635	485
2	4635	826
2	4636	781
2	4637	639
2	4639	320
2	4639	820
2	4640	149
2	4642	626
2	4642	660
2	4643	255
2	4643	269
2	4644	292
2	4645	664
2	4645	763
2	4648	168
2	4648	535
2	4650	204
2	4651	88
2	4651	967
2	4652	186
2	4653	97
2	4655	102
2	4658	689
2	4659	121
2	4659	533
2	4661	346
2	4662	122
2	4662	461
2	4662	640
2	4662	661
2	4665	252
2	4665	583
2	4666	373
2	4668	75
2	4669	754
2	4670	708
2	4671	647
2	4672	33
2	4672	399
2	4672	670
2	4672	712
2	4673	46
2	4674	164
2	4674	359
2	4677	21
2	4677	545
2	4677	973
2	4678	197
2	4678	540
2	4679	457
2	4680	429
2	4681	570
2	4682	652
2	4683	912
2	4684	32
2	4684	951
2	4687	103
2	4688	101
2	4690	738
2	4690	741
2	4691	617
2	4692	296
2	4694	115
2	4694	716
2	4695	655
2	4696	326
2	4697	135
2	4697	523
2	4697	534
2	4698	774
2	4699	112
2	4701	85
2	4702	381
2	4703	227
2	4704	315
2	4704	679
2	4705	275
2	4707	199
2	4707	645
2	4708	732
2	4711	921
2	4712	642
2	4714	601
2	4715	827
2	4716	612
2	4716	903
2	4717	175
2	4717	778
2	4718	93
2	4718	671
2	4720	914
2	4720	953
2	4721	389
2	4721	977
2	4723	9
2	4723	395
2	4723	807
2	4724	620
2	4725	336
2	4728	307
2	4730	211
2	4730	942
2	4731	978
2	4735	426
2	4737	471
2	4737	552
2	4737	745
2	4739	641
2	4740	184
2	4740	424
2	4742	493
2	4743	438
2	4748	511
2	4748	554
2	4749	297
2	4750	669
2	4750	725
2	4753	163
2	4753	247
2	4754	147
2	4754	379
2	4754	507
2	4754	567
2	4755	285
2	4755	495
2	4755	556
2	4757	67
2	4757	387
2	4760	260
2	4761	95
2	4761	244
2	4762	502
2	4762	628
2	4763	413
2	4763	662
2	4763	728
2	4766	26
2	4771	375
2	4771	699
2	4772	362
2	4772	757
2	4774	132
2	4775	656
2	4776	167
2	4776	684
2	4777	526
2	4777	864
2	4778	34
2	4778	282
2	4779	824
2	4780	6
2	4781	136
2	4782	668
2	4783	357
2	4783	691
2	4783	722
2	4784	48
2	4784	177
2	4784	477
2	4786	289
2	4787	353
2	4787	805
2	4792	417
2	4792	541
2	4792	608
2	4792	616
2	4792	828
2	4795	236
2	4796	449
2	4798	528
2	4800	844
2	4800	887
2	4801	418
2	4801	820
2	4803	341
2	4804	547
2	4805	593
2	4806	20
2	4806	605
2	4809	176
2	4810	5
2	4811	914
2	4812	98
2	4812	700
2	4813	87
2	4814	861
2	4814	915
2	4815	145
2	4815	441
2	4815	585
2	4816	566
2	4817	216
2	4817	657
2	4818	233
2	4818	881
2	4819	61
2	4819	974
2	4820	355
2	4820	636
2	4820	769
2	4821	877
2	4822	748
2	4825	615
2	4827	749
2	4828	324
2	4829	278
2	4830	760
2	4831	821
2	4834	214
2	4835	751
2	4836	369
2	4837	4
2	4837	335
2	4839	169
2	4839	470
2	4839	676
2	4840	463
2	4840	498
2	4841	217
2	4841	314
2	4841	378
2	4841	422
2	4842	392
2	4843	347
2	4844	133
2	4844	603
2	4844	775
2	4845	15
2	4845	208
2	4845	283
2	4848	483
2	4848	873
2	4849	130
2	4849	456
2	4849	514
2	4850	817
2	4851	677
2	4852	522
2	4853	25
2	4853	170
2	4855	581
2	4855	726
2	4856	27
2	4857	368
2	4858	246
2	4859	99
2	4863	614
2	4863	772
2	4864	420
2	4864	445
2	4865	124
2	4869	651
2	4869	870
2	4870	51
2	4870	421
2	4870	550
2	4870	633
2	4872	440
2	4873	380
2	4874	408
2	4874	921
2	4875	73
2	4875	376
2	4876	42
2	4876	858
2	4877	681
2	4878	337
2	4878	544
2	4879	84
2	4881	503
2	4881	684
2	4882	670
2	4882	859
2	4883	346
2	4884	86
2	4887	693
2	4889	154
2	4889	935
2	4891	21
2	4891	349
2	4894	56
2	4895	171
2	4896	238
2	4896	554
2	4896	661
2	4897	19
2	4898	781
2	4899	637
2	4899	863
2	4902	350
2	4902	446
2	4903	506
2	4903	549
2	4903	671
2	4904	81
2	4905	189
2	4906	796
2	4907	129
2	4907	472
2	4907	624
2	4908	919
2	4909	96
2	4910	128
2	4910	950
2	4911	718
2	4911	965
2	4912	497
2	4917	934
2	4920	351
2	4921	403
2	4923	774
2	4927	63
2	4927	866
2	4928	10
2	4928	313
2	4929	206
2	4931	190
2	4931	611
2	4931	659
2	4932	373
2	4933	180
2	4935	53
2	4935	488
2	4936	517
2	4936	692
2	4938	458
2	4940	427
2	4942	138
2	4943	312
2	4943	570
2	4944	838
2	4946	601
2	4948	148
2	4948	262
2	4951	367
2	4951	724
2	4952	532
2	4952	646
2	4953	321
2	4953	889
2	4956	179
2	4956	823
2	4957	256
2	4957	744
2	4957	810
2	4958	490
2	4958	639
2	4959	117
2	4959	298
2	4959	851
2	4960	36
2	4961	655
2	4961	902
2	4962	787
2	4965	287
2	4965	354
2	4966	450
2	4967	307
2	4967	832
2	4968	468
2	4968	813
2	4969	625
2	4970	500
2	4971	165
2	4973	196
2	4973	304
2	4973	523
2	4974	434
2	4975	589
2	4976	103
2	4978	917
2	4980	824
2	4981	738
2	4983	662
2	4983	710
2	4985	432
2	4985	484
2	4987	195
2	4987	239
2	4987	454
2	4988	788
2	4988	992
2	4989	502
2	4991	54
2	4991	274
2	4995	106
2	4995	161
2	4995	172
2	4995	323
2	4995	420
2	4996	142
2	4996	498
2	4996	842
2	4997	221
2	4999	723
2	5000	579
