2	-1	0
2	1	221
2	1	305
2	1	591
2	2	741
2	2	878
2	5	24
2	5	549
2	6	183
2	6	424
2	6	787
2	7	771
2	7	918
2	8	109
2	8	638
2	9	430
2	12	765
2	13	668
2	13	876
2	15	403
2	15	427
2	15	462
2	15	987
2	16	39
2	16	792
2	18	303
2	18	453
2	20	273
2	20	421
2	21	718
2	23	782
2	23	937
2	26	241
2	26	321
2	28	118
2	28	362
2	28	509
2	28	862
2	29	132
2	29	472
2	29	650
2	30	102
2	31	663
2	31	849
2	32	292
2	32	992
2	33	645
2	34	858
2	35	219
2	35	486
2	36	360
2	36	376
2	36	737
2	37	744
2	39	640
2	41	297
2	42	203
2	42	529
2	43	172
2	45	498
2	45	621
2	48	298
2	48	873
2	49	674
2	50	284
2	51	734
2	52	282
2	53	437
2	53	629
2	54	73
2	55	491
2	56	217
2	57	443
2	58	634
2	59	534
2	60	293
2	61	60
2	61	536
2	67	258
2	69	58
2	69	418
2	71	301
2	71	976
2	73	230
2	73	670
2	74	387
2	75	182
2	77	693
2	78	521
2	78	669
2	85	338
2	86	194
2	86	346
2	88	177
2	88	543
2	89	656
2	90	721
2	90	848
2	92	652
2	93	484
2	93	558
2	94	336
2	95	34
2	95	392
2	99	401
2	99	592
2	101	609
2	102	136
2	102	322
2	104	252
2	104	799
2	105	289
2	107	261
2	108	137
2	109	492
2	109	527
2	109	578
2	111	325
2	111	802
2	112	170
2	112	415
2	114	195
2	118	6
2	119	589
2	120	75
2	120	702
2	121	845
2	124	352
2	124	815
2	125	612
2	125	754
2	126	697
2	127	128
2	127	519
2	128	781
2	129	756
2	132	500
2	134	69
2	134	947
2	138	413
2	141	26
2	141	344
2	144	488
2	144	506
2	145	236
2	146	348
2	146	769
2	148	96
2	148	386
2	148	940
2	149	231
2	149	489
2	149	606
2	150	520
2	151	514
2	151	671
2	152	237
2	152	317
2	152	329
2	152	736
2	153	135
2	153	286
2	154	77
2	157	405
2	158	18
2	158	581
2	159	256
2	160	725
2	161	207
2	161	556
2	163	201
2	164	268
2	165	458
2	166	624
2	167	845
2	169	247
2	170	23
2	171	145
2	171	747
2	171	870
2	173	179
2	174	64
2	174	238
2	174	404
2	175	32
2	175	713
2	176	391
2	178	855
2	179	435
2	179	981
2	180	442
2	180	800
2	182	632
2	183	37
2	188	10
2	190	689
2	194	267
2	194	468
2	194	619
2	194	644
2	195	827
2	195	933
2	197	22
2	201	57
2	201	351
2	201	477
2	202	834
2	203	440
2	203	856
2	204	582
2	205	733
2	206	123
2	207	141
2	207	431
2	208	40
2	209	561
2	211	328
2	212	701
2	213	882
2	214	45
2	214	987
2	215	654
2	216	564
2	218	430
2	219	367
2	220	549
2	220	658
2	220	772
2	220	811
2	222	420
2	223	210
2	223	813
2	224	660
2	225	631
2	226	199
2	226	471
2	226	819
2	227	55
2	227	134
2	227	242
2	228	319
2	229	290
2	229	594
2	230	773
2	231	615
2	231	691
2	233	251
2	233	418
2	233	898
2	235	309
2	235	584
2	235	614
2	235	648
2	235	710
2	236	531
2	237	636
2	238	484
2	238	540
2	238	945
2	238	981
2	239	185
2	239	346
2	240	723
2	243	726
2	243	919
2	243	963
2	245	871
2	246	92
2	246	192
2	247	62
2	249	194
2	249	918
2	250	330
2	250	760
2	251	181
2	252	419
2	252	708
2	252	721
2	252	724
2	254	29
2	254	104
2	254	246
2	255	296
2	256	80
2	257	177
2	259	358
2	260	737
2	261	407
2	263	640
2	264	278
2	264	466
2	264	552
2	264	553
2	266	133
2	266	303
2	266	900
2	268	534
2	272	315
2	272	354
2	272	479
2	273	148
2	273	833
2	274	244
2	274	776
2	275	381
2	275	642
2	275	1000
2	276	308
2	276	885
2	281	217
2	282	168
2	283	493
2	283	851
2	283	970
2	287	416
2	287	572
2	287	596
2	289	672
2	290	395
2	290	858
2	291	523
2	291	525
2	292	12
2	292	226
2	293	353
2	294	913
2	296	229
2	297	617
2	297	816
2	298	361
2	299	455
2	300	297
2	300	379
2	300	659
2	302	630
2	302	872
2	303	5
2	303	481
2	303	790
2	303	855
2	304	529
2	304	665
2	304	786
2	306	191
2	307	527
2	308	820
2	309	706
2	310	797
2	311	590
2	312	300
2	312	490
2	312	698
2	313	991
2	316	749
2	318	510
2	318	840
2	320	663
2	321	415
2	322	245
2	322	547
2	322	732
2	322	837
2	322	972
2	323	599
2	323	916
2	324	95
2	324	673
2	324	802
2	325	266
2	325	668
2	326	601
2	327	160
2	328	583
2	328	591
2	329	589
2	330	126
2	330	752
2	331	318
2	333	274
2	335	70
2	335	174
2	335	799
2	337	267
2	337	796
2	337	938
2	338	34
2	338	120
2	338	628
2	338	962
2	340	206
2	340	271
2	341	404
2	342	157
2	345	257
2	345	704
2	346	291
2	347	705
2	348	215
2	349	566
2	352	54
2	352	863
2	354	123
2	354	198
2	355	618
2	355	794
2	358	826
2	359	734
2	360	240
2	362	13
2	364	9
2	364	86
2	365	360
2	365	402
2	365	702
2	366	355
2	366	432
2	366	541
2	368	325
2	369	679
2	369	751
2	370	73
2	370	602
2	370	619
2	370	774
2	373	35
2	373	969
2	374	30
2	374	111
2	374	284
2	374	524
2	374	983
2	376	200
2	376	364
2	376	930
2	377	145
2	377	729
2	378	356
2	378	754
2	379	389
2	381	289
2	382	294
2	383	122
2	383	255
2	383	771
2	384	272
2	386	613
2	386	981
2	388	812
2	393	92
2	393	738
2	394	610
2	394	637
2	397	16
2	397	758
2	398	660
2	398	914
2	399	636
2	401	435
2	401	505
2	402	520
2	403	632
2	404	189
2	404	224
2	406	499
2	407	42
2	407	169
2	408	203
2	408	574
2	410	175
2	410	577
2	411	155
2	413	79
2	413	152
2	414	612
2	415	309
2	416	281
2	416	764
2	417	890
2	418	445
2	418	812
2	419	101
2	419	127
2	419	351
2	420	80
2	420	290
2	420	469
2	423	581
2	424	22
2	426	125
2	426	869
2	427	627
2	428	20
2	428	536
2	429	600
2	430	316
2	434	191
2	438	684
2	438	831
2	438	950
2	440	588
2	443	210
2	443	755
2	444	154
2	446	818
2	449	677
2	450	468
2	450	615
2	454	90
2	454	183
2	454	573
2	454	620
2	456	990
2	457	45
2	459	434
2	460	370
2	461	77
2	463	320
2	463	321
2	465	268
2	467	219
2	468	653
2	470	938
2	471	713
2	471	957
2	472	800
2	473	149
2	473	801
2	474	1
2	474	172
2	474	561
2	475	746
2	475	794
2	475	909
2	476	49
2	476	521
2	476	761
2	477	853
2	478	346
2	479	382
2	479	480
2	480	322
2	481	41
2	481	136
2	483	928
2	485	604
2	486	150
2	486	214
2	486	649
2	488	51
2	488	744
2	490	37
2	490	122
2	490	687
2	491	716
2	493	500
2	495	509
2	496	244
2	496	513
2	499	682
2	499	809
2	500	98
2	500	267
2	501	111
2	501	640
2	502	428
2	502	796
2	502	992
2	503	223
2	503	365
2	504	129
2	507	648
2	507	722
2	509	234
2	509	444
2	509	668
2	510	753
2	511	61
2	511	335
2	512	310
2	513	458
2	513	554
2	515	377
2	516	510
2	517	366
2	518	181
2	518	246
2	518	660
2	520	664
2	520	711
2	521	179
2	522	34
2	523	235
2	523	783
2	524	395
2	524	877
2	525	126
2	526	570
2	526	793
2	527	549
2	527	720
2	527	747
2	529	279
2	529	436
2	531	672
2	532	708
2	533	75
2	533	328
2	534	566
2	534	643
2	534	769
2	535	95
2	536	400
2	536	971
2	538	621
2	538	669
2	541	36
2	541	363
2	542	625
2	542	843
2	546	120
2	546	227
2	546	550
2	548	552
2	549	272
2	550	518
2	551	416
2	551	519
2	553	358
2	556	105
2	558	23
2	558	130
2	558	385
2	558	691
2	559	540
2	560	205
2	560	479
2	560	597
2	561	308
2	561	567
2	562	57
2	562	420
2	562	882
2	563	696
2	563	913
2	564	200
2	564	987
2	565	224
2	565	830
2	570	562
2	571	84
2	572	112
2	573	968
2	574	489
2	574	563
2	577	356
2	577	407
2	578	403
2	578	524
2	578	539
2	579	980
2	580	177
2	581	190
2	583	273
2	583	609
2	584	368
2	584	956
2	585	251
2	586	431
2	586	673
2	587	736
2	587	837
2	588	40
2	588	63
2	588	301
2	589	608
2	590	485
2	593	38
2	593	170
2	596	677
2	597	542
2	601	504
2	601	993
2	602	437
2	602	526
2	605	54
2	605	226
2	605	808
2	606	32
2	606	340
2	606	342
2	606	454
2	606	784
2	607	642
2	612	39
2	612	157
2	612	638
2	612	698
2	613	332
2	614	408
2	615	459
2	616	579
2	616	617
2	618	731
2	619	445
2	620	9
2	623	181
2	623	467
2	624	339
2	624	757
2	625	298
2	625	678
2	627	538
2	627	637
2	630	203
2	631	713
2	632	667
2	633	68
2	634	471
2	635	375
2	635	655
2	636	79
2	637	700
2	639	187
2	641	6
2	641	97
2	642	470
2	642	686
2	643	692
2	644	277
2	644	448
2	644	680
2	646	144
2	646	254
2	647	433
2	647	917
2	648	657
2	649	661
2	650	315
2	652	624
2	653	25
2	653	27
2	654	556
2	654	936
2	656	782
2	657	306
2	660	536
2	660	905
2	663	726
2	664	481
2	664	670
2	666	540
2	667	109
2	668	269
2	668	889
2	670	91
2	671	143
2	671	887
2	672	176
2	672	774
2	674	24
2	675	256
2	675	674
2	675	772
2	678	175
2	678	653
2	679	268
2	679	611
2	681	421
2	681	967
2	683	720
2	684	941
2	685	163
2	685	282
2	685	580
2	686	80
2	686	620
2	686	741
2	689	216
2	690	921
2	691	479
2	691	553
2	691	688
2	692	329
2	693	11
2	693	965
2	694	162
2	694	456
2	694	541
2	694	664
2	698	395
2	699	130
2	699	873
2	700	396
2	700	747
2	702	210
2	704	250
2	705	555
2	708	300
2	708	981
2	709	979
2	710	257
2	711	280
2	711	745
2	713	86
2	713	760
2	714	484
2	715	331
2	716	572
2	718	188
2	718	196
2	718	570
2	720	789
2	721	735
2	722	530
2	723	354
2	723	576
2	724	223
2	724	289
2	724	594
2	726	217
2	726	302
2	726	373
2	726	738
2	727	694
2	728	907
2	730	364
2	730	424
2	731	927
2	732	505
2	733	746
2	734	114
2	734	362
2	735	586
2	735	679
2	736	360
2	737	517
2	738	18
2	738	149
2	738	938
2	740	633
2	741	444
2	743	158
2	743	753
2	744	417
2	744	755
2	746	630
2	746	721
2	747	294
2	747	349
2	749	291
2	749	314
2	750	489
2	751	600
2	752	455
2	753	561
2	754	191
2	755	65
2	756	267
2	756	441
2	756	627
2	756	775
2	757	180
2	757	416
2	760	427
2	760	754
2	762	102
2	762	155
2	762	501
2	763	43
2	763	466
2	764	385
2	764	475
2	765	55
2	765	428
2	765	795
2	766	61
2	766	136
2	766	703
2	768	262
2	768	469
2	768	599
2	768	975
2	770	47
2	770	984
2	772	402
2	773	705
2	776	797
2	778	213
2	778	962
2	779	384
2	779	663
2	779	699
2	780	957
2	781	9
2	783	258
2	783	813
2	785	63
2	786	951
2	787	142
2	787	739
2	788	849
2	789	618
2	791	150
2	792	557
2	799	506
2	800	492
2	801	34
2	801	535
2	802	58
2	802	219
2	803	687
2	803	995
2	804	152
2	804	273
2	806	634
2	808	357
2	811	376
2	812	111
2	812	805
2	813	165
2	814	221
2	814	536
2	815	313
2	815	481
2	815	564
2	817	12
2	818	488
2	822	50
2	822	198
2	822	550
2	823	422
2	823	894
2	824	526
2	825	185
2	825	644
2	826	159
2	826	318
2	829	36
2	831	503
2	831	681
2	832	209
2	832	649
2	832	926
2	833	669
2	833	888
2	836	381
2	837	730
2	838	178
2	839	249
2	839	748
2	840	89
2	840	406
2	842	143
2	845	122
2	846	104
2	846	333
2	847	206
2	848	462
2	848	904
2	849	40
2	849	453
2	849	822
2	851	611
2	851	696
2	851	704
2	851	984
2	852	355
2	853	712
2	854	684
2	855	977
2	856	414
2	857	126
2	857	490
2	858	88
2	859	467
2	859	906
2	860	443
2	861	80
2	861	279
2	861	742
2	863	245
2	865	819
2	866	92
2	866	290
2	866	486
2	867	734
2	867	869
2	868	407
2	868	415
2	869	852
2	870	356
2	871	544
2	872	497
2	872	793
2	873	197
2	874	567
2	875	448
2	876	875
2	878	345
2	880	238
2	881	20
2	881	220
2	882	645
2	882	883
2	886	719
2	887	791
2	888	62
2	888	881
2	889	400
2	890	200
2	890	999
2	892	512
2	893	118
2	895	959
2	896	554
2	898	217
2	898	241
2	898	941
2	899	798
2	901	450
2	901	659
2	902	736
2	903	26
2	903	709
2	904	957
2	905	110
2	908	42
2	910	11
2	910	728
2	911	573
2	912	426
2	913	411
2	913	763
2	914	292
2	914	655
2	915	854
2	916	124
2	916	231
2	920	326
2	920	429
2	920	455
2	921	451
2	921	717
2	922	370
2	923	323
2	923	592
2	923	641
2	924	330
2	924	403
2	925	87
2	925	423
2	925	706
2	926	378
2	926	810
2	927	105
2	928	174
2	929	670
2	929	958
2	931	97
2	932	285
2	933	606
2	933	836
2	934	260
2	934	266
2	934	463
2	934	683
2	935	195
2	935	342
2	935	964
2	936	289
2	936	743
2	937	933
2	939	64
2	939	813
2	940	972
2	942	315
2	942	797
2	943	53
2	943	344
2	944	255
2	945	433
2	945	434
2	946	250
2	946	552
2	950	321
2	950	568
2	950	745
2	951	575
2	953	406
2	956	294
2	957	192
2	957	254
2	958	383
2	961	474
2	963	156
2	963	689
2	964	74
2	964	94
2	964	522
2	964	671
2	964	931
2	965	590
2	966	194
2	966	204
2	967	128
2	967	777
2	968	850
2	969	176
2	970	499
2	972	363
2	972	613
2	974	510
2	976	416
2	976	444
2	977	907
2	980	431
2	980	769
2	981	550
2	981	876
2	984	205
2	984	569
2	984	595
2	985	447
2	986	148
2	987	123
2	987	348
2	988	189
2	988	823
2	990	616
2	992	182
2	992	296
2	992	425
2	993	644
2	995	208
2	996	8
2	997	412
2	997	924
2	999	154
2	999	372
2	1000	435
